H11890
GateTime 10
GateNumber 0
SN 30430302
0 214180
1 214168
2 214024
3 214379
4 213864
5 214020
6 214618
7 214021
8 214040
9 214688
10 214197
11 214234
12 214142
13 213800
14 213724
15 214032
16 213893
17 214588
18 214056
19 214315
20 214476
21 213849
22 214327
23 214297
24 214454
25 214756
26 214021
27 213729
28 214167
29 214215
30 214587
31 214431
32 213978
33 213922
34 214718
35 214733
36 214561
37 214592
38 214416
39 214555
40 214046
41 214205
42 214119
43 214885
44 214561
45 214489
46 214236
47 214352
48 214268
49 214372
50 214356
51 214770
52 214309
53 214623
54 213916
55 214247
56 213903
57 214550
58 214090
59 214496
60 214131
61 214131
62 214480
63 213908
64 215053
65 214013
66 214520
67 214606
68 214762
69 215011
70 214609
71 214925
72 214927
73 214169
74 215065
75 214859
76 214771
77 215171
78 214826
79 214943
80 214387
81 215054
82 214640
83 214850
84 214793
85 214972
86 215643
87 215306
88 215335
89 215143
90 214719
91 214999
92 215453
93 215041
94 215333
95 215391
96 214714
97 215239
98 215388
99 215000
100 215215
101 215351
102 215095
103 215461
104 215062
105 215610
106 214998
107 214965
108 215553
109 215534
110 215524
111 215502
112 215554
113 215293
114 214918
115 215756
116 215442
117 215844
118 215503
119 215607
120 215562
121 215753
122 215609
123 216065
124 215334
125 215339
126 214977
127 216067
128 214990
129 215188
130 215859
131 215893
132 215326
133 215911
134 215218
135 215746
136 215801
137 215177
138 215276
139 215668
140 215008
141 215615
142 215657
143 215310
144 215237
145 215732
146 215100
147 214965
148 215498
149 215146
150 215772
151 215590
152 215232
153 215396
154 215111
155 215696
156 215540
157 215440
158 215891
159 215360
160 214862
161 215162
162 215287
163 215567
164 215406
165 215707
166 215055
167 215469
168 215018
169 215136
170 215157
171 214936
172 214960
173 215620
174 214783
175 215052
176 215812
177 215448
178 215131
179 215237
180 215436
181 215007
182 215248
183 215244
184 215916
185 215312
186 214865
187 215377
188 214945
189 214793
190 215146
191 215104
192 215231
193 215383
194 215109
195 215019
196 214894
197 214643
198 214878
199 214913
200 215226
201 214789
202 214208
203 214721
204 214724
205 214668
206 214517
207 215238
208 214934
209 214516
210 214960
211 214213
212 214594
213 214991
214 214624
215 214473
216 214937
217 214867
218 214931
219 214816
220 214546
221 215137
222 214452
223 215209
224 214511
225 214332
226 214306
227 214325
228 215087
229 214867
230 214968
231 214821
232 214641
233 214841
234 214697
235 214518
236 214096
237 214607
238 214587
239 214716
240 214776
241 214787
242 214195
243 214155
244 214758
245 214215
246 214586
247 214731
248 214547
249 214185
250 213729
251 214388
252 214425
253 214309
254 214191
255 214516
256 214313
257 214478
258 214835
259 214786
260 214376
261 214532
262 214080
263 214186
264 213791
265 214417
266 213779
267 214191
268 214271
269 214444
270 214099
271 214075
272 214480
273 213964
274 213762
275 214354
276 214081
277 214124
278 214044
279 214536
280 214143
281 213764
282 213717
283 214012
284 213844
285 214411
286 214227
287 214594
288 214602
289 213857
290 213902
291 214318
292 213825
293 213873
294 214189
295 213305
296 213381
297 214107
298 213699
299 213874
300 213892
301 213781
302 213537
303 213869
304 213706
305 214021
306 214198
307 213391
308 213867
309 214148
310 213680
311 213493
312 213661
313 214334
314 213969
315 213716
316 213549
317 213704
318 213610
319 214649
320 214026
321 213787
322 214078
323 213798
324 214049
325 213926
326 214143
327 213951
328 213779
329 214220
330 213131
331 213646
332 214032
333 214069
334 213546
335 213938
336 213537
337 214135
338 213365
339 213613
340 213491
341 213861
342 213693
343 213404
344 213819
345 213811
346 213452
347 213280
348 213768
349 213978
350 213549
351 213909
352 214132
353 213921
354 213894
355 214373
356 213492
357 213435
358 214173
359 213687
360 213777
361 214063
362 213300
363 213851
364 213506
365 213922
366 213362
367 213435
368 212925
369 213692
370 213454
371 213113
372 213294
373 213768
374 213816
375 212976
376 213529
377 213340
378 213722
379 213411
380 213880
381 212981
382 213168
383 213820
384 213324
385 213322
386 213629
387 213443
388 213480
389 213070
390 213263
391 213492
392 213772
393 213959
394 213737
395 213805
396 213455
397 213132
398 213468
399 213511
400 213159
401 213150
402 213422
403 213111
404 213185
405 213712
406 213274
407 213487
408 213702
409 213121
410 213347
411 213544
412 213173
413 213554
414 213389
415 212754
416 213491
417 213681
418 213290
419 213146
420 213301
421 213183
422 212741
423 212862
424 212718
425 212940
426 212634
427 213171
428 213053
429 212798
430 213173
431 212837
432 212577
433 212843
434 212798
435 212297
436 212306
437 212676
438 212857
439 212326
440 212595
441 212627
442 212748
443 212789
444 212596
445 212591
446 212553
447 212344
448 212255
449 212391
450 212034
451 212817
452 212239
453 212324
454 212430
455 212404
456 212168
457 212230
458 212771
459 212004
460 212285
461 212545
462 212714
463 212254
464 211810
465 212447
466 212180
467 212785
468 211965
469 212297
470 212545
471 212229
472 212587
473 212638
474 213250
475 212154
476 213024
477 212865
478 212643
479 212367
480 212642
481 212667
482 212533
483 212720
484 212572
485 212938
486 212717
487 212595
488 212977
489 212434
490 212880
491 212932
492 212602
493 212676
494 212653
495 212437
496 212434
497 212875
498 212784
499 212929
500 212782
501 212636
502 213107
503 213002
504 212513
505 212795
506 212516
507 212298
508 212877
509 212424
510 212603
511 212311
512 212293
513 212375
514 212183
515 212700
516 212505
517 212618
518 213117
519 212432
520 213072
521 212287
522 213233
523 212550
524 212515
525 212089
526 212997
527 212542
528 212443
529 212553
530 212921
531 213125
532 212980
533 212622
534 212587
535 212263
536 212884
537 213159
538 213225
539 212723
540 212851
541 212912
542 212352
543 212649
544 212959
545 212956
546 213020
547 212876
548 212927
549 213111
550 213318
551 213164
552 213137
553 213010
554 213703
555 212997
556 213129
557 212490
558 213140
559 213276
560 212584
561 213161
562 212992
563 213431
564 212665
565 212999
566 213216
567 213644
568 213148
569 213077
570 213142
571 213144
572 213359
573 213220
574 213106
575 213147
576 213717
577 214019
578 213330
579 213857
580 213687
581 213586
582 213185
583 213378
584 213567
585 213543
586 213510
587 213164
588 213585
589 213286
590 213228
591 213690
592 213667
593 213501
594 214072
595 213477
596 213322
597 213048
598 213353
599 213790
600 213754
601 213788
602 214006
603 214161
604 213861
605 213968
606 213627
607 214002
608 213352
609 213699
610 213804
611 213794
612 213497
613 214041
614 214245
615 213812
616 213718
617 213751
618 213339
619 213869
620 213420
621 213936
622 213711
623 213638
624 213611
625 213616
626 213440
627 214050
628 214016
629 213615
630 213687
631 213596
632 213948
633 213501
634 213871
635 213708
636 213655
637 213866
638 213975
639 213863
640 213640
641 214369
642 213433
643 213803
644 214373
645 214039
646 214637
647 214435
648 213926
649 214211
650 214313
651 214552
652 214092
653 213896
654 214251
655 214182
656 214437
657 214959
658 214767
659 214702
660 213993
661 214337
662 214364
663 214130
664 214586
665 214295
666 214513
667 214380
668 214904
669 214153
670 214564
671 214437
672 214589
673 214745
674 214101
675 214549
676 214610
677 214787
678 214993
679 215026
680 214724
681 215043
682 214960
683 215197
684 215258
685 215269
686 215016
687 215077
688 215011
689 215083
690 215095
691 214915
692 215118
693 214690
694 215007
695 215137
696 215045
697 214797
698 214835
699 214609
700 214465
701 214551
702 214649
703 214874
704 214482
705 214859
706 215167
707 214852
708 215060
709 215026
710 215020
711 215117
712 215028
713 214934
714 215153
715 214697
716 214995
717 215122
718 215401
719 214907
720 215189
721 215334
722 215307
723 215108
724 215426
725 214960
726 214924
727 215568
728 215010
729 215330
730 215368
731 215350
732 215602
733 215640
734 215416
735 215341
736 215271
737 215196
738 215653
739 215508
740 215364
741 215582
742 215475
743 215040
744 215111
745 215212
746 214937
747 215627
748 215885
749 215921
750 215673
751 215257
752 215507
753 215832
754 215583
755 215573
756 215399
757 215450
758 215363
759 215292
760 216012
761 215408
762 215289
763 215233
764 215436
765 216506
766 215965
767 215507
768 215548
769 215480
770 215580
771 215857
772 215744
773 215545
774 215522
775 215489
776 216010
777 215978
778 215953
779 215455
780 215245
781 215897
782 216030
783 216204
784 215935
785 215755
786 215741
787 216278
788 216601
789 215902
790 215803
791 215961
792 216350
793 216429
794 216089
795 216702
796 216512
797 216221
798 215562
799 216028
800 216152
801 216219
802 215794
803 216442
804 216655
805 215984
806 216167
807 216586
808 216067
809 216759
810 216738
811 216459
812 216636
813 216938
814 216664
815 216631
816 217007
817 216615
818 217143
819 216587
820 216494
821 216799
822 216733
823 216886
824 217058
825 216682
826 217174
827 216736
828 216945
829 216717
830 216683
831 216728
832 216749
833 217140
834 216814
835 216544
836 216626
837 216634
838 216932
839 216760
840 217131
841 217493
842 217323
843 216947
844 216927
845 216848
846 217364
847 217140
848 217061
849 217461
850 217233
851 216697
852 216941
853 217323
854 217033
855 217289
856 217300
857 217301
858 216752
859 217143
860 217341
861 217245
862 217066
863 217297
864 217136
865 217536
866 217921
867 217337
868 217587
869 217218
870 217446
871 217037
872 217298
873 217477
874 217699
875 217355
876 217089
877 217660
878 216930
879 217506
880 217371
881 217300
882 217263
883 217356
884 217327
885 217657
886 217489
887 217218
888 217299
889 218007
890 217582
891 217552
892 217445
893 217779
894 217764
895 217780
896 218021
897 218155
898 217459
899 217635
900 217882
901 218173
902 217687
903 217688
904 217587
905 217750
906 217702
907 217950
908 217813
909 218539
910 217808
911 218123
912 217397
913 217426
914 217788
915 217663
916 218028
917 218102
918 218629
919 218063
920 218497
921 217434
922 217993
923 218131
924 217986
925 218413
926 218492
927 218101
928 217886
929 217604
930 218608
931 218081
932 218115
933 217953
934 218474
935 217922
936 217977
937 218128
938 218203
939 218119
940 218005
941 218070
942 218360
943 218645
944 218359
945 218196
946 218381
947 217675
948 217697
949 217969
950 218239
951 218008
952 218144
953 218482
954 218330
955 218670
956 218358
957 218535
958 218484
959 218490
960 218776
961 218126
962 218238
963 218345
964 218446
965 218221
966 218293
967 218535
968 218681
969 218382
970 218813
971 218335
972 218483
973 218054
974 218870
975 218624
976 218521
977 218736
978 218841
979 217725
980 218406
981 218976
982 218497
983 218919
984 218438
985 218421
986 218325
987 218724
988 218696
989 218235
990 218668
991 218342
992 218632
993 218309
994 218399
995 218186
996 218255
997 218264
998 218642
999 218222
1000 218476
1001 218496
1002 218499
1003 218058
1004 218596
1005 218285
1006 218445
1007 218432
1008 218606
1009 218330
1010 218326
1011 218576
1012 218362
1013 218270
1014 218586
1015 218421
1016 219304
1017 218717
1018 218441
1019 218681
1020 218987
1021 218536
1022 219722
1023 219031
1024 218695
1025 219294
1026 219186
1027 219245
1028 219268
1029 218791
1030 219486
1031 219407
1032 219257
1033 219298
1034 219290
1035 219519
1036 219422
1037 219056
1038 219344
1039 218901
1040 219504
1041 219050
1042 219263
1043 219416
1044 219318
1045 219128
1046 219113
1047 218666
1048 219190
1049 219121
1050 218410
1051 219373
1052 218748
1053 219293
1054 219056
1055 218805
1056 219174
1057 219056
1058 218488
1059 219137
1060 219253
1061 218945
1062 219201
1063 219283
1064 219252
1065 218640
1066 218734
1067 219346
1068 219008
1069 218732
1070 219211
1071 218741
1072 218761
1073 218634
1074 219148
1075 218903
1076 218918
1077 219199
1078 219354
1079 218913
1080 218993
1081 219529
1082 218724
1083 219235
1084 219113
1085 218602
1086 218159
1087 218456
1088 219010
1089 218350
1090 218372
1091 218512
1092 218615
1093 219299
1094 218775
1095 218947
1096 219233
1097 219080
1098 219201
1099 219139
1100 219035
1101 218540
1102 219290
1103 218882
1104 218663
1105 219326
1106 219146
1107 218642
1108 218836
1109 218888
1110 218831
1111 219168
1112 219009
1113 218983
1114 219010
1115 218883
1116 219032
1117 218861
1118 218951
1119 218637
1120 218834
1121 218892
1122 219007
1123 219221
1124 218952
1125 219176
1126 219081
1127 219365
1128 218789
1129 219100
1130 218938
1131 219180
1132 219354
1133 219055
1134 218934
1135 218816
1136 218214
1137 218731
1138 218721
1139 218954
1140 218848
1141 219018
1142 218975
1143 218701
1144 219021
1145 219277
1146 218725
1147 218776
1148 218692
1149 219398
1150 218621
1151 218860
1152 219450
1153 218774
1154 218842
1155 217939
1156 218273
1157 218384
1158 218372
1159 218539
1160 218624
1161 218503
1162 218247
1163 218617
1164 218837
1165 218060
1166 217960
1167 218058
1168 217750
1169 218313
1170 218409
1171 218515
1172 217975
1173 217943
1174 218141
1175 218870
1176 218009
1177 218369
1178 218188
1179 218344
1180 218165
1181 218335
1182 217535
1183 217866
1184 217487
1185 218464
1186 218111
1187 218438
1188 218094
1189 218594
1190 217601
1191 217674
1192 217899
1193 217720
1194 217484
1195 218345
1196 218083
1197 217896
1198 218066
1199 217917
1200 217680
1201 217724
1202 218271
1203 217660
1204 217810
1205 218099
1206 218277
1207 217812
1208 218250
1209 218047
1210 218361
1211 218057
1212 218151
1213 217880
1214 218173
1215 217862
1216 217905
1217 217407
1218 218129
1219 218041
1220 217571
1221 218099
1222 218188
1223 218249
1224 217890
1225 217980
1226 217553
1227 217867
1228 217617
1229 217298
1230 217853
1231 217247
1232 217376
1233 218167
1234 217808
1235 217453
1236 217451
1237 217201
1238 217362
1239 217957
1240 217569
1241 217201
1242 217151
1243 217213
1244 218030
1245 217139
1246 217511
1247 217461
1248 217293
1249 217589
1250 217605
1251 217650
1252 217404
1253 217535
1254 217196
1255 217736
1256 217917
1257 217618
1258 217809
1259 217561
1260 217598
1261 217037
1262 217898
1263 217733
1264 217272
1265 217469
1266 217222
1267 217187
1268 217248
1269 217344
1270 216901
1271 217050
1272 216921
1273 216655
1274 217039
1275 217179
1276 216930
1277 216965
1278 217241
1279 217127
1280 217227
1281 216726
1282 217111
1283 216203
1284 216946
1285 216720
1286 216784
1287 217211
1288 217248
1289 216940
1290 216781
1291 216782
1292 216869
1293 216718
1294 217221
1295 216829
1296 217322
1297 217543
1298 216437
1299 216767
1300 217141
1301 216701
1302 217818
1303 217221
1304 217335
1305 216865
1306 216757
1307 217256
1308 216649
1309 216950
1310 216838
1311 216714
1312 216898
1313 217037
1314 216737
1315 216926
1316 217016
1317 216535
1318 216760
1319 217114
1320 216619
1321 216782
1322 216540
1323 216728
1324 217202
1325 216853
1326 217095
1327 216975
1328 217397
1329 216703
1330 216603
1331 216891
1332 216870
1333 216543
1334 216955
1335 216592
1336 216754
1337 216815
1338 216586
1339 216589
1340 217010
1341 216234
1342 217078
1343 217295
1344 217148
1345 216671
1346 217164
1347 217197
1348 216767
1349 217087
1350 217324
1351 216933
1352 217086
1353 217349
1354 217149
1355 216782
1356 217594
1357 217130
1358 217417
1359 216916
1360 216716
1361 216694
1362 217422
1363 216762
1364 217004
1365 216828
1366 217042
1367 216983
1368 216255
1369 216939
1370 216795
1371 217021
1372 216347
1373 216603
1374 216930
1375 216793
1376 216375
1377 216999
1378 216570
1379 216888
1380 216595
1381 216909
1382 216521
1383 216507
1384 216517
1385 216618
1386 216725
1387 216725
1388 216422
1389 216405
1390 216533
1391 216523
1392 217166
1393 216619
1394 216710
1395 216543
1396 216186
1397 216581
1398 216781
1399 216680
1400 216854
1401 216939
1402 216767
1403 216576
1404 216770
1405 216356
1406 216798
1407 216755
1408 216529
1409 215905
1410 216344
1411 216561
1412 216745
1413 216487
1414 216649
1415 216143
1416 216353
1417 216215
1418 215934
1419 216447
1420 216564
1421 216382
1422 216020
1423 216016
1424 216461
1425 216168
1426 216641
1427 215862
1428 215777
1429 215825
1430 216045
1431 216261
1432 216365
1433 216128
1434 215844
1435 216416
1436 216082
1437 216188
1438 215910
1439 215987
1440 215830
1441 215854
1442 216203
1443 216001
1444 216059
1445 215343
1446 215859
1447 215529
1448 215553
1449 215879
1450 215729
1451 215482
1452 215040
1453 215339
1454 215984
1455 215067
1456 215909
1457 215861
1458 214873
1459 215928
1460 215868
1461 215286
1462 215087
1463 215999
1464 215536
1465 215315
1466 215479
1467 215506
1468 215181
1469 215607
1470 215368
1471 215564
1472 215844
1473 215064
1474 215475
1475 214771
1476 215188
1477 215090
1478 215445
1479 214976
1480 214840
1481 214845
1482 215303
1483 215464
1484 215337
1485 214819
1486 214832
1487 215699
1488 215042
1489 215359
1490 215609
1491 214910
1492 215531
1493 214981
1494 214495
1495 215302
1496 215210
1497 215188
1498 214962
1499 215114
1500 215081
1501 215770
1502 215302
1503 214740
1504 215209
1505 214893
1506 214970
1507 214338
1508 215321
1509 214596
1510 214605
1511 214426
1512 215179
1513 214452
1514 215016
1515 214685
1516 215236
1517 214262
1518 214609
1519 215352
1520 214847
1521 214833
1522 215706
1523 215059
1524 214848
1525 215207
1526 215092
1527 214545
1528 215010
1529 214808
1530 215020
1531 214528
1532 214862
1533 214734
1534 214250
1535 214650
1536 214598
1537 214567
1538 214770
1539 214980
1540 214714
1541 214129
1542 214524
1543 214940
1544 214483
1545 214369
1546 214304
1547 214121
1548 214374
1549 214613
1550 214411
1551 215060
1552 214168
1553 214477
1554 214181
1555 214860
1556 214321
1557 214376
1558 214178
1559 213952
1560 214617
1561 214558
1562 214420
1563 214379
1564 213927
1565 213959
1566 213865
1567 213952
1568 214170
1569 214385
1570 214404
1571 214297
1572 213925
1573 213879
1574 214241
1575 214076
1576 213693
1577 214219
1578 214288
1579 213860
1580 214014
1581 214013
1582 214074
1583 213985
1584 213878
1585 214351
1586 214242
1587 214175
1588 213824
1589 213688
1590 213648
1591 213842
1592 214051
1593 214126
1594 214386
1595 214241
1596 214299
1597 214031
1598 213899
1599 213890
1600 214069
1601 214260
1602 213895
1603 213827
1604 214133
1605 214190
1606 214193
1607 214475
1608 214191
1609 213805
1610 214151
1611 213533
1612 214017
1613 214183
1614 214244
1615 213560
1616 213504
1617 214142
1618 213437
1619 213639
1620 213810
1621 214096
1622 214008
1623 213766
1624 213962
1625 214103
1626 213523
1627 213641
1628 213685
1629 214276
1630 214801
1631 214459
1632 214305
1633 214037
1634 214037
1635 213928
1636 213722
1637 214627
1638 213932
1639 214020
1640 213700
1641 214225
1642 214533
1643 214157
1644 214497
1645 214013
1646 214552
1647 214273
1648 214219
1649 214595
1650 213950
1651 214100
1652 214461
1653 214313
1654 214834
1655 214594
1656 214589
1657 214519
1658 214702
1659 214351
1660 214603
1661 214766
1662 214514
1663 214640
1664 214306
1665 214081
1666 214451
1667 214154
1668 214693
1669 214400
1670 214540
1671 214961
1672 215004
1673 215072
1674 214982
1675 214936
1676 214977
1677 214717
1678 214965
1679 215053
1680 214803
1681 215159
1682 214784
1683 215432
1684 214554
1685 214910
1686 214635
1687 214591
1688 214680
1689 214768
1690 214468
1691 214543
1692 214886
1693 214567
1694 214808
1695 214803
1696 214687
1697 214961
1698 215112
1699 214926
1700 214667
1701 214656
1702 214802
1703 214329
1704 214989
1705 214953
1706 215055
1707 215023
1708 214369
1709 214974
1710 215022
1711 214845
1712 215022
1713 214958
1714 214997
1715 214524
1716 215152
1717 214839
1718 214873
1719 214817
1720 214935
1721 214569
1722 214764
1723 214475
1724 214686
1725 214478
1726 215012
1727 214652
1728 214848
1729 215060
1730 215009
1731 215036
1732 215317
1733 214066
1734 214793
1735 215065
1736 214909
1737 215104
1738 214720
1739 215382
1740 214930
1741 215366
1742 214762
1743 215233
1744 215010
1745 215557
1746 214856
1747 215047
1748 215398
1749 214809
1750 214984
1751 214572
1752 215151
1753 215321
1754 214991
1755 215459
1756 215267
1757 215423
1758 214649
1759 215547
1760 215712
1761 214673
1762 215067
1763 214845
1764 215278
1765 215184
1766 214997
1767 215141
1768 214917
1769 215237
1770 214925
1771 215217
1772 215214
1773 215443
1774 214957
1775 215771
1776 214707
1777 215196
1778 214969
1779 215182
1780 215390
1781 214856
1782 215139
1783 215194
1784 215423
1785 215228
1786 215120
1787 215531
1788 215016
1789 215591
1790 215230
1791 215326
1792 215686
1793 215683
1794 215589
1795 215440
1796 215592
1797 215548
1798 215148
1799 215367
1800 215522
1801 215090
1802 215447
1803 216077
1804 215235
1805 215782
1806 215846
1807 215847
1808 215667
1809 215928
1810 215522
1811 215763
1812 215956
1813 216102
1814 216149
1815 216330
1816 216042
1817 215842
1818 215717
1819 216074
1820 215679
1821 216424
1822 215625
1823 216053
1824 216014
1825 216032
1826 216049
1827 216146
1828 215680
1829 215845
1830 215734
1831 215876
1832 215785
1833 216025
1834 215969
1835 215889
1836 215891
1837 216149
1838 215673
1839 216293
1840 215670
1841 216163
1842 216242
1843 215916
1844 215979
1845 215709
1846 215929
1847 216052
1848 215590
1849 215914
1850 216361
1851 215970
1852 216439
1853 216562
1854 216485
1855 216065
1856 216468
1857 216243
1858 216037
1859 216315
1860 216070
1861 216650
1862 216595
1863 216518
1864 216293
1865 215990
1866 216507
1867 216375
1868 216683
1869 216744
1870 216573
1871 216197
1872 216209
1873 216467
1874 217098
1875 216620
1876 216904
1877 216543
1878 216577
1879 215831
1880 216760
1881 216765
1882 216534
1883 216048
1884 216555
1885 216967
1886 216178
1887 216343
1888 216826
1889 216848
1890 216642
1891 216005
1892 216300
1893 216874
1894 217063
1895 217347
1896 216174
1897 216722
1898 216421
1899 216329
1900 216750
1901 216276
1902 216177
1903 216635
1904 216571
1905 216265
1906 216704
1907 216850
1908 215976
1909 216392
1910 216791
1911 217121
1912 217179
1913 216775
1914 216237
1915 216781
1916 217389
1917 216767
1918 216759
1919 216433
1920 216223
1921 216653
1922 216740
1923 216413
1924 216421
1925 216327
1926 216501
1927 216631
1928 217293
1929 216775
1930 216981
1931 216317
1932 216620
1933 216717
1934 216616
1935 216852
1936 216984
1937 216923
1938 216576
1939 216518
1940 216709
1941 216984
1942 216692
1943 216605
1944 216882
1945 216896
1946 216385
1947 216920
1948 216802
1949 216543
1950 216859
1951 216901
1952 216663
1953 217118
1954 216866
1955 216965
1956 216947
1957 217021
1958 216448
1959 216856
1960 216938
1961 216537
1962 216781
1963 217279
1964 217168
1965 216648
1966 216527
1967 216418
1968 216861
1969 217136
1970 216916
1971 217326
1972 216755
1973 216615
1974 217129
1975 217487
1976 217548
1977 217186
1978 217035
1979 216988
1980 217313
1981 217105
1982 217243
1983 217078
1984 217348
1985 216925
1986 217725
1987 217073
1988 217440
1989 216896
1990 217162
1991 217715
1992 217317
1993 216917
1994 217660
1995 217191
1996 217705
1997 217763
1998 217501
1999 217928
2000 217535
2001 218095
2002 217405
2003 217069
2004 217812
2005 217883
2006 217867
2007 217357
2008 218064
2009 217804
2010 217963
2011 217801
2012 217617
2013 217286
2014 217626
2015 217182
2016 217898
2017 217804
2018 217807
2019 217783
2020 218110
2021 218095
2022 217856
2023 217632
2024 217827
2025 217501
2026 218023
2027 218032
2028 217998
2029 217782
2030 218019
2031 217843
2032 217816
2033 218286
2034 217677
2035 218034
2036 217420
2037 218454
2038 217955
2039 217708
2040 218017
2041 218065
2042 217806
2043 218063
2044 217961
2045 218074
2046 218140
2047 218033
2048 217862
2049 218208
2050 217830
2051 218573
2052 218374
2053 218126
2054 218064
2055 218219
2056 218066
2057 218130
2058 218524
2059 217947
2060 218222
2061 218006
2062 217987
2063 218477
2064 218357
2065 217613
2066 218523
2067 218285
2068 218358
2069 217608
2070 218531
2071 217874
2072 217909
2073 217771
2074 218126
2075 218240
2076 218057
2077 218581
2078 217998
2079 217948
2080 218251
2081 218320
2082 218143
2083 218142
2084 218841
2085 218070
2086 218681
2087 218787
2088 218285
2089 218484
2090 218742
2091 218073
2092 218562
2093 218608
2094 218466
2095 218278
2096 218257
2097 218703
2098 218200
2099 218556
2100 218824
2101 218626
2102 218583
2103 218396
2104 218800
2105 219031
2106 218939
2107 218511
2108 218539
2109 218913
2110 219140
2111 219125
2112 219232
2113 219487
2114 219497
2115 218902
2116 218964
2117 218904
2118 218952
2119 219026
2120 218939
2121 218883
2122 218599
2123 219009
2124 219070
2125 219604
2126 219206
2127 218750
2128 218728
2129 218470
2130 219140
2131 218937
2132 219052
2133 218320
2134 218636
2135 218766
2136 219346
2137 218761
2138 218393
2139 218505
2140 219096
2141 218347
2142 218612
2143 218919
2144 218630
2145 218619
2146 218815
2147 219044
2148 218578
2149 218895
2150 218835
2151 218699
2152 218274
2153 219292
2154 219075
2155 218686
2156 218789
2157 218705
2158 219046
2159 218836
2160 218875
2161 219205
2162 218838
2163 219034
2164 218667
2165 218851
2166 218564
2167 218946
2168 218830
2169 218239
2170 218494
2171 218578
2172 218277
2173 218983
2174 218987
2175 218526
2176 218511
2177 219035
2178 218717
2179 219087
2180 218785
2181 218324
2182 218866
2183 218460
2184 218524
2185 218619
2186 218348
2187 218465
2188 218776
2189 218319
2190 218554
2191 218579
2192 218021
2193 218549
2194 218634
2195 218381
2196 218275
2197 218149
2198 218503
2199 218306
2200 218647
2201 218574
2202 218218
2203 218463
2204 218582
2205 218783
2206 218895
2207 218657
2208 218185
2209 218431
2210 218086
2211 218142
2212 218093
2213 218467
2214 217898
2215 219045
2216 218390
2217 218698
2218 218801
2219 217969
2220 218734
2221 218454
2222 218679
2223 218629
2224 218239
2225 218844
2226 218851
2227 218932
2228 218156
2229 218576
2230 218931
2231 219175
2232 218605
2233 218052
2234 218443
2235 218614
2236 218088
2237 218784
2238 218400
2239 218498
2240 218644
2241 218634
2242 218709
2243 218303
2244 218260
2245 219521
2246 218705
2247 218425
2248 218177
2249 218831
2250 218647
2251 218377
2252 218201
2253 218672
2254 218656
2255 218706
2256 218348
2257 218614
2258 218864
2259 218087
2260 218127
2261 218347
2262 218539
2263 218666
2264 218405
2265 218923
2266 218646
2267 218768
2268 219023
2269 218792
2270 218739
2271 218905
2272 218466
2273 218933
2274 218572
2275 218710
2276 218368
2277 217967
2278 218369
2279 218753
2280 218336
2281 218449
2282 218094
2283 218781
2284 218448
2285 218600
2286 218474
2287 218191
2288 219050
2289 218360
2290 218346
2291 218519
2292 218952
2293 218619
2294 218807
2295 219046
2296 218520
2297 218839
2298 218619
2299 218719
2300 218273
2301 218468
2302 218544
2303 218537
2304 218331
2305 218744
2306 218687
2307 218432
2308 218724
2309 218291
2310 218725
2311 218523
2312 218527
2313 218947
2314 218767
2315 219642
2316 218779
2317 218748
2318 218162
2319 218916
2320 218205
2321 219122
2322 218863
2323 218369
2324 218630
2325 218471
2326 218930
2327 219014
2328 219081
2329 218783
2330 218668
2331 218611
2332 218693
2333 218859
2334 218823
2335 218425
2336 218914
2337 218474
2338 218823
2339 218637
2340 218590
2341 218861
2342 218650
2343 218510
2344 218838
2345 218121
2346 218471
2347 218482
2348 218583
2349 219084
2350 219100
2351 218998
2352 218600
2353 218699
2354 218864
2355 218750
2356 219067
2357 218892
2358 218489
2359 219345
2360 219035
2361 219207
2362 218903
2363 218836
2364 219062
2365 219112
2366 218716
2367 218973
2368 218863
2369 218746
2370 218820
2371 219059
2372 218583
2373 218896
2374 218468
2375 219166
2376 218958
2377 218875
2378 218902
2379 218658
2380 219207
2381 219040
2382 218810
2383 219058
2384 219211
2385 218719
2386 218743
2387 218967
2388 218641
2389 218999
2390 219158
2391 219281
2392 218373
2393 218614
2394 218428
2395 219036
2396 218701
2397 218797
2398 219132
2399 218791
2400 219175
2401 218957
2402 218531
2403 219198
2404 218652
2405 218866
2406 218981
2407 219093
2408 218841
2409 218669
2410 218868
2411 218971
2412 218721
2413 219101
2414 218325
2415 219037
2416 219188
2417 218627
2418 218466
2419 218729
2420 218872
2421 218582
2422 218877
2423 218393
2424 218721
2425 218749
2426 218623
2427 218491
2428 218975
2429 218741
2430 218794
2431 218842
2432 218897
2433 218738
2434 218393
2435 218650
2436 218689
2437 218174
2438 218755
2439 218569
2440 218543
2441 219162
2442 218207
2443 218499
2444 218027
2445 218681
2446 218753
2447 218333
2448 218566
2449 218312
2450 218735
2451 218850
2452 218126
2453 218585
2454 218292
2455 219145
2456 218316
2457 219097
2458 218106
2459 218814
2460 217939
2461 218779
2462 218700
2463 218182
2464 218879
2465 217943
2466 218326
2467 218749
2468 218136
2469 218744
2470 218769
2471 218476
2472 218739
2473 218829
2474 218966
2475 219092
2476 218722
2477 217940
2478 218348
2479 219345
2480 218710
2481 218631
2482 218447
2483 218004
2484 218523
2485 218827
2486 218942
2487 218418
2488 218530
2489 218795
2490 218552
2491 218494
2492 218744
2493 218722
2494 218879
2495 218895
2496 218542
2497 218774
2498 218847
2499 218774
2500 218953
2501 218600
2502 218502
2503 218760
2504 219099
2505 218771
2506 218294
2507 218264
2508 218880
2509 218232
2510 218268
2511 218826
2512 218760
2513 218605
2514 218904
2515 218897
2516 218398
2517 218909
2518 218771
2519 218442
2520 218780
2521 218276
2522 218418
2523 219071
2524 218668
2525 218711
2526 218719
2527 218567
2528 218829
2529 218400
2530 218431
2531 218272
2532 218502
2533 218475
2534 218649
2535 218778
2536 218960
2537 218674
2538 218229
2539 218654
2540 218339
2541 218855
2542 218535
2543 218518
2544 218441
2545 218263
2546 218404
2547 218345
2548 218457
2549 218617
2550 217767
2551 218160
2552 218458
2553 218340
2554 218168
2555 218326
2556 218313
2557 218450
2558 218271
2559 218436
2560 218247
2561 218237
2562 218216
2563 218299
2564 218590
2565 218506
2566 218703
2567 218342
2568 218132
2569 218506
2570 217915
2571 218111
2572 218785
2573 218410
2574 218580
2575 218018
2576 218187
2577 218176
2578 218261
2579 218015
2580 218158
2581 218056
2582 217898
2583 218388
2584 217633
2585 217941
2586 217881
2587 218105
2588 218305
2589 218097
2590 218285
2591 218615
2592 218226
2593 217618
2594 218147
2595 218379
2596 218098
2597 218146
2598 218704
2599 218415
2600 218018
2601 218410
2602 218004
2603 218737
2604 218140
2605 218371
2606 218239
2607 218221
2608 218017
2609 218435
2610 217953
2611 218217
2612 218406
2613 218403
2614 218226
2615 217810
2616 217946
2617 217974
2618 217685
2619 217765
2620 217799
2621 218135
2622 218531
2623 218127
2624 217712
2625 218350
2626 217399
2627 217981
2628 217783
2629 218313
2630 218532
2631 218114
2632 218163
2633 217734
2634 218040
2635 218005
2636 218543
2637 218164
2638 218515
2639 217891
2640 218357
2641 218023
2642 217890
2643 217922
2644 218554
2645 217991
2646 218402
2647 218353
2648 217986
2649 218187
2650 217997
2651 217951
2652 218420
2653 218259
2654 217945
2655 218198
2656 218148
2657 218405
2658 218586
2659 218287
2660 218353
2661 218388
2662 218291
2663 217858
2664 218635
2665 217992
2666 218572
2667 218512
2668 218154
2669 218519
2670 218576
2671 218189
2672 218600
2673 218564
2674 218364
2675 218873
2676 218915
2677 218429
2678 218320
2679 218070
2680 219017
2681 218981
2682 218505
2683 218521
2684 218245
2685 218473
2686 218713
2687 218206
2688 219043
2689 218488
2690 218224
2691 218751
2692 218460
2693 218652
2694 218031
2695 218569
2696 218494
2697 218802
2698 218652
2699 218547
2700 218674
2701 218625
2702 218401
2703 218378
2704 218050
2705 218439
2706 218259
2707 218920
2708 218588
2709 218949
2710 218264
2711 218810
2712 219066
2713 218895
2714 218461
2715 218498
2716 218460
2717 218494
2718 218841
2719 218546
2720 218537
2721 219009
2722 218701
2723 218836
2724 218970
2725 218537
2726 219271
2727 219321
2728 218322
2729 218259
2730 218559
2731 219068
2732 219065
2733 219187
2734 218647
2735 218879
2736 218661
2737 218437
2738 218593
2739 218689
2740 218987
2741 218739
2742 218970
2743 219196
2744 218916
2745 219188
2746 219225
2747 219336
2748 219184
2749 218999
2750 218998
2751 218574
2752 218912
2753 218521
2754 219311
2755 218631
2756 218993
2757 218845
2758 219171
2759 218751
2760 218760
2761 218831
2762 219335
2763 219126
2764 218772
2765 219408
2766 219015
2767 218871
2768 219751
2769 219230
2770 219282
2771 219317
2772 218820
2773 219775
2774 218850
2775 219536
2776 219306
2777 219625
2778 219425
2779 219491
2780 219061
2781 219407
2782 219222
2783 219583
2784 218867
2785 219124
2786 219182
2787 219634
2788 219303
2789 219413
2790 219281
2791 219588
2792 219132
2793 219078
2794 218983
2795 219424
2796 219061
2797 219394
2798 219193
2799 219524
2800 219319
2801 219294
2802 219052
2803 219672
2804 219089
2805 219322
2806 219703
2807 219383
2808 219569
2809 219454
2810 219011
2811 219404
2812 219135
2813 219298
2814 219703
2815 219236
2816 219462
2817 219277
2818 219530
2819 219198
2820 218850
2821 219529
2822 219288
2823 219681
2824 219491
2825 219403
2826 219416
2827 218934
2828 219251
2829 219559
2830 219443
2831 219795
2832 219534
2833 219568
2834 219816
2835 219406
2836 219574
2837 219316
2838 219287
2839 219587
2840 219605
2841 219352
2842 219838
2843 219532
2844 219837
2845 219595
2846 219924
2847 219500
2848 219480
2849 220150
2850 219610
2851 219450
2852 219693
2853 219089
2854 220163
2855 219585
2856 220187
2857 220043
2858 219532
2859 219841
2860 219356
2861 219991
2862 220089
2863 220407
2864 219796
2865 219907
2866 219965
2867 219780
2868 220089
2869 219542
2870 219828
2871 219593
2872 219681
2873 219537
2874 219861
2875 219965
2876 219703
2877 219922
2878 219945
2879 219965
2880 220126
2881 219073
2882 219550
2883 220038
2884 219851
2885 219590
2886 219726
2887 220140
2888 219593
2889 219984
2890 219927
2891 219561
2892 219666
2893 219713
2894 219814
2895 220461
2896 219557
2897 219900
2898 220022
2899 219949
2900 219737
2901 219276
2902 220143
2903 219723
2904 219322
2905 219331
2906 219861
2907 219702
2908 219284
2909 219678
2910 219647
2911 220101
2912 219899
2913 219891
2914 220162
2915 220413
2916 219539
2917 219592
2918 219375
2919 219804
2920 219882
2921 219700
2922 219912
2923 220164
2924 219543
2925 219580
2926 219844
2927 220037
2928 219311
2929 219506
2930 219798
2931 219100
2932 219500
2933 219629
2934 219544
2935 219725
2936 219542
2937 219841
2938 219586
2939 219305
2940 219405
2941 219277
2942 219752
2943 219639
2944 219739
2945 219467
2946 219700
2947 219472
2948 219375
2949 219314
2950 219432
2951 219475
2952 219780
2953 219793
2954 219565
2955 219628
2956 219903
2957 219037
2958 219795
2959 220223
2960 219220
2961 219399
2962 219710
2963 219704
2964 219535
2965 219109
2966 219899
2967 219338
2968 220075
2969 219553
2970 219773
2971 219304
2972 219440
2973 219500
2974 220206
2975 219334
2976 219468
2977 219639
2978 220124
2979 220423
2980 219769
2981 220540
2982 219858
2983 219827
2984 220646
2985 219562
2986 219255
2987 220024
2988 219899
2989 219598
2990 219986
2991 220244
2992 220132
2993 220326
2994 220070
2995 220156
2996 220008
2997 219975
2998 220184
2999 220445
3000 220254
3001 220416
3002 220253
3003 219743
3004 220115
3005 220112
3006 219792
3007 219860
3008 220372
3009 220051
3010 219747
3011 220172
3012 220335
3013 220382
3014 220406
3015 219982
3016 220237
3017 219977
3018 219929
3019 220131
3020 220150
3021 219998
3022 220611
3023 220079
3024 220207
3025 219958
3026 220258
3027 219861
3028 220252
3029 220080
3030 219832
3031 220186
3032 219912
3033 220155
3034 219924
3035 219937
3036 220684
3037 220326
3038 220390
3039 220332
3040 220492
3041 220041
3042 220195
3043 220055
3044 220359
3045 220235
3046 220495
3047 220595
3048 220914
3049 220161
3050 220915
3051 220278
3052 220399
3053 220176
3054 220604
3055 219776
3056 219837
3057 220465
3058 220346
3059 220261
3060 220337
3061 220135
3062 220042
3063 220169
3064 220260
3065 221043
3066 220547
3067 220862
3068 220603
3069 220447
3070 220557
3071 220756
3072 220524
3073 220364
3074 220445
3075 220523
3076 220306
3077 220601
3078 220852
3079 220546
3080 220707
3081 221034
3082 220421
3083 220742
3084 221414
3085 221100
3086 220685
3087 221104
3088 221147
3089 221033
3090 220872
3091 220663
3092 220848
3093 221109
3094 220667
3095 221425
3096 221141
3097 220920
3098 221034
3099 220568
3100 221238
3101 221030
3102 220627
3103 220841
3104 221104
3105 221175
3106 221242
3107 220810
3108 220593
3109 221072
3110 220749
3111 220913
3112 220927
3113 220969
3114 221075
3115 220751
3116 221036
3117 221196
3118 221169
3119 220668
3120 220864
3121 221241
3122 220681
3123 221236
3124 220633
3125 220776
3126 221146
3127 221071
3128 221673
3129 220974
3130 221022
3131 220994
3132 220753
3133 220536
3134 220525
3135 220643
3136 220571
3137 220576
3138 220936
3139 220436
3140 220930
3141 220769
3142 220955
3143 220751
3144 221030
3145 220817
3146 221072
3147 220911
3148 220279
3149 220981
3150 220858
3151 220431
3152 220834
3153 220745
3154 220745
3155 221038
3156 220795
3157 220797
3158 220605
3159 220609
3160 220106
3161 220957
3162 220984
3163 221043
3164 220655
3165 220814
3166 220964
3167 220842
3168 220603
3169 220209
3170 220551
3171 220624
3172 220692
3173 220488
3174 220039
3175 221049
3176 220949
3177 220105
3178 220608
3179 220245
3180 220804
3181 221030
3182 220649
3183 220862
3184 220704
3185 220652
3186 220730
3187 220331
3188 220273
3189 220135
3190 219895
3191 220645
3192 220442
3193 220165
3194 220087
3195 220436
3196 220205
3197 220374
3198 220439
3199 220658
3200 220548
3201 220366
3202 220523
3203 220261
3204 220691
3205 220940
3206 220388
3207 220662
3208 219962
3209 220145
3210 220269
3211 219994
3212 220274
3213 219817
3214 220388
3215 220005
3216 220506
3217 220233
3218 220013
3219 220365
3220 219660
3221 219703
3222 220275
3223 220403
3224 219598
3225 220163
3226 220247
3227 219865
3228 220135
3229 220283
3230 220091
3231 219679
3232 220354
3233 220187
3234 220475
3235 219961
3236 220493
3237 219946
3238 220238
3239 220327
3240 220333
3241 220367
3242 220487
3243 219644
3244 220080
3245 220283
3246 219435
3247 220201
3248 220124
3249 219779
3250 220014
3251 220486
3252 219630
3253 219678
3254 220591
3255 220029
3256 220234
3257 220512
3258 220365
3259 219706
3260 220299
3261 219615
3262 220114
3263 220113
3264 220054
3265 220170
3266 220056
3267 220562
3268 219752
3269 220125
3270 220121
3271 220114
3272 220434
3273 220287
3274 220194
3275 220485
3276 220253
3277 220259
3278 220570
3279 220424
3280 220331
3281 220095
3282 220346
3283 220318
3284 220059
3285 220640
3286 220101
3287 220206
3288 220692
3289 220634
3290 219495
3291 220474
3292 220410
3293 219988
3294 220167
3295 219975
3296 219810
3297 219991
3298 220270
3299 219979
3300 220448
3301 220189
3302 220020
3303 219991
3304 220355
3305 220101
3306 219816
3307 219986
3308 220007
3309 219986
3310 219302
3311 219965
3312 219743
3313 219451
3314 219928
3315 219905
3316 219513
3317 219532
3318 220025
3319 219664
3320 219427
3321 219801
3322 219494
3323 219735
3324 219577
3325 219805
3326 219597
3327 220151
3328 220162
3329 219792
3330 220191
3331 219775
3332 219864
3333 219930
3334 220362
3335 220187
3336 219799
3337 220020
3338 220101
3339 219914
3340 219712
3341 220216
3342 220021
3343 219668
3344 219714
3345 220293
3346 219911
3347 219595
3348 219840
3349 219708
3350 219893
3351 219643
3352 219919
3353 219697
3354 219908
3355 220062
3356 219412
3357 220123
3358 220372
3359 219324
3360 219081
3361 220060
3362 219694
3363 219423
3364 219943
3365 219849
3366 220173
3367 220364
3368 220474
3369 220494
3370 220082
3371 219813
3372 219996
3373 219750
3374 219525
3375 219902
3376 219432
3377 219659
3378 220010
3379 220045
3380 220057
3381 219720
3382 219594
3383 219699
3384 219638
3385 219680
3386 219495
3387 219693
3388 219777
3389 219745
3390 220255
3391 219537
3392 219832
3393 219304
3394 219294
3395 219914
3396 219784
3397 219718
3398 220044
3399 219072
3400 219593
3401 219713
3402 220212
3403 219433
3404 219871
3405 219434
3406 219820
3407 219703
3408 219896
3409 219615
3410 219448
3411 219756
3412 219617
3413 219920
3414 219419
3415 220033
3416 219214
3417 219191
3418 219558
3419 219939
3420 219401
3421 219196
3422 219037
3423 219619
3424 219570
3425 219479
3426 218878
3427 219887
3428 219553
3429 219266
3430 219519
3431 219663
3432 219207
3433 219452
3434 218813
3435 219600
3436 219179
3437 219145
3438 219645
3439 219478
3440 219516
3441 219207
3442 220015
3443 219713
3444 219376
3445 219296
3446 219056
3447 219486
3448 219219
3449 218977
3450 219107
3451 219419
3452 219533
3453 219517
3454 219000
3455 218763
3456 219324
3457 219065
3458 219098
3459 219108
3460 219538
3461 219351
3462 219388
3463 218470
3464 219637
3465 219113
3466 219333
3467 219168
3468 219205
3469 219284
3470 218962
3471 219408
3472 219391
3473 218744
3474 219093
3475 219292
3476 219483
3477 219517
3478 219255
3479 219110
3480 219410
3481 219347
3482 219507
3483 219084
3484 218845
3485 219249
3486 218648
3487 219034
3488 218942
3489 219062
3490 219404
3491 219530
3492 219199
3493 219121
3494 219246
3495 219289
3496 219472
3497 219128
3498 218409
3499 219030
3500 218947
3501 219094
3502 219550
3503 218689
3504 218688
3505 219189
3506 218703
3507 218835
3508 218901
3509 218944
3510 219208
3511 219214
3512 218744
3513 218658
3514 219159
3515 218812
3516 219154
3517 219158
3518 218816
3519 218795
3520 218431
3521 218819
3522 218805
3523 219240
3524 218582
3525 218759
3526 219020
3527 218684
3528 218663
3529 219367
3530 218968
3531 218678
3532 219270
3533 218994
3534 218795
3535 218887
3536 219483
3537 219119
3538 219049
3539 219520
3540 219402
3541 219383
3542 219166
3543 219319
3544 219528
3545 219676
3546 219559
3547 219965
3548 219598
3549 219376
3550 219505
3551 219447
3552 219377
3553 219556
3554 219662
3555 219056
3556 219486
3557 219783
3558 219674
3559 219512
3560 219504
3561 219526
3562 219287
3563 220147
3564 219254
3565 218987
3566 218934
3567 219136
3568 219483
3569 219690
3570 219428
3571 219189
3572 219450
3573 219322
3574 219455
3575 219680
3576 219263
3577 219447
3578 219506
3579 219292
3580 219747
3581 219832
3582 219585
3583 218540
3584 219302
3585 219329
3586 219029
3587 219085
3588 218973
3589 218694
3590 218975
3591 218952
3592 218998
3593 219356
3594 219051
3595 218791
3596 218930
3597 219071
3598 219036
3599 218970
3600 218836
3601 219337
3602 218513
3603 218821
3604 218713
3605 219385
3606 218688
3607 218650
3608 218779
3609 219139
3610 218953
3611 219076
3612 218968
3613 218882
3614 218965
3615 218520
3616 218703
3617 218591
3618 218439
3619 218788
3620 218555
3621 218595
3622 218218
3623 218075
3624 218815
3625 218278
3626 218897
3627 218339
3628 218680
3629 218456
3630 218480
3631 218425
3632 218414
3633 218411
3634 218334
3635 218206
3636 218840
3637 218193
3638 218434
3639 218218
3640 218814
3641 218463
3642 218955
3643 218718
3644 218762
3645 218658
3646 218689
3647 219043
3648 218939
3649 219145
3650 218313
3651 219257
3652 218399
3653 219208
3654 219035
3655 219422
3656 219033
3657 219211
3658 219056
3659 219280
3660 219173
3661 219260
3662 218856
3663 219768
3664 218961
3665 219460
3666 219536
3667 219645
3668 219042
3669 219487
3670 218801
3671 220278
3672 219451
3673 219994
3674 219573
3675 219576
3676 219431
3677 219246
3678 219407
3679 218974
3680 219063
3681 219490
3682 219450
3683 219695
3684 220307
3685 219548
3686 219651
3687 219698
3688 219506
3689 219369
3690 219368
3691 219932
3692 219937
3693 219705
3694 220114
3695 219698
3696 219915
3697 219657
3698 219995
3699 219623
3700 220465
3701 219967
3702 219360
3703 219986
3704 220050
3705 220113
3706 219278
3707 220098
3708 220103
3709 220188
3710 220122
3711 219940
3712 219330
3713 220210
3714 220462
3715 220139
3716 219417
3717 219784
3718 219921
3719 220358
3720 219873
3721 220144
3722 219843
3723 220177
3724 219714
3725 220265
3726 219570
3727 219702
3728 219793
3729 219449
3730 220059
3731 219490
3732 220060
3733 219605
3734 219896
3735 220047
3736 220162
3737 219646
3738 219568
3739 219869
3740 219796
3741 219693
3742 219867
3743 219775
3744 219375
3745 220222
3746 220192
3747 219515
3748 219817
3749 219915
3750 219545
3751 219763
3752 219694
3753 219875
3754 220277
3755 220254
3756 219803
3757 219643
3758 219305
3759 219806
3760 220240
3761 220071
3762 220125
3763 219716
3764 219819
3765 219620
3766 220068
3767 219943
3768 219722
3769 219948
3770 220307
3771 220118
3772 220155
3773 220310
3774 220931
3775 219910
3776 219738
3777 221028
3778 220509
3779 220625
3780 220640
3781 220411
3782 220425
3783 219965
3784 220910
3785 220851
3786 220925
3787 220001
3788 220244
3789 220551
3790 220149
3791 220433
3792 220604
3793 220706
3794 220435
3795 220190
3796 220337
3797 219837
3798 220648
3799 220397
3800 220683
3801 220587
3802 220344
3803 220075
3804 220740
3805 220294
3806 220451
3807 220348
3808 220169
3809 220232
3810 220774
3811 220481
3812 220364
3813 220212
3814 219979
3815 220048
3816 220571
3817 220170
3818 220737
3819 220265
3820 220265
3821 220055
3822 220742
3823 220536
3824 220079
3825 220662
3826 220697
3827 219698
3828 220494
3829 220154
3830 220417
3831 220378
3832 220129
3833 220577
3834 220714
3835 220126
3836 220843
3837 220206
3838 220756
3839 220292
3840 220801
3841 220259
3842 220127
3843 220502
3844 220319
3845 220340
3846 220921
3847 220621
3848 220337
3849 220018
3850 220432
3851 220678
3852 220740
3853 220331
3854 220875
3855 220674
3856 220084
3857 220515
3858 220863
3859 220408
3860 220571
3861 220211
3862 220918
3863 220342
3864 220296
3865 220969
3866 220682
3867 220513
3868 221022
3869 221185
3870 220338
3871 220599
3872 220574
3873 220326
3874 220303
3875 220512
3876 220185
3877 220698
3878 220079
3879 220928
3880 220543
3881 220608
3882 220660
3883 220545
3884 220363
3885 221152
3886 220735
3887 220846
3888 221020
3889 220539
3890 220543
3891 220781
3892 220544
3893 220984
3894 220670
3895 220994
3896 220922
3897 221033
3898 220640
3899 220432
3900 221021
3901 220728
3902 220857
3903 220774
3904 220283
3905 220836
3906 220638
3907 221216
3908 220743
3909 220554
3910 220705
3911 221299
3912 220588
3913 220469
3914 221194
3915 220396
3916 220220
3917 220947
3918 221007
3919 220347
3920 221001
3921 220395
3922 220467
3923 220948
3924 220673
3925 220800
3926 220534
3927 220575
3928 220647
3929 220578
3930 220696
3931 220899
3932 220566
3933 220629
3934 220785
3935 221263
3936 220518
3937 220585
3938 220328
3939 220236
3940 220877
3941 220054
3942 220998
3943 220790
3944 220672
3945 220689
3946 220690
3947 221036
3948 220930
3949 220881
3950 220709
3951 220865
3952 220402
3953 220875
3954 221055
3955 220595
3956 221249
3957 220974
3958 220951
3959 220578
3960 221368
3961 221155
3962 221071
3963 220817
3964 220276
3965 220946
3966 220704
3967 220625
3968 220766
3969 220617
3970 221062
3971 221285
3972 221155
3973 220764
3974 220908
3975 221095
3976 220675
3977 220512
3978 220958
3979 220276
3980 220909
3981 221114
3982 221254
3983 220365
3984 221170
3985 220821
3986 221650
3987 220868
3988 220823
3989 220782
3990 220835
3991 220969
3992 221529
3993 220728
3994 220665
3995 220462
3996 220909
3997 221334
3998 220952
3999 221159
4000 220810
4001 220989
4002 221233
4003 221221
4004 220543
4005 221060
4006 220919
4007 220740
4008 221237
4009 221234
4010 221015
4011 220726
4012 221194
4013 220741
4014 220976
4015 221096
4016 221055
4017 220751
4018 221213
4019 220836
4020 220576
4021 220826
4022 220601
4023 220665
4024 221158
4025 220987
4026 220576
4027 220860
4028 220909
4029 221091
4030 221144
4031 221484
4032 220971
4033 219735
4034 221332
4035 221021
4036 220642
4037 221072
4038 220784
4039 221288
4040 221221
4041 221161
4042 221039
4043 221563
4044 221177
4045 220697
4046 220658
4047 220807
4048 220646
4049 221007
4050 220930
4051 221130
4052 221158
4053 220945
4054 220894
4055 221391
4056 221259
4057 221146
4058 221209
4059 221557
4060 220649
4061 221453
4062 221560
4063 220633
4064 221168
4065 221150
4066 221390
4067 221154
4068 221285
4069 220578
4070 221158
4071 220696
4072 221734
4073 221514
4074 221097
4075 221118
4076 221098
4077 220996
4078 221041
4079 220860
4080 221187
4081 221278
4082 221398
4083 221454
4084 221582
4085 221016
4086 221103
4087 221144
4088 221502
4089 221574
4090 221261
4091 221313
4092 221904
4093 221612
4094 221039
4095 221134
4096 221634
4097 221412
4098 221537
4099 221431
4100 220850
4101 221641
4102 221533
4103 221575
4104 221279
4105 220739
4106 221358
4107 221111
4108 221061
4109 221255
4110 221222
4111 221256
4112 221387
4113 221556
4114 221599
4115 221243
4116 221363
4117 221190
4118 220656
4119 221024
4120 221391
4121 221783
4122 221676
4123 221773
4124 221016
4125 221294
4126 221202
4127 221071
4128 220786
4129 220937
4130 221149
4131 221083
4132 221186
4133 221141
4134 221081
4135 221373
4136 221241
4137 221273
4138 220612
4139 220924
4140 220907
4141 221084
4142 220617
4143 219786
4144 220700
4145 220296
4146 220963
4147 220384
4148 220904
4149 221298
4150 220515
4151 220602
4152 220817
4153 221136
4154 221138
4155 220731
4156 220965
4157 220772
4158 220627
4159 220571
4160 220557
4161 220469
4162 220285
4163 220818
4164 220346
4165 220347
4166 220560
4167 220647
4168 220550
4169 220290
4170 220333
4171 221105
4172 220980
4173 220152
4174 220550
4175 220571
4176 220030
4177 220683
4178 220210
4179 220234
4180 220608
4181 220507
4182 220079
4183 220606
4184 219992
4185 220001
4186 220524
4187 220388
4188 220413
4189 220232
4190 219733
4191 219855
4192 220355
4193 220510
4194 220536
4195 219819
4196 219996
4197 220474
4198 219811
4199 220327
4200 220104
4201 219986
4202 219909
4203 220478
4204 219772
4205 219798
4206 220344
4207 220141
4208 220055
4209 219790
4210 219592
4211 220019
4212 220293
4213 220193
4214 219634
4215 219617
4216 220346
4217 220223
4218 219957
4219 219537
4220 220003
4221 219760
4222 219140
4223 220263
4224 219685
4225 219305
4226 219883
4227 219999
4228 219635
4229 219549
4230 219246
4231 219479
4232 219860
4233 219658
4234 219387
4235 219364
4236 219149
4237 219229
4238 219418
4239 219512
4240 218852
4241 219371
4242 219040
4243 218922
4244 219325
4245 218566
4246 218895
4247 219469
4248 219218
4249 219087
4250 219438
4251 219117
4252 219482
4253 219510
4254 218576
4255 218809
4256 218736
4257 219431
4258 218621
4259 219387
4260 219422
4261 218919
4262 219495
4263 218581
4264 219075
4265 219038
4266 219103
4267 219168
4268 219003
4269 219139
4270 219024
4271 219267
4272 218447
4273 219251
4274 218583
4275 219286
4276 219412
4277 218426
4278 219084
4279 219346
4280 218836
4281 219008
4282 218651
4283 219025
4284 219266
4285 219109
4286 219169
4287 219141
4288 218783
4289 219700
4290 219008
4291 219160
4292 218904
4293 219141
4294 219128
4295 218727
4296 218748
4297 218615
4298 218782
4299 218465
4300 219281
4301 218980
4302 219498
4303 218843
4304 219312
4305 219163
4306 219425
4307 219140
4308 219099
4309 218824
4310 219304
4311 218763
4312 218725
4313 218459
4314 218945
4315 219303
4316 218451
4317 218307
4318 218514
4319 218873
4320 218338
4321 217833
4322 218216
4323 218929
4324 218045
4325 218098
4326 218209
4327 218319
4328 218572
4329 218281
4330 218467
4331 218374
4332 218097
4333 218245
4334 218565
4335 218156
4336 218127
4337 218305
4338 218084
4339 218064
4340 217941
4341 217755
4342 217720
4343 217871
4344 218181
4345 217994
4346 218106
4347 218187
4348 217621
4349 217843
4350 217803
4351 218153
4352 217840
4353 217490
4354 217804
4355 217954
4356 217262
4357 217959
4358 217911
4359 217904
4360 217733
4361 217977
4362 217985
4363 217729
4364 217496
4365 217792
4366 217656
4367 217992
4368 217597
4369 217674
4370 217522
4371 218058
4372 217460
4373 217372
4374 217553
4375 217563
4376 216962
4377 216909
4378 217826
4379 217369
4380 217447
4381 217341
4382 217116
4383 217333
4384 217052
4385 216962
4386 216511
4387 216884
4388 217281
4389 216618
4390 216390
4391 217084
4392 217064
4393 216865
4394 216522
4395 216954
4396 216933
4397 217077
4398 216600
4399 216733
4400 216405
4401 216987
4402 216693
4403 216734
4404 216551
4405 216947
4406 216644
4407 216297
4408 216572
4409 216508
4410 216303
4411 216505
4412 216516
4413 216108
4414 215990
4415 216473
4416 216906
4417 216849
4418 216771
4419 216921
4420 216167
4421 216715
4422 216180
4423 216558
4424 216115
4425 217004
4426 216003
4427 216379
4428 216801
4429 216182
4430 216354
4431 216210
4432 216465
4433 216846
4434 215883
4435 216288
4436 215667
4437 215808
4438 216305
4439 216220
4440 216450
4441 216216
4442 215951
4443 216449
4444 216630
4445 216082
4446 215906
4447 216423
4448 216728
4449 216510
4450 216497
4451 216194
4452 216124
4453 216369
4454 216360
4455 216189
4456 215862
4457 215801
4458 216259
4459 215852
4460 215494
4461 216078
4462 215701
4463 216404
4464 216309
4465 215841
4466 216611
4467 215816
4468 215747
4469 216027
4470 215611
4471 215233
4472 215535
4473 216000
4474 216107
4475 215829
4476 215717
4477 215326
4478 215105
4479 215414
4480 215347
4481 215134
4482 215834
4483 215704
4484 215546
4485 215844
4486 215840
4487 215342
4488 215743
4489 215870
4490 215288
4491 215286
4492 215255
4493 215308
4494 215416
4495 214893
4496 215564
4497 215266
4498 215275
4499 215672
4500 215044
4501 214876
4502 215334
4503 215413
4504 215301
4505 214824
4506 215313
4507 214923
4508 214435
4509 215169
4510 215007
4511 215344
4512 214901
4513 214892
4514 215338
4515 215012
4516 215109
4517 215172
4518 214778
4519 215344
4520 214904
4521 214848
4522 215312
4523 214650
4524 214981
4525 214536
4526 215082
4527 214657
4528 214752
4529 215002
4530 214889
4531 214817
4532 214854
4533 215114
4534 214777
4535 214905
4536 214843
4537 214697
4538 214488
4539 214701
4540 214596
4541 214954
4542 214559
4543 214366
4544 214858
4545 214755
4546 214904
4547 214619
4548 214557
4549 214350
4550 214610
4551 214588
4552 214861
4553 214222
4554 214490
4555 214660
4556 214061
4557 214441
4558 214335
4559 214427
4560 214740
4561 214028
4562 214376
4563 214459
4564 213948
4565 214750
4566 214063
4567 214204
4568 214161
4569 214312
4570 214743
4571 214212
4572 214101
4573 213874
4574 213837
4575 214114
4576 214070
4577 213703
4578 213816
4579 213419
4580 213867
4581 213540
4582 213909
4583 213985
4584 213929
4585 213748
4586 213616
4587 213577
4588 213384
4589 213338
4590 213185
4591 213854
4592 213450
4593 213731
4594 213669
4595 214232
4596 213922
4597 213800
4598 213966
4599 213707
4600 213672
4601 213739
4602 213463
4603 213277
4604 213712
4605 213359
4606 213655
4607 213424
4608 213575
4609 213844
4610 212966
4611 213883
4612 213645
4613 213468
4614 213411
4615 213419
4616 213356
4617 212923
4618 213114
4619 213263
4620 213316
4621 213027
4622 213145
4623 213051
4624 213236
4625 213580
4626 213344
4627 213078
4628 213577
4629 213305
4630 213538
4631 213384
4632 213340
4633 213361
4634 214024
4635 213761
4636 213215
4637 213543
4638 213706
4639 213567
4640 213078
4641 213259
4642 213727
4643 214056
4644 213616
4645 213346
4646 213702
4647 214045
4648 214020
4649 213778
4650 213991
4651 213415
4652 213769
4653 213818
4654 214179
4655 213750
4656 213412
4657 213748
4658 214013
4659 214233
4660 213645
4661 213981
4662 213864
4663 213922
4664 213864
4665 213647
4666 213875
4667 213775
4668 214344
4669 213849
4670 214041
4671 213914
4672 214533
4673 214302
4674 213820
4675 213488
4676 214107
4677 213837
4678 213991
4679 213704
4680 213823
4681 214184
4682 213611
4683 214246
4684 213717
4685 214047
4686 213625
4687 213611
4688 213621
4689 213820
4690 214107
4691 213936
4692 214095
4693 213386
4694 214330
4695 213215
4696 213449
4697 213823
4698 213787
4699 214154
4700 213980
4701 213813
4702 213888
4703 213915
4704 214336
4705 214093
4706 213834
4707 213735
4708 213971
4709 214052
4710 213941
4711 213875
4712 213863
4713 214791
4714 214533
4715 213912
4716 213988
4717 214073
4718 214363
4719 213914
4720 214326
4721 213975
4722 214154
4723 214692
4724 214742
4725 214184
4726 214467
4727 214263
4728 214618
4729 214871
4730 214545
4731 214117
4732 214659
4733 214257
4734 214670
4735 215091
4736 214521
4737 214603
4738 214733
4739 214965
4740 214886
4741 215020
4742 214987
4743 215168
4744 215388
4745 214711
4746 215617
4747 215130
4748 215281
4749 215065
4750 215582
4751 215599
4752 215693
4753 215572
4754 215132
4755 215033
4756 215371
4757 215308
4758 215809
4759 215685
4760 215140
4761 215141
4762 214941
4763 214855
4764 215030
4765 215315
4766 214932
4767 214793
4768 215246
4769 215175
4770 215159
4771 214714
4772 214662
4773 215429
4774 215188
4775 215426
4776 214418
4777 214686
4778 215320
4779 214972
4780 215095
4781 215074
4782 214282
4783 214718
4784 215390
4785 214941
4786 214874
4787 215297
4788 215404
4789 215196
4790 215069
4791 215259
4792 215063
4793 214950
4794 214711
4795 214934
4796 215524
4797 215232
4798 214713
4799 215771
4800 215052
4801 215149
4802 214546
4803 215048
4804 215330
4805 215479
4806 214801
4807 214877
4808 214903
4809 215196
4810 215376
4811 214992
4812 215499
4813 215229
4814 214957
4815 215401
4816 214588
4817 215492
4818 215005
4819 215301
4820 215398
4821 215057
4822 214968
4823 216037
4824 215711
4825 215082
4826 215061
4827 214863
4828 215016
4829 215532
4830 215412
4831 214823
4832 215095
4833 215463
4834 215856
4835 215651
4836 215521
4837 215577
4838 216022
4839 215643
4840 216225
4841 215667
4842 215416
4843 215668
4844 215753
4845 215669
4846 215249
4847 215693
4848 215784
4849 216037
4850 216020
4851 215908
4852 215845
4853 216122
4854 215411
4855 215916
4856 215742
4857 215532
4858 215907
4859 215794
4860 215767
4861 216103
4862 216047
4863 215939
4864 216192
4865 215894
4866 215735
4867 216130
4868 216119
4869 215344
4870 215885
4871 215976
4872 215251
4873 215978
4874 215859
4875 215939
4876 215825
4877 216143
4878 216157
4879 215251
4880 216065
4881 216291
4882 216202
4883 215729
4884 215857
4885 216012
4886 215738
4887 215601
4888 216000
4889 215930
4890 216126
4891 215887
4892 215991
4893 215403
4894 215820
4895 215896
4896 215779
4897 216685
4898 216163
4899 216324
4900 215847
4901 216093
4902 216122
4903 216236
4904 216259
4905 215950
4906 215988
4907 216383
4908 216507
4909 216246
4910 217062
4911 215823
4912 216048
4913 216232
4914 216455
4915 216582
4916 216022
4917 216313
4918 216304
4919 216055
4920 215828
4921 216459
4922 216276
4923 216280
4924 216079
4925 216567
4926 216451
4927 216291
4928 216184
4929 216128
4930 216105
4931 216549
4932 216516
4933 216237
4934 215941
4935 216133
4936 216618
4937 216937
4938 216401
4939 216785
4940 215907
4941 216598
4942 216428
4943 216752
4944 216781
4945 216012
4946 216945
4947 217045
4948 216675
4949 216249
4950 216591
4951 216726
4952 216768
4953 216823
4954 216589
4955 216669
4956 216719
4957 216896
4958 216745
4959 217040
4960 216364
4961 216905
4962 217194
4963 217268
4964 217107
4965 216827
4966 217074
4967 217334
4968 216688
4969 216666
4970 217198
4971 217230
4972 216876
4973 217151
4974 217320
4975 216958
4976 217059
4977 216720
4978 216887
4979 216964
4980 216486
4981 217491
4982 217067
4983 216780
4984 216329
4985 217171
4986 216505
4987 216623
4988 216966
4989 217286
4990 217231
4991 217091
4992 217208
4993 217313
4994 216733
4995 217107
4996 217283
4997 216836
4998 217401
4999 217362
5000 217517
5001 217363
5002 217170
5003 217149
5004 217106
5005 217260
5006 217171
5007 216701
5008 217305
5009 217378
5010 217385
5011 217531
5012 216793
5013 216930
5014 217115
5015 216920
5016 217117
5017 217169
5018 216701
5019 217714
5020 217613
5021 216723
5022 217608
5023 217257
5024 217151
5025 217152
5026 216940
5027 217206
5028 216875
5029 217102
5030 217238
5031 217406
5032 217377
5033 216941
5034 216956
5035 217368
5036 217478
5037 217459
5038 217125
5039 216946
5040 217328
5041 217719
5042 217314
5043 217580
5044 217268
5045 217434
5046 217986
5047 217588
5048 217869
5049 217225
5050 217858
5051 217463
5052 217304
5053 217571
5054 217722
5055 217893
5056 217237
5057 218192
5058 217582
5059 217463
5060 217915
5061 217335
5062 217870
5063 217892
5064 217944
5065 217897
5066 217859
5067 217357
5068 217403
5069 217995
5070 217947
5071 217751
5072 217963
5073 217832
5074 217502
5075 217562
5076 217875
5077 218012
5078 217840
5079 218002
5080 218230
5081 217741
5082 217482
5083 218043
5084 218141
5085 217480
5086 218118
5087 217854
5088 217909
5089 217698
5090 217974
5091 218161
5092 217719
5093 217855
5094 217666
5095 217238
5096 218065
5097 217862
5098 218059
5099 217425
5100 217978
5101 218032
5102 218154
5103 217881
5104 218206
5105 217733
5106 218246
5107 217587
5108 217729
5109 218101
5110 218288
5111 218218
5112 218673
5113 217962
5114 218181
5115 218479
5116 218274
5117 218370
5118 218004
5119 217825
5120 218038
5121 218058
5122 218013
5123 218082
5124 218121
5125 218460
5126 218599
5127 218553
5128 217841
5129 218703
5130 217915
5131 218215
5132 218313
5133 218466
5134 217832
5135 218448
5136 218783
5137 218266
5138 218548
5139 218445
5140 218414
5141 218512
5142 218577
5143 218504
5144 218194
5145 218558
5146 217747
5147 218441
5148 218709
5149 218592
5150 218193
5151 218124
5152 218684
5153 218447
5154 218129
5155 218154
5156 218112
5157 218560
5158 217942
5159 218343
5160 218739
5161 218466
5162 218628
5163 218395
5164 218158
5165 218688
5166 218184
5167 218746
5168 218751
5169 218801
5170 218246
5171 218525
5172 218314
5173 219009
5174 218746
5175 219091
5176 218631
5177 219003
5178 218854
5179 219219
5180 219209
5181 218858
5182 218915
5183 218768
5184 218909
5185 218359
5186 218750
5187 219154
5188 218730
5189 218435
5190 219304
5191 219028
5192 218790
5193 219225
5194 219031
5195 218530
5196 218718
5197 218719
5198 218318
5199 218683
5200 218555
5201 218189
5202 219005
5203 218205
5204 218777
5205 218272
5206 218684
5207 218389
5208 218202
5209 218948
5210 218913
5211 218611
5212 218868
5213 219105
5214 219212
5215 218245
5216 218298
5217 219119
5218 218737
5219 218672
5220 219027
5221 218345
5222 218909
5223 218959
5224 218787
5225 219281
5226 219078
5227 219360
5228 219159
5229 219051
5230 219073
5231 219190
5232 219316
5233 219548
5234 219571
5235 219281
5236 219516
5237 219709
5238 219308
5239 219947
5240 219508
5241 219862
5242 219971
5243 219792
5244 219548
5245 219901
5246 219982
5247 219389
5248 220344
5249 219512
5250 219637
5251 219961
5252 220180
5253 220137
5254 219756
5255 219915
5256 220190
5257 219663
5258 219914
5259 219949
5260 220046
5261 219769
5262 220258
5263 219468
5264 219157
5265 219759
5266 219558
5267 219447
5268 219764
5269 219176
5270 219415
5271 219660
5272 219386
5273 219060
5274 219529
5275 219588
5276 218956
5277 219110
5278 219237
5279 219184
5280 219154
5281 218733
5282 218579
5283 219039
5284 218543
5285 218788
5286 218733
5287 218657
5288 219177
5289 218992
5290 218868
5291 218832
5292 219364
5293 218622
5294 218340
5295 218706
5296 219022
5297 218505
5298 219086
5299 218348
5300 219378
5301 219110
5302 218421
5303 218699
5304 219203
5305 218887
5306 219098
5307 218535
5308 218705
5309 219199
5310 218385
5311 219194
5312 218926
5313 218797
5314 218477
5315 218722
5316 218549
5317 218597
5318 219122
5319 218698
5320 218864
5321 218800
5322 219439
5323 218701
5324 219315
5325 219082
5326 219063
5327 219334
5328 218900
5329 219509
5330 218916
5331 219201
5332 219221
5333 218757
5334 219073
5335 218926
5336 219299
5337 218895
5338 218696
5339 218751
5340 218738
5341 218742
5342 218622
5343 219258
5344 219100
5345 218988
5346 219467
5347 218846
5348 218424
5349 218446
5350 218976
5351 218483
5352 219079
5353 218771
5354 218723
5355 218953
5356 218349
5357 218725
5358 219052
5359 218706
5360 218822
5361 219114
5362 218971
5363 218594
5364 219003
5365 218993
5366 218667
5367 218986
5368 218766
5369 218841
5370 219041
5371 218476
5372 218769
5373 219105
5374 218622
5375 218713
5376 218956
5377 219078
5378 219031
5379 218655
5380 219318
5381 219235
5382 219133
5383 219184
5384 219034
5385 218535
5386 219007
5387 218746
5388 218933
5389 219105
5390 218619
5391 218863
5392 219049
5393 218893
5394 218432
5395 218627
5396 218479
5397 219462
5398 218962
5399 218945
5400 218962
5401 218608
5402 218549
5403 219069
5404 218719
5405 218577
5406 218841
5407 219061
5408 218970
5409 218611
5410 218777
5411 218921
5412 218508
5413 218720
5414 218657
5415 218637
5416 218662
5417 218760
5418 218762
5419 218933
5420 218660
5421 218675
5422 218773
5423 218607
5424 218993
5425 218541
5426 218846
5427 218950
5428 218966
5429 218316
5430 218672
5431 218750
5432 218298
5433 218809
5434 218389
5435 218353
5436 218611
5437 218909
5438 218380
5439 218331
5440 218182
5441 218566
5442 218062
5443 217745
5444 218198
5445 218358
5446 218998
5447 218478
5448 218698
5449 217717
5450 218326
5451 218289
5452 218050
5453 218536
5454 218292
5455 217599
5456 218494
5457 218809
5458 218297
5459 218675
5460 218244
5461 218667
5462 218280
5463 218548
5464 218178
5465 218164
5466 217822
5467 218029
5468 217970
5469 217875
5470 218266
5471 218423
5472 217630
5473 217893
5474 218405
5475 218075
5476 218420
5477 218742
5478 218361
5479 218304
5480 218028
5481 217854
5482 218052
5483 218476
5484 217639
5485 217520
5486 217621
5487 217386
5488 218257
5489 218167
5490 218136
5491 218115
5492 218696
5493 217728
5494 218042
5495 218227
5496 218059
5497 217982
5498 217995
5499 218299
5500 218367
5501 218023
5502 218342
5503 218356
5504 217950
5505 217878
5506 218073
5507 218555
5508 218205
5509 217849
5510 218201
5511 218393
5512 218128
5513 217948
5514 218115
5515 218367
5516 218562
5517 218369
5518 218217
5519 218280
5520 218008
5521 217923
5522 218057
5523 217672
5524 218240
5525 218153
5526 217836
5527 217914
5528 217845
5529 218165
5530 218252
5531 218321
5532 218201
5533 217863
5534 217760
5535 217410
5536 218337
5537 217745
5538 217971
5539 218113
5540 218414
5541 218256
5542 218109
5543 218258
5544 217861
5545 218591
5546 218567
5547 218093
5548 218012
5549 218091
5550 218083
5551 218908
5552 218721
5553 217764
5554 218663
5555 218657
5556 218187
5557 218466
5558 218265
5559 218173
5560 218197
5561 218013
5562 218486
5563 217849
5564 218159
5565 218815
5566 218245
5567 218481
5568 218329
5569 217822
5570 218143
5571 217835
5572 217909
5573 218374
5574 218041
5575 217523
5576 217730
5577 218290
5578 218350
5579 218217
5580 217828
5581 218090
5582 217557
5583 217118
5584 217894
5585 217749
5586 217277
5587 217522
5588 217408
5589 217227
5590 218076
5591 217936
5592 217844
5593 217655
5594 217743
5595 217161
5596 218051
5597 217548
5598 217936
5599 217427
5600 217576
5601 217686
5602 217456
5603 217363
5604 218041
5605 217399
5606 217625
5607 217415
5608 217914
5609 217545
5610 217717
5611 217654
5612 217018
5613 217599
5614 217344
5615 218163
5616 217210
5617 217652
5618 218015
5619 217177
5620 217391
5621 217986
5622 217724
5623 217353
5624 217574
5625 217823
5626 217107
5627 217511
5628 217654
5629 217730
5630 217549
5631 217403
5632 217250
5633 217511
5634 217252
5635 218022
5636 217784
5637 217418
5638 217357
5639 217981
5640 216900
5641 217566
5642 217658
5643 217650
5644 218009
5645 217209
5646 217421
5647 218209
5648 217870
5649 217531
5650 217877
5651 217768
5652 217944
5653 217509
5654 217739
5655 218248
5656 217491
5657 217591
5658 218017
5659 218137
5660 218287
5661 218093
5662 218175
5663 217978
5664 218048
5665 217863
5666 218190
5667 217765
5668 218155
5669 217665
5670 218011
5671 218101
5672 218160
5673 217838
5674 217776
5675 217787
5676 217733
5677 218503
5678 217362
5679 217887
5680 217727
5681 218108
5682 217211
5683 217817
5684 217415
5685 217972
5686 217845
5687 217680
5688 218119
5689 217975
5690 218063
5691 217568
5692 217756
5693 217536
5694 217772
5695 217969
5696 217713
5697 217846
5698 218089
5699 217656
5700 217582
5701 217905
5702 217884
5703 217682
5704 217891
5705 217662
5706 217928
5707 217806
5708 217973
5709 217318
5710 217740
5711 217512
5712 217874
5713 217520
5714 217944
5715 217717
5716 217865
5717 218082
5718 217475
5719 217979
5720 218397
5721 217890
5722 218430
5723 218275
5724 217579
5725 217811
5726 218197
5727 217742
5728 217907
5729 218025
5730 218072
5731 217654
5732 218039
5733 217685
5734 217500
5735 217757
5736 217813
5737 217939
5738 217943
5739 217879
5740 217985
5741 217607
5742 217892
5743 218138
5744 217725
5745 218174
5746 218006
5747 218063
5748 217731
5749 218240
5750 218180
5751 218025
5752 218370
5753 217985
5754 218338
5755 218518
5756 218356
5757 218103
5758 217814
5759 217856
5760 218093
5761 218135
5762 218088
5763 218256
5764 218127
5765 218294
5766 218305
5767 218383
5768 218455
5769 218119
5770 218041
5771 217921
5772 218702
5773 218412
5774 218407
5775 218571
5776 217900
5777 218582
5778 218134
5779 218043
5780 218505
5781 217929
5782 218779
5783 218133
5784 218757
5785 218817
5786 218522
5787 218863
5788 217809
5789 218654
5790 218186
5791 218613
5792 218208
5793 218258
5794 218912
5795 218733
5796 217928
5797 218270
5798 218028
5799 218199
5800 218151
5801 217910
5802 218489
5803 218859
5804 218444
5805 218432
5806 218694
5807 217857
5808 218371
5809 218708
5810 218197
5811 218243
5812 218631
5813 218388
5814 218689
5815 218236
5816 218282
5817 218539
5818 218602
5819 218444
5820 218989
5821 218404
5822 218679
5823 218489
5824 218293
5825 218640
5826 218311
5827 218684
5828 218435
5829 218746
5830 218326
5831 218734
5832 218909
5833 218332
5834 219279
5835 218191
5836 218369
5837 218147
5838 218679
5839 218611
5840 218477
5841 218865
5842 218497
5843 218567
5844 219281
5845 219070
5846 218386
5847 218992
5848 218201
5849 218675
5850 218803
5851 218724
5852 219084
5853 218268
5854 218722
5855 218733
5856 218535
5857 219212
5858 218933
5859 219026
5860 218960
5861 218684
5862 219164
5863 218484
5864 219086
5865 218784
5866 218533
5867 218924
5868 218823
5869 218781
5870 218852
5871 218640
5872 218644
5873 218763
5874 219095
5875 218840
5876 218501
5877 219039
5878 218977
5879 219386
5880 218476
5881 218847
5882 218828
5883 218617
5884 218833
5885 218798
5886 218502
5887 218612
5888 218833
5889 218375
5890 218591
5891 218884
5892 219013
5893 218621
5894 219398
5895 218754
5896 218857
5897 218512
5898 218821
5899 218417
5900 218756
5901 218375
5902 218473
5903 218708
5904 218673
5905 218479
5906 219140
5907 218680
5908 218467
5909 218483
5910 218828
5911 218849
5912 218908
5913 218756
5914 218660
5915 218693
5916 218377
5917 218572
5918 218718
5919 219469
5920 218875
5921 218994
5922 219141
5923 218886
5924 219086
5925 218831
5926 218514
5927 218933
5928 219019
5929 218710
5930 218860
5931 219170
5932 218895
5933 219163
5934 218814
5935 218503
5936 218861
5937 218945
5938 219389
5939 219105
5940 218979
5941 219004
5942 218744
5943 219083
5944 218755
5945 219132
5946 219041
5947 218523
5948 219083
5949 219482
5950 218906
5951 219045
5952 219183
5953 219045
5954 219279
5955 218885
5956 219391
5957 219314
5958 218633
5959 219083
5960 218841
5961 219379
5962 219319
5963 218961
5964 219150
5965 218538
5966 219334
5967 218879
5968 218919
5969 219434
5970 218987
5971 219612
5972 218988
5973 219282
5974 219075
5975 219569
5976 219409
5977 219811
5978 219949
5979 219278
5980 219475
5981 219637
5982 218632
5983 219455
5984 219547
5985 219247
5986 219769
5987 219101
5988 219529
5989 218955
5990 219571
5991 218900
5992 219343
5993 218731
5994 219267
5995 219024
5996 219162
5997 219336
5998 219413
5999 219572
6000 219553
6001 219300
6002 219567
6003 219148
6004 219535
6005 218971
6006 220008
6007 218444
6008 219594
6009 219236
6010 219168
6011 219053
6012 220157
6013 219293
6014 219585
