H11890
GateTime 10
GateNumber 0
SN 30430302
0 207237
1 207934
2 208048
3 207963
4 207965
5 207827
6 207397
7 207785
8 207390
9 207267
10 207388
11 207881
12 207723
13 207892
14 207347
15 207759
16 207338
17 207877
18 207681
19 207186
20 207688
21 207581
22 207868
23 207458
24 207644
25 207769
26 207646
27 206990
28 207299
29 207328
30 207665
31 207279
32 207698
33 207405
34 207264
35 207423
36 207562
37 207154
38 206940
39 207177
40 207899
41 207089
42 207628
43 207374
44 207180
45 206917
46 207005
47 207262
48 207054
49 207296
50 207154
51 207301
52 207201
53 207401
54 206995
55 207013
56 206936
57 207169
58 207260
59 206539
60 207506
61 207331
62 207606
63 207352
64 207085
65 207461
66 207704
67 207070
68 207257
69 207182
70 207329
71 207326
72 207295
73 207383
74 207377
75 206907
76 207354
77 207296
78 207031
79 206915
80 206670
81 207023
82 207189
83 206795
84 206711
85 207406
86 207558
87 207331
88 206808
89 207319
90 206736
91 207182
92 207396
93 207063
94 206850
95 206909
96 207274
97 207089
98 207806
99 207467
100 207590
101 207098
102 206938
103 207075
104 207085
105 207025
106 206803
107 207011
108 206942
109 206931
110 207206
111 207332
112 207138
113 207307
114 207488
115 207017
116 207673
117 207414
118 207258
119 207871
120 207921
121 207393
122 207552
123 208088
124 207848
125 207700
126 207313
127 207747
128 207120
129 207435
130 207789
131 207377
132 207450
133 207934
134 207662
135 207429
136 207291
137 207194
138 207906
139 207575
140 207777
141 207400
142 207749
143 207736
144 206988
145 208114
146 207568
147 207723
148 207572
149 207556
150 207657
151 207707
152 207880
153 207911
154 207758
155 207749
156 207794
157 207804
158 207785
159 207963
160 207887
161 207183
162 207969
163 207901
164 207957
165 207821
166 208435
167 207978
168 208284
169 208098
170 207741
171 208205
172 208355
173 208060
174 208244
175 208119
176 208546
177 208041
178 208252
179 207976
180 208048
181 208197
182 208555
183 207879
184 207896
185 208108
186 208507
187 208019
188 208159
189 207821
190 207985
191 208300
192 208314
193 208326
194 208528
195 208050
196 208131
197 208043
198 207982
199 208467
200 208508
201 207810
202 208382
203 208038
204 208858
205 207860
206 207814
207 207952
208 208274
209 208187
210 207940
211 208240
212 207922
213 208450
214 207836
215 208078
216 207667
217 208100
218 207794
219 207550
220 208722
221 207914
222 208018
223 208317
224 208238
225 208349
226 207605
227 207586
228 208097
229 208074
230 208268
231 208517
232 208135
233 208211
234 207594
235 208344
236 208810
237 208794
238 208599
239 208319
240 208128
241 208609
242 208023
243 208249
244 208537
245 208749
246 209080
247 208635
248 208818
249 208844
250 208694
251 208952
252 208391
253 208633
254 209178
255 208895
256 208594
257 209255
258 209038
259 208843
260 208760
261 209220
262 208882
263 208786
264 209121
265 208530
266 208810
267 208716
268 208185
269 208444
270 208527
271 208416
272 208611
273 208596
274 208133
275 208268
276 208278
277 208971
278 208293
279 208709
280 208369
281 208320
282 208355
283 208624
284 208639
285 208741
286 208509
287 208884
288 207982
289 208769
290 208478
291 208559
292 208554
293 208943
294 208799
295 208529
296 208969
297 208129
298 208428
299 208767
300 208903
301 209280
302 208564
303 209049
304 208521
305 208569
306 209011
307 208311
308 208586
309 209089
310 208871
311 208307
312 208900
313 208461
314 208490
315 209184
316 209055
317 208332
318 208454
319 208815
320 208762
321 209136
322 208644
323 209184
324 208839
325 209612
326 208624
327 209279
328 208891
329 208488
330 209197
331 209301
332 208912
333 209121
334 208421
335 208918
336 208986
337 208980
338 208513
339 208983
340 209307
341 208433
342 208931
343 208641
344 209496
345 208501
346 209020
347 209033
348 209317
349 208790
350 209066
351 208963
352 208447
353 208821
354 208921
355 208555
356 209175
357 208896
358 208690
359 208732
360 209029
361 208808
362 209136
363 208701
364 208516
365 208571
366 208831
367 208739
368 209220
369 208734
370 208643
371 208745
372 209036
373 208900
374 208736
375 208606
376 209064
377 208865
378 208565
379 209502
380 209270
381 209185
382 208833
383 209264
384 209283
385 209163
386 209633
387 208397
388 209422
389 209038
390 209434
391 208649
392 208893
393 208722
394 209181
395 209282
396 208636
397 209388
398 208736
399 209249
400 209096
401 209195
402 208881
403 209159
404 208624
405 209458
406 209107
407 208952
408 209559
409 209217
410 209026
411 209584
412 209471
413 209520
414 209295
415 209503
416 209562
417 209129
418 209594
419 209231
420 209676
421 209219
422 209433
423 209718
424 209314
425 208989
426 209237
427 209037
428 209096
429 208896
430 209005
431 208977
432 209230
433 209261
434 209305
435 209322
436 209299
437 209192
438 209577
439 209169
440 209384
441 208772
442 209232
443 208962
444 208716
445 209042
446 209162
447 208501
448 209118
449 209808
450 209430
451 208913
452 209323
453 208903
454 209129
455 208744
456 209244
457 209116
458 209045
459 209301
460 209059
461 208934
462 209309
463 209065
464 209095
465 209442
466 209036
467 209122
468 208774
469 208945
470 209317
471 208813
472 209049
473 209278
474 209228
475 209513
476 208935
477 208795
478 209222
479 209191
480 209584
481 209446
482 208921
483 208534
484 209276
485 209062
486 208811
487 209384
488 208721
489 209066
490 209240
491 208787
492 208785
493 209120
494 209283
495 208920
496 209273
497 208966
498 209641
499 208920
500 209212
501 208897
502 209138
503 209051
504 208895
505 209289
506 209562
507 209081
508 209126
509 208832
510 209114
511 208872
512 209047
513 208770
514 209069
515 209660
516 209212
517 209120
518 209506
519 208896
520 208872
521 209396
522 209343
523 209188
524 209539
525 209258
526 209281
527 209166
528 209762
529 208986
530 209441
531 209488
532 209864
533 209345
534 209268
535 209615
536 209282
537 209938
538 210174
539 209197
540 209186
541 209206
542 209365
543 209412
544 210085
545 209370
546 209749
547 209986
548 209441
549 209705
550 209904
551 209532
552 209026
553 209824
554 209480
555 209211
556 209431
557 209900
558 209474
559 209859
560 209380
561 209256
562 209182
563 209242
564 209245
565 209268
566 209077
567 209649
568 208924
569 209631
570 209412
571 209354
572 209438
573 209121
574 209734
575 209828
576 209838
577 209296
578 209432
579 209145
580 209681
581 209767
582 209797
583 209702
584 209196
585 209069
586 209459
587 209556
588 209454
589 209562
590 209416
591 209071
592 209845
593 209636
594 209397
595 209564
596 209358
597 209295
598 209288
599 209628
600 209172
601 208968
602 209590
603 209027
604 208881
605 208860
606 209381
607 209615
608 209499
609 209554
610 209237
611 208981
612 209442
613 208912
614 209052
615 208835
616 209010
617 209458
618 209511
619 209311
620 209015
621 209215
622 209096
623 208901
624 209340
625 209118
626 208952
627 208709
628 208903
629 209202
630 208909
631 209103
632 209206
633 209240
634 209018
635 208992
636 208680
637 208883
638 209015
639 209094
640 209109
641 209073
642 208986
643 209543
644 209247
645 208900
646 209202
647 209337
648 208495
649 208973
650 208994
651 209064
652 208990
653 209409
654 209188
655 209280
656 208749
657 208765
658 208231
659 208882
660 208777
661 208960
662 208650
663 209245
664 208833
665 208711
666 208264
667 209528
668 208837
669 209079
670 208855
671 208642
672 208835
673 208740
674 208609
675 208215
676 208436
677 208168
678 208723
679 208090
680 208461
681 208127
682 208265
683 208693
684 208264
685 208322
686 208382
687 208779
688 208291
689 208488
690 208466
691 208290
692 208585
693 207383
694 208636
695 208368
696 208500
697 208337
698 208916
699 208853
700 208938
701 208444
702 208025
703 208754
704 208744
705 208745
706 208697
707 208800
708 208294
709 208349
710 208416
711 208046
712 208398
713 208555
714 208098
715 208398
716 208248
717 208044
718 208529
719 208453
720 208246
721 208355
722 208143
723 207553
724 208186
725 208682
726 208421
727 208175
728 207998
729 207766
730 208027
731 208391
732 208669
733 208156
734 207970
735 207904
736 208191
737 208163
738 208119
739 208256
740 207950
741 208726
742 208224
743 208548
744 207914
745 208197
746 208267
747 208189
748 208486
749 208429
750 208502
751 207552
752 208137
753 208708
754 208314
755 207993
756 208734
757 207922
758 207894
759 207806
760 207869
761 207614
762 208042
763 208490
764 207774
765 208013
766 208260
767 207711
768 208389
769 207702
770 208155
771 208407
772 208078
773 207910
774 208261
775 207929
776 207830
777 207859
778 207867
779 207903
780 207265
781 207591
782 208257
783 207657
784 207672
785 207793
786 207671
787 207995
788 208292
789 207890
790 207787
791 207698
792 207579
793 207830
794 208025
795 207819
796 207396
797 207712
798 207547
799 207718
800 207400
801 207578
802 207821
803 207953
804 207900
805 207435
806 207369
807 207854
808 207316
809 208230
810 208038
811 208046
812 207870
813 208196
814 208148
815 208226
816 208180
817 207941
818 208178
819 207868
820 207587
821 208438
822 208000
823 207728
824 207968
825 207806
826 207918
827 207786
828 208165
829 207850
830 207671
831 208203
832 207988
833 207741
834 207471
835 207319
836 207700
837 207563
838 207670
839 207910
840 207794
841 207677
842 207538
843 207870
844 207557
845 208134
846 207605
847 207540
848 207768
849 207706
850 207578
851 207774
852 207427
853 207719
854 207929
855 207667
856 207161
857 207333
858 207622
859 207326
860 207533
861 207865
862 207260
863 208017
864 207383
865 207325
866 207781
867 207294
868 207331
869 206622
870 206615
871 207191
872 207020
873 207203
874 207508
875 207075
876 207240
877 207359
878 207050
879 206948
880 207470
881 207110
882 207354
883 207444
884 207457
885 207281
886 207123
887 207130
888 207536
889 207396
890 207253
891 206923
892 206517
893 207744
894 206810
895 207183
896 207163
897 206678
898 207608
899 207485
900 207259
901 207063
902 207395
903 207277
904 206882
905 207376
906 206948
907 207336
908 207336
909 206960
910 206879
911 207627
912 207362
913 206808
914 207001
915 207587
916 206864
917 207162
918 206765
919 206941
920 206784
921 207098
922 206899
923 207000
924 207202
925 206484
926 206649
927 206890
928 206815
929 206583
930 206612
931 206251
932 206483
933 207278
934 206623
935 207304
936 206323
937 206983
938 206868
939 207056
940 207265
941 206795
942 206989
943 206991
944 206915
945 206718
946 206872
947 207508
948 206904
949 206584
950 207348
951 206574
952 207058
953 207333
954 206316
955 206579
956 207226
957 206849
958 207406
959 206826
960 206767
961 207218
962 207081
963 206614
964 206883
965 207245
966 206960
967 206746
968 207309
969 206430
970 206981
971 206897
972 206785
973 206726
974 207124
975 206864
976 206714
977 206259
978 206773
979 206962
980 206444
981 206726
982 206237
983 206290
984 206435
985 206846
986 206493
987 206669
988 206905
989 206588
990 206610
991 206547
992 206253
993 206562
994 206974
995 206758
996 206705
997 206685
998 206113
999 206214
1000 206410
1001 206154
1002 205907
1003 206502
1004 206431
1005 207081
1006 206987
1007 206368
1008 206054
1009 206373
1010 206012
1011 205965
1012 206959
1013 205969
1014 206489
1015 206276
1016 206654
1017 206213
1018 206239
1019 205898
1020 206236
1021 205801
1022 206177
1023 206592
1024 206256
1025 206138
1026 206190
1027 205976
1028 205992
1029 205937
1030 206100
1031 206597
1032 205742
1033 206079
1034 206350
1035 205732
1036 205981
1037 206172
1038 205908
1039 206122
1040 206216
1041 206155
1042 205528
1043 206198
1044 206117
1045 205827
1046 206165
1047 206063
1048 205956
1049 206031
1050 205009
1051 205790
1052 205597
1053 205722
1054 206142
1055 205682
1056 206034
1057 206402
1058 205776
1059 205706
1060 206148
1061 205931
1062 205929
1063 205688
1064 205476
1065 205223
1066 205556
1067 206094
1068 205950
1069 205812
1070 205926
1071 206259
1072 206296
1073 205467
1074 205986
1075 205715
1076 206165
1077 205892
1078 205498
1079 205988
1080 205805
1081 205954
1082 205913
1083 206286
1084 205803
1085 205887
1086 206213
1087 205636
1088 205938
1089 205947
1090 205993
1091 206070
1092 206138
1093 206352
1094 205926
1095 206560
1096 206063
1097 205617
1098 205837
1099 206332
1100 205707
1101 205513
1102 206486
1103 206044
1104 206491
1105 206040
1106 206155
1107 205659
1108 206319
1109 206004
1110 206409
1111 205774
1112 206212
1113 206602
1114 205951
1115 206286
1116 206004
1117 206046
1118 206720
1119 206270
1120 206217
1121 206233
1122 206588
1123 205734
1124 206375
1125 206054
1126 206062
1127 205961
1128 206094
1129 206144
1130 206107
1131 205921
1132 205832
1133 206482
1134 206067
1135 205912
1136 206242
1137 205995
1138 206286
1139 205705
1140 206006
1141 206050
1142 206869
1143 206499
1144 206267
1145 206013
1146 206593
1147 206404
1148 206505
1149 206284
1150 206192
1151 206124
1152 206526
1153 206133
1154 206384
1155 205916
1156 206460
1157 206629
1158 205948
1159 206612
1160 206226
1161 206226
1162 205552
1163 206727
1164 206421
1165 206614
1166 206624
1167 206354
1168 206441
1169 206673
1170 206412
1171 206203
1172 206625
1173 206410
1174 206223
1175 206803
1176 207176
1177 206559
1178 206876
1179 206976
1180 206391
1181 206948
1182 206470
1183 206837
1184 207146
1185 206486
1186 206969
1187 206669
1188 206957
1189 206748
1190 207287
1191 207034
1192 206830
1193 206981
1194 207286
1195 206878
1196 207408
1197 207140
1198 206769
1199 207379
1200 207047
1201 206994
1202 206982
1203 206915
1204 207045
1205 206752
1206 207355
1207 206996
1208 206610
1209 207183
1210 207494
1211 207045
1212 207015
1213 207168
1214 207192
1215 206746
1216 206590
1217 206889
1218 207101
1219 207082
1220 206896
1221 206715
1222 207070
1223 207299
1224 207301
1225 207289
1226 207129
1227 207144
1228 207541
1229 207474
1230 207664
1231 207262
1232 207139
1233 207348
1234 207694
1235 207131
1236 207763
1237 207405
1238 207228
1239 208006
1240 207793
1241 207414
1242 208371
1243 207869
1244 207557
1245 207953
1246 207538
1247 207336
1248 207435
1249 207844
1250 207721
1251 207696
1252 207648
1253 207677
1254 207650
1255 207803
1256 207789
1257 207597
1258 207400
1259 206970
1260 208198
1261 207421
1262 207990
1263 208195
1264 208320
1265 208371
1266 208074
1267 207783
1268 208004
1269 207752
1270 208091
1271 207830
1272 207406
1273 208508
1274 208145
1275 208619
1276 208332
1277 207928
1278 208117
1279 207993
1280 208753
1281 207522
1282 208323
1283 207882
1284 208072
1285 208163
1286 207932
1287 208042
1288 208444
1289 208093
1290 208228
1291 208017
1292 207989
1293 208840
1294 208473
1295 208230
1296 207911
1297 208383
1298 208198
1299 207743
1300 209033
1301 208238
1302 208682
1303 208636
1304 208762
1305 208372
1306 208687
1307 208887
1308 208761
1309 208430
1310 208596
1311 208754
1312 208490
1313 208636
1314 208247
1315 208347
1316 208830
1317 208626
1318 208088
1319 208726
1320 208979
1321 208334
1322 208634
1323 208712
1324 209280
1325 208336
1326 208626
1327 208386
1328 208450
1329 208902
1330 207386
1331 208412
1332 208792
1333 209343
1334 207952
1335 208316
1336 208041
1337 208491
1338 208389
1339 208661
1340 208637
1341 208986
1342 208679
1343 208703
1344 209064
1345 208966
1346 208913
1347 209102
1348 208950
1349 208856
1350 209040
1351 208523
1352 209183
1353 208304
1354 209057
1355 208913
1356 208834
1357 208884
1358 208663
1359 208808
1360 209096
1361 208732
1362 209228
1363 208967
1364 208883
1365 209238
1366 209153
1367 209024
1368 209271
1369 208460
1370 209283
1371 208765
1372 208836
1373 208626
1374 209323
1375 208894
1376 208902
1377 209054
1378 209712
1379 208871
1380 208971
1381 209427
1382 208610
1383 209200
1384 209278
1385 209473
1386 209623
1387 209483
1388 209160
1389 209227
1390 209032
1391 209230
1392 209474
1393 209410
1394 209075
1395 209614
1396 209352
1397 209157
1398 209771
1399 209386
1400 209748
1401 209570
1402 210302
1403 209354
1404 209822
1405 208889
1406 209729
1407 209558
1408 209718
1409 209353
1410 209320
1411 209437
1412 209563
1413 209805
1414 209723
1415 209404
1416 209782
1417 209220
1418 210101
1419 209114
1420 209753
1421 209891
1422 209952
1423 209135
1424 209743
1425 210178
1426 209665
1427 210016
1428 210172
1429 209745
1430 209907
1431 209517
1432 209698
1433 210276
1434 210508
1435 210222
1436 209647
1437 209404
1438 209932
1439 209931
1440 209667
1441 209859
1442 209911
1443 209930
1444 210071
1445 209922
1446 210403
1447 210083
1448 209671
1449 209801
1450 209864
1451 209974
1452 210212
1453 209931
1454 210249
1455 209796
1456 210113
1457 210528
1458 210323
1459 210628
1460 210633
1461 210191
1462 210298
1463 210711
1464 210283
1465 210402
1466 210093
1467 210743
1468 210792
1469 210529
1470 210437
1471 210476
1472 210694
1473 210495
1474 210626
1475 210793
1476 210732
1477 210460
1478 210323
1479 210562
1480 210859
1481 210528
1482 210546
1483 210523
1484 210697
1485 210254
1486 210655
1487 210903
1488 210350
1489 210666
1490 211264
1491 210949
1492 210522
1493 211083
1494 210898
1495 209974
1496 210840
1497 211030
1498 210913
1499 210373
1500 211001
1501 210768
1502 210916
1503 211385
1504 211006
1505 211297
1506 210689
1507 210592
1508 211322
1509 210911
1510 211205
1511 211416
1512 210847
1513 210732
1514 210735
1515 211284
1516 211178
1517 211222
1518 211253
1519 210972
1520 211157
1521 211424
1522 211619
1523 211250
1524 210895
1525 211723
1526 211085
1527 210774
1528 211491
1529 211140
1530 211196
1531 210816
1532 211173
1533 211236
1534 211287
1535 210818
1536 211234
1537 211142
1538 211283
1539 211572
1540 211484
1541 211240
1542 211521
1543 211439
1544 211432
1545 211770
1546 211354
1547 211549
1548 211412
1549 211709
1550 211884
1551 211108
1552 211199
1553 211270
1554 211722
1555 211207
1556 211137
1557 211752
1558 211657
1559 211609
1560 211593
1561 211682
1562 211717
1563 211585
1564 211819
1565 211758
1566 211614
1567 211787
1568 211821
1569 212123
1570 212181
1571 211688
1572 212061
1573 211425
1574 211922
1575 211789
1576 211256
1577 211880
1578 211847
1579 212425
1580 211622
1581 212586
1582 211771
1583 211762
1584 211897
1585 212026
1586 212140
1587 212193
1588 211694
1589 212140
1590 211823
1591 211624
1592 212023
1593 211879
1594 211462
1595 211482
1596 211863
1597 212047
1598 212423
1599 212306
1600 211823
1601 211858
1602 211548
1603 212296
1604 211817
1605 212164
1606 212410
1607 212243
1608 211300
1609 211679
1610 212381
1611 211801
1612 212180
1613 212174
1614 212047
1615 212067
1616 212184
1617 211739
1618 211861
1619 212192
1620 211808
1621 212466
1622 212294
1623 212055
1624 212210
1625 211720
1626 211981
1627 212493
1628 211315
1629 211650
1630 211982
1631 211393
1632 212145
1633 211745
1634 211804
1635 212066
1636 211755
1637 211936
1638 211684
1639 211923
1640 211973
1641 211387
1642 212033
1643 212145
1644 212110
1645 211624
1646 211364
1647 211833
1648 211907
1649 211679
1650 212135
1651 211946
1652 211549
1653 211838
1654 212143
1655 211772
1656 211659
1657 212411
1658 211953
1659 211967
1660 212206
1661 211825
1662 211998
1663 212390
1664 212041
1665 211977
1666 211988
1667 211916
1668 212380
1669 212125
1670 212191
1671 211993
1672 211627
1673 212102
1674 212098
1675 211956
1676 212211
1677 212137
1678 212308
1679 212292
1680 212228
1681 211719
1682 212223
1683 211888
1684 212183
1685 212548
1686 211717
1687 212194
1688 212776
1689 212165
1690 211834
1691 212879
1692 212263
1693 212216
1694 211858
1695 211922
1696 212364
1697 212078
1698 212340
1699 212243
1700 211891
1701 212497
1702 212679
1703 211840
1704 211555
1705 212770
1706 212234
1707 212121
1708 212033
1709 212258
1710 211851
1711 212434
1712 211949
1713 212188
1714 212726
1715 212296
1716 212033
1717 212046
1718 212087
1719 212047
1720 212536
1721 211578
1722 212469
1723 212193
1724 211747
1725 212487
1726 212375
1727 211669
1728 212549
1729 211917
1730 212281
1731 212531
1732 211917
1733 212262
1734 212801
1735 212742
1736 212398
1737 212348
1738 212306
1739 211963
1740 212593
1741 212616
1742 212164
1743 212052
1744 211623
1745 212328
1746 212267
1747 212557
1748 213128
1749 212327
1750 212599
1751 212176
1752 211202
1753 212190
1754 212602
1755 212359
1756 212463
1757 212258
1758 212385
1759 211962
1760 212617
1761 212462
1762 212184
1763 212394
1764 212593
1765 212814
1766 212611
1767 212660
1768 212539
1769 212720
1770 212828
1771 212423
1772 213120
1773 212287
1774 212009
1775 212691
1776 212580
1777 211684
1778 213092
1779 212323
1780 212654
1781 212749
1782 212387
1783 211948
1784 212429
1785 212345
1786 212751
1787 212791
1788 212515
1789 211692
1790 212397
1791 212582
1792 212838
1793 212364
1794 212194
1795 211961
1796 212383
1797 212533
1798 212166
1799 212678
1800 212245
1801 212101
1802 212182
1803 212076
1804 212210
1805 211855
1806 212031
1807 212335
1808 212185
1809 212400
1810 212058
1811 212241
1812 212860
1813 212204
1814 212610
1815 212848
1816 212304
1817 212641
1818 212337
1819 212407
1820 212782
1821 212992
1822 212185
1823 213130
1824 212682
1825 213032
1826 212569
1827 212134
1828 212471
1829 212216
1830 212542
1831 212423
1832 212890
1833 212633
1834 212741
1835 212761
1836 212559
1837 212188
1838 212409
1839 213027
1840 211598
1841 212415
1842 212164
1843 212294
1844 212701
1845 212580
1846 212606
1847 212421
1848 212502
1849 212042
1850 212249
1851 212704
1852 212437
1853 212605
1854 212565
1855 212734
1856 212781
1857 212895
1858 212587
1859 212515
1860 212274
1861 212965
1862 212523
1863 212367
1864 212583
1865 212191
1866 212597
1867 212334
1868 212347
1869 212397
1870 212805
1871 212167
1872 212832
1873 212490
1874 212736
1875 212754
1876 212190
1877 212591
1878 213022
1879 212463
1880 212818
1881 212702
1882 213201
1883 212735
1884 212390
1885 212833
1886 212500
1887 212980
1888 212927
1889 212822
1890 213372
1891 212958
1892 213546
1893 212587
1894 212857
1895 212592
1896 213343
1897 212711
1898 213391
1899 212490
1900 212758
1901 212836
1902 213370
1903 212512
1904 212817
1905 212652
1906 212896
1907 212992
1908 212723
1909 213046
1910 212595
1911 212824
1912 212649
1913 212846
1914 213122
1915 212313
1916 212857
1917 212550
1918 212869
1919 212635
1920 213044
1921 212683
1922 212409
1923 212359
1924 212864
1925 212397
1926 212423
1927 212940
1928 212866
1929 212217
1930 212568
1931 212382
1932 212444
1933 212670
1934 212363
1935 212874
1936 212299
1937 212045
1938 212085
1939 211967
1940 212383
1941 212740
1942 211828
1943 211847
1944 212427
1945 212294
1946 211654
1947 212252
1948 212062
1949 212260
1950 211604
1951 212158
1952 211940
1953 212594
1954 212488
1955 212164
1956 211965
1957 212404
1958 212573
1959 211849
1960 212527
1961 211536
1962 211900
1963 212544
1964 212143
1965 211859
1966 212350
1967 211899
1968 211879
1969 212166
1970 212007
1971 211899
1972 211993
1973 211400
1974 212355
1975 211995
1976 212194
1977 211826
1978 212224
1979 212165
1980 211972
1981 211792
1982 212583
1983 211859
1984 212514
1985 211385
1986 211754
1987 211899
1988 211554
1989 212185
1990 211753
1991 211860
1992 211890
1993 211493
1994 211667
1995 211828
1996 211244
1997 211547
1998 211809
1999 211853
2000 212272
2001 211715
2002 211688
2003 212426
2004 211967
2005 211511
2006 211840
2007 212006
2008 211565
2009 211303
2010 211556
2011 211675
2012 211947
2013 211881
2014 212106
2015 211438
2016 211570
2017 211906
2018 211831
2019 210976
2020 211764
2021 211196
2022 212059
2023 211278
2024 211404
2025 211504
2026 211299
2027 211508
2028 211532
2029 211705
2030 211064
2031 211647
2032 211323
2033 211501
2034 211710
2035 211195
2036 211339
2037 211482
2038 211883
2039 211317
2040 211425
2041 211537
2042 211459
2043 211973
2044 211112
2045 211167
2046 211711
2047 211785
2048 211625
2049 210559
2050 211748
2051 211323
2052 211301
2053 211297
2054 211816
2055 211500
2056 211824
2057 211222
2058 211179
2059 211585
2060 211384
2061 211848
2062 211326
2063 211700
2064 211537
2065 211318
2066 211512
2067 211830
2068 211033
2069 211788
2070 211206
2071 211369
2072 211609
2073 211275
2074 211550
2075 211567
2076 211967
2077 211596
2078 211681
2079 211049
2080 211305
2081 211476
2082 211742
2083 211880
2084 211634
2085 211582
2086 211204
2087 211047
2088 210977
2089 211295
2090 211222
2091 211593
2092 210950
2093 211997
2094 211795
2095 211055
2096 211459
2097 212013
2098 211894
2099 211351
2100 211837
2101 211466
2102 211888
2103 211507
2104 211975
2105 211434
2106 211321
2107 211810
2108 211471
2109 211115
2110 211973
2111 211605
2112 211143
2113 211704
2114 211213
2115 212064
2116 211153
2117 211514
2118 211456
2119 211757
2120 211314
2121 211907
2122 211293
2123 211357
2124 211536
2125 211486
2126 211458
2127 211603
2128 211582
2129 211625
2130 211456
2131 211298
2132 212043
2133 211844
2134 211800
2135 211378
2136 211695
2137 211549
2138 211614
2139 211319
2140 212050
2141 211399
2142 211719
2143 211669
2144 211850
2145 211598
2146 212160
2147 211491
2148 211944
2149 211699
2150 211877
2151 211777
2152 211860
2153 211817
2154 211933
2155 211992
2156 211482
2157 212188
2158 211675
2159 212073
2160 211714
2161 211726
2162 211750
2163 212069
2164 211554
2165 211513
2166 212242
2167 211566
2168 212147
2169 211991
2170 211779
2171 212408
2172 212032
2173 212208
2174 211815
2175 212165
2176 212112
2177 211720
2178 211562
2179 211825
2180 211764
2181 211885
2182 211688
2183 211740
2184 212503
2185 212200
2186 212026
2187 211659
2188 211876
2189 212026
2190 212023
2191 211644
2192 211898
2193 212186
2194 212515
2195 211874
2196 212022
2197 212387
2198 211847
2199 212162
2200 212098
2201 212148
2202 212227
2203 211955
2204 212399
2205 212218
2206 212502
2207 212222
2208 212239
2209 212277
2210 212458
2211 211989
2212 212027
2213 211887
2214 211870
2215 212460
2216 212798
2217 212396
2218 212230
2219 212335
2220 212703
2221 212626
2222 212387
2223 212029
2224 212222
2225 211732
2226 212517
2227 212908
2228 212436
2229 212267
2230 212917
2231 212442
2232 213181
2233 212771
2234 212290
2235 213041
2236 212154
2237 212686
2238 212944
2239 211731
2240 212521
2241 213037
2242 212298
2243 213178
2244 212498
2245 212805
2246 213263
2247 213182
2248 212509
2249 212981
2250 213337
2251 212334
2252 212569
2253 213410
2254 212730
2255 212204
2256 212836
2257 212829
2258 212457
2259 212777
2260 212253
2261 213280
2262 212519
2263 212767
2264 212786
2265 212962
2266 212644
2267 213208
2268 212898
2269 213558
2270 213094
2271 213261
2272 213016
2273 212605
2274 212931
2275 213281
2276 212882
2277 212907
2278 212937
2279 213613
2280 213141
2281 212854
2282 213697
2283 213164
2284 212859
2285 212941
2286 213256
2287 213696
2288 213384
2289 212699
2290 213302
2291 213004
2292 213824
2293 213217
2294 212992
2295 213393
2296 213279
2297 213657
2298 213213
2299 213340
2300 212964
2301 213346
2302 213712
2303 213599
2304 213116
2305 213622
2306 213231
2307 212934
2308 213033
2309 212935
2310 213858
2311 212925
2312 213424
2313 213597
2314 213939
2315 213619
2316 213872
2317 213517
2318 213347
2319 213764
2320 213264
2321 213677
2322 213793
2323 213427
2324 213069
2325 214322
2326 214160
2327 213629
2328 213163
2329 213859
2330 213773
2331 213771
2332 213779
2333 214208
2334 214564
2335 213513
2336 213583
2337 214029
2338 213335
2339 213537
2340 213621
2341 213992
2342 213741
2343 213807
2344 213321
2345 213523
2346 213264
2347 213713
2348 213602
2349 213496
2350 213713
2351 213575
2352 214179
2353 213462
2354 213566
2355 213670
2356 213959
2357 214168
2358 213891
2359 214585
2360 214278
2361 214066
2362 213804
2363 214536
2364 214222
2365 213848
2366 214012
2367 214285
2368 213969
2369 214220
2370 214248
2371 214028
2372 214058
2373 214227
2374 214401
2375 213929
2376 214133
2377 214243
2378 213780
2379 213994
2380 214137
2381 213981
2382 214638
2383 214476
2384 214074
2385 213970
2386 214117
2387 214080
2388 214451
2389 214097
2390 213807
2391 213696
2392 214143
2393 214779
2394 214072
2395 214599
2396 214111
2397 214493
2398 214344
2399 214352
2400 214421
2401 214499
2402 214835
2403 214548
2404 214201
2405 214528
2406 214328
2407 214550
2408 214545
2409 213983
2410 214457
2411 214499
2412 214528
2413 214175
2414 214105
2415 214285
2416 214630
2417 214045
2418 214696
2419 214184
2420 214343
2421 214350
2422 214252
2423 214260
2424 214534
2425 214534
2426 214643
2427 214666
2428 214945
2429 214281
2430 214389
2431 214551
2432 214497
2433 215068
2434 214047
2435 214837
2436 214550
2437 214557
2438 214622
2439 214679
2440 214445
2441 214612
2442 214312
2443 213976
2444 213991
2445 214382
2446 214709
2447 214720
2448 214721
2449 214421
2450 214534
2451 214876
2452 214627
2453 214832
2454 214755
2455 214191
2456 214531
2457 214387
2458 214884
2459 215273
2460 214886
2461 215456
2462 215535
2463 214984
2464 215550
2465 215025
2466 215905
2467 214853
2468 215439
2469 215537
2470 215568
2471 215441
2472 216082
2473 215984
2474 215787
2475 216045
2476 215814
2477 215881
2478 216039
2479 215219
2480 216097
2481 215886
2482 215819
2483 215771
2484 216313
2485 215327
2486 215691
2487 215297
2488 215466
2489 215719
2490 216192
2491 215726
2492 215203
2493 215711
2494 215316
2495 216730
2496 215915
2497 215238
2498 215757
2499 215711
2500 215366
2501 215604
2502 216074
2503 215116
2504 215835
2505 215963
2506 215535
2507 215662
2508 215738
2509 215510
2510 216083
2511 215300
2512 215208
2513 215681
2514 215672
2515 215882
2516 215881
2517 215794
2518 215368
2519 215898
2520 215804
2521 216104
2522 215465
2523 215329
2524 215583
2525 215662
2526 215815
2527 215941
2528 215885
2529 215446
2530 216279
2531 215639
2532 215565
2533 216241
2534 215573
2535 215186
2536 215830
2537 215777
2538 215663
2539 215969
2540 216030
2541 215620
2542 215706
2543 215781
2544 215977
2545 215104
2546 216337
2547 216089
2548 216032
2549 215267
2550 215731
2551 216159
2552 215701
2553 216370
2554 215274
2555 215517
2556 215457
2557 215804
2558 215352
2559 216403
2560 215806
2561 215558
2562 216493
2563 216031
2564 215730
2565 215932
2566 215729
2567 215410
2568 214942
2569 215748
2570 215806
2571 215868
2572 215407
2573 216273
2574 215727
2575 215630
2576 215807
2577 215744
2578 215256
2579 216287
2580 215782
2581 215935
2582 216090
2583 215862
2584 215688
2585 216145
2586 216246
2587 215939
2588 216068
2589 215897
2590 215839
2591 216064
2592 216140
2593 216254
2594 215880
2595 216192
2596 215605
2597 215720
2598 216185
2599 216185
2600 216283
2601 215712
2602 215892
2603 216162
2604 215913
2605 216121
2606 215709
2607 215579
2608 215690
2609 215422
2610 216199
2611 215565
2612 215315
2613 215380
2614 215874
2615 214855
2616 215655
2617 216035
2618 215526
2619 215695
2620 216033
2621 215484
2622 215727
2623 215308
2624 215679
2625 215372
2626 216043
2627 215275
2628 215471
2629 216021
2630 215654
2631 215414
2632 215740
2633 215547
2634 215519
2635 215229
2636 215162
2637 215747
2638 215793
2639 215290
2640 216413
2641 215431
2642 215449
2643 215345
2644 215399
2645 215631
2646 216140
2647 215125
2648 214698
2649 215226
2650 215626
2651 215505
2652 214928
2653 215086
2654 215448
2655 215431
2656 215015
2657 214939
2658 215223
2659 214499
2660 215016
2661 215215
2662 215149
2663 215315
2664 215449
2665 215460
2666 215246
2667 215360
2668 215084
2669 215149
2670 215074
2671 215126
2672 215378
2673 214724
2674 215444
2675 215461
2676 215009
2677 214288
2678 215077
2679 215420
2680 215426
2681 214948
2682 215463
2683 215322
2684 215212
2685 215438
2686 215399
2687 215895
2688 214863
2689 215194
2690 215603
2691 215102
2692 215884
2693 215134
2694 215616
2695 215730
2696 214681
2697 216020
2698 215835
2699 215239
2700 215445
2701 215747
2702 215802
2703 215755
2704 215869
2705 215634
2706 215663
2707 215449
2708 215694
2709 215925
2710 215629
2711 215635
2712 215747
2713 215264
2714 215327
2715 216184
2716 215252
2717 215395
2718 215756
2719 215804
2720 215320
2721 215114
2722 215502
2723 215292
2724 214915
2725 215099
2726 215555
2727 215175
2728 215103
2729 215607
2730 215302
2731 214924
2732 215906
2733 215395
2734 214869
2735 215417
2736 215094
2737 214808
2738 214848
2739 215083
2740 215164
2741 215597
2742 214973
2743 215096
2744 214490
2745 214647
2746 214928
2747 214840
2748 215301
2749 215272
2750 214670
2751 215551
2752 215492
2753 215394
2754 215045
2755 214893
2756 214594
2757 215244
2758 214752
2759 214967
2760 214313
2761 215072
2762 215129
2763 215417
2764 215591
2765 215409
2766 215496
2767 215412
2768 215142
2769 215837
2770 215275
2771 215753
2772 215867
2773 215792
2774 215628
2775 215201
2776 214854
2777 215266
2778 216111
2779 215155
2780 215390
2781 215481
2782 214869
2783 215014
2784 215182
2785 214858
2786 215326
2787 214714
2788 214455
2789 214610
2790 214525
2791 214801
2792 215130
2793 214499
2794 214219
2795 214837
2796 214331
2797 214679
2798 214721
2799 214420
2800 214479
2801 213764
2802 214768
2803 214370
2804 214159
2805 214687
2806 214315
2807 213985
2808 214562
2809 214545
2810 214395
2811 214685
2812 214179
2813 214485
2814 214216
2815 214278
2816 213917
2817 214294
2818 213212
2819 213827
2820 213892
2821 213817
2822 213834
2823 213959
2824 213684
2825 214094
2826 213993
2827 213576
2828 214149
2829 213236
2830 213437
2831 213557
2832 213962
2833 213779
2834 213878
2835 213663
2836 213914
2837 213660
2838 213619
2839 214193
2840 213770
2841 213638
2842 213333
2843 213532
2844 213816
2845 213649
2846 213710
2847 213859
2848 213391
2849 213839
2850 213600
2851 213637
2852 213561
2853 213772
2854 214022
2855 213691
2856 213733
2857 213362
2858 213462
2859 213616
2860 213592
2861 213328
2862 213574
2863 213730
2864 213549
2865 212560
2866 213222
2867 213446
2868 213335
2869 213279
2870 213681
2871 213070
2872 213424
2873 213027
2874 213194
2875 213528
2876 213353
2877 213119
2878 213461
2879 213126
2880 212880
2881 213388
2882 213378
2883 213430
2884 213083
2885 213006
2886 213936
2887 213385
2888 213301
2889 213542
2890 213370
2891 213747
2892 213157
2893 213364
2894 213597
2895 213126
2896 213623
2897 213263
2898 213792
2899 213316
2900 213361
2901 213573
2902 213391
2903 213494
2904 212702
2905 212920
2906 212863
2907 212830
2908 212521
2909 212839
2910 212891
2911 212697
2912 213330
2913 213126
2914 212595
2915 213228
2916 212490
2917 213279
2918 213166
2919 212500
2920 212458
2921 212850
2922 212767
2923 212815
2924 213027
2925 212379
2926 212658
2927 212547
2928 212637
2929 212533
2930 212785
2931 213027
2932 212827
2933 212931
2934 212524
2935 212984
2936 212437
2937 212798
2938 212532
2939 212819
2940 212561
2941 212851
2942 213197
2943 212309
2944 212724
2945 212739
2946 211768
2947 212684
2948 212565
2949 212588
2950 212947
2951 212936
2952 212610
2953 212756
2954 212025
2955 213080
2956 212941
2957 212823
2958 212283
2959 212639
2960 212558
2961 212672
2962 212720
2963 212404
2964 212737
2965 213032
2966 212680
2967 213296
2968 213192
2969 212544
2970 212662
2971 212806
2972 212677
2973 212163
2974 212458
2975 212075
2976 212398
2977 212723
2978 212067
2979 212867
2980 212620
2981 212492
2982 212453
2983 212401
2984 212439
2985 212414
2986 212483
2987 212888
2988 212488
2989 212531
2990 212283
2991 213002
2992 211814
2993 212626
2994 212390
2995 212175
2996 212009
2997 212266
2998 211806
2999 212102
3000 212144
3001 211914
3002 212019
3003 212286
3004 211787
3005 211648
3006 211707
3007 211935
3008 212010
3009 212076
3010 212349
3011 212287
3012 212192
3013 212068
3014 212084
3015 212006
3016 211843
3017 211709
3018 211814
3019 211655
3020 211648
3021 211887
3022 212085
3023 212201
3024 211207
3025 211606
3026 212211
3027 211456
3028 212469
3029 212166
3030 211755
3031 211905
3032 211824
3033 211467
3034 211523
3035 211603
3036 211515
3037 211495
3038 211257
3039 211701
3040 211010
3041 211364
3042 210680
3043 211700
3044 211732
3045 210925
3046 211629
3047 211289
3048 211317
3049 211414
3050 210869
3051 211206
3052 211612
3053 211441
3054 211213
3055 211193
3056 211310
3057 210967
3058 210938
3059 211052
3060 210619
3061 210796
3062 211530
3063 211038
3064 210712
3065 211618
3066 210946
3067 211141
3068 210654
3069 210397
3070 210586
3071 211090
3072 210761
3073 211417
3074 210664
3075 210401
3076 211067
3077 210830
3078 210300
3079 210728
3080 210440
3081 210912
3082 210685
3083 210845
3084 210369
3085 210885
3086 210893
3087 211038
3088 210696
3089 210985
3090 211233
3091 210204
3092 211263
3093 210748
3094 210844
3095 210436
3096 210694
3097 210803
3098 211242
3099 210580
3100 210861
3101 210634
3102 210699
3103 210621
3104 210256
3105 210587
3106 210527
3107 210338
3108 211261
3109 210716
3110 210761
3111 211034
3112 210919
3113 211226
3114 210621
3115 210895
3116 210572
3117 211159
3118 210795
3119 211196
3120 210773
3121 210583
3122 210528
3123 210819
3124 210809
3125 210670
3126 210991
3127 210978
3128 210539
3129 210760
3130 210391
3131 210679
3132 211077
3133 210716
3134 210532
3135 211112
3136 210959
3137 210633
3138 210427
3139 210458
3140 210771
3141 210941
3142 211019
3143 210602
3144 211074
3145 210763
3146 210804
3147 210728
3148 210732
3149 210843
3150 210888
3151 210493
3152 210495
3153 210796
3154 210061
3155 210926
3156 210142
3157 210786
3158 210926
3159 210343
3160 210490
3161 210348
3162 210305
3163 210748
3164 210837
3165 210459
3166 210620
3167 210924
3168 210593
3169 210679
3170 210544
3171 210597
3172 210195
3173 210555
3174 210438
3175 210800
3176 210299
3177 210737
3178 210718
3179 210903
3180 210889
3181 210750
3182 210779
3183 210430
3184 210958
3185 210640
3186 211014
3187 210800
3188 211051
3189 211006
3190 210522
3191 211298
3192 211181
3193 210743
3194 210968
3195 210879
3196 211158
3197 210628
3198 210650
3199 210747
3200 211348
3201 210658
3202 210258
3203 210581
3204 210844
3205 211100
3206 210706
3207 211028
3208 210770
3209 210208
3210 210791
3211 210696
3212 210395
3213 210579
3214 210639
3215 210623
3216 210194
3217 210857
3218 210657
3219 210959
3220 210826
3221 210509
3222 210245
3223 210748
3224 210630
3225 210705
3226 210327
3227 210519
3228 210512
3229 210178
3230 210689
3231 210921
3232 210635
3233 210709
3234 211071
3235 210458
3236 210355
3237 210218
3238 209935
3239 210893
3240 211080
3241 210232
3242 210632
3243 210466
3244 211109
3245 210720
3246 211109
3247 210426
3248 210548
3249 210752
3250 210187
3251 210843
3252 210563
3253 210370
3254 210820
3255 210458
3256 210486
3257 210588
3258 210879
3259 210645
3260 211044
3261 210460
3262 210600
3263 210273
3264 210620
3265 210456
3266 210386
3267 210370
3268 210288
3269 210405
3270 210392
3271 210365
3272 210283
3273 210464
3274 210467
3275 209990
3276 210757
3277 210818
3278 210206
3279 210758
3280 211209
3281 210136
3282 210429
3283 210663
3284 210696
3285 210520
3286 210690
3287 210592
3288 210737
3289 209895
3290 209997
3291 210616
3292 210296
3293 210533
3294 210316
3295 209946
3296 210583
3297 210114
3298 210463
3299 210077
3300 210140
3301 210691
3302 209862
3303 209512
3304 209793
3305 210185
3306 210709
3307 209572
3308 210170
3309 210371
3310 210314
3311 210010
3312 209953
3313 210221
3314 210162
3315 210350
3316 209992
3317 210153
3318 210106
3319 210213
3320 210036
3321 209931
3322 210504
3323 210332
3324 209783
3325 210356
3326 210312
3327 209953
3328 210165
3329 210185
3330 209970
3331 209880
3332 210122
3333 209935
3334 209662
3335 209926
3336 210224
3337 210083
3338 210509
3339 209550
3340 209310
3341 210346
3342 209811
3343 208983
3344 210397
3345 209275
3346 209442
3347 209946
3348 209736
3349 209425
3350 209332
3351 209990
3352 209257
3353 209880
3354 209929
3355 209533
3356 209388
3357 209355
3358 209428
3359 209496
3360 209358
3361 209858
3362 209624
3363 209078
3364 209675
3365 209853
3366 209359
3367 209877
3368 209749
3369 210002
3370 210116
3371 209477
3372 209508
3373 209318
3374 209688
3375 209654
3376 209685
3377 209038
3378 209698
3379 209167
3380 209490
3381 209515
3382 209478
3383 209270
3384 209093
3385 209438
3386 209229
3387 209375
3388 209200
3389 209702
3390 209682
3391 209797
3392 209886
3393 209729
3394 209077
3395 209577
3396 209673
3397 210062
3398 209867
3399 209974
3400 209133
3401 209540
3402 209376
3403 209379
3404 209488
3405 209363
3406 209814
3407 209023
3408 209560
3409 209599
3410 209163
3411 209517
3412 209320
3413 209659
3414 209584
3415 209400
3416 209414
3417 209424
3418 209576
3419 209573
3420 209435
3421 209466
3422 209389
3423 209625
3424 209521
3425 209435
3426 208927
3427 209340
3428 208830
3429 209679
3430 209450
3431 209520
3432 209160
3433 210115
3434 209009
3435 209059
3436 209200
3437 210157
3438 209125
3439 209299
3440 209875
3441 209347
3442 209081
3443 208500
3444 209235
3445 209373
3446 209220
3447 209671
3448 209262
3449 209250
3450 209173
3451 209164
3452 208938
3453 209381
3454 209314
3455 209710
3456 209526
3457 209356
3458 209179
3459 209293
3460 209410
3461 209261
3462 208968
3463 209735
3464 209304
3465 208739
3466 209597
3467 209198
3468 209389
3469 208735
3470 208810
3471 209261
3472 209287
3473 209124
3474 209235
3475 209066
3476 209087
3477 209202
3478 208976
3479 208977
3480 209265
3481 209206
3482 209379
3483 209250
3484 209163
3485 209686
3486 209536
3487 209217
3488 209407
3489 209406
3490 209363
3491 209387
3492 208804
3493 209493
3494 209188
3495 209365
3496 209316
3497 208893
3498 209129
3499 209521
3500 208633
3501 208866
3502 209293
3503 208461
3504 209049
3505 209113
3506 209249
3507 209077
3508 209063
3509 209288
3510 209250
3511 209518
3512 208930
3513 208614
3514 208785
3515 208462
3516 209024
3517 209658
3518 208966
3519 208819
3520 209118
3521 208761
3522 209002
3523 208819
3524 209259
3525 208826
3526 208906
3527 209300
3528 208990
3529 209000
3530 208820
3531 208778
3532 208550
3533 208788
3534 208627
3535 209276
3536 209068
3537 208607
3538 209356
3539 208473
3540 209018
3541 209145
3542 208696
3543 208565
3544 208255
3545 208329
3546 208643
3547 209128
3548 208800
3549 208843
3550 208649
3551 208531
3552 208861
3553 209151
3554 209363
3555 209173
3556 208650
3557 208566
3558 208481
3559 207866
3560 208547
3561 208005
3562 208807
3563 209008
3564 208838
3565 209594
3566 208416
3567 208459
3568 208656
3569 209046
3570 208992
3571 208371
3572 208951
3573 208844
3574 208679
3575 209125
3576 209328
3577 208754
3578 208494
3579 208803
3580 208756
3581 208926
3582 208988
3583 209039
3584 208956
3585 209109
3586 208768
3587 208315
3588 209173
3589 208553
3590 208795
3591 209141
3592 208931
3593 209242
3594 209042
3595 208416
3596 208937
3597 209211
3598 208881
3599 208653
3600 209064
3601 208813
3602 208738
3603 209161
3604 208934
3605 208769
3606 208512
3607 208874
3608 208777
3609 209054
3610 208798
3611 208811
3612 209060
3613 208515
3614 208845
3615 208494
3616 208216
3617 208838
3618 208996
3619 208517
3620 208513
3621 208656
3622 208524
3623 208435
3624 208588
3625 209004
3626 208375
3627 209109
3628 209113
3629 208455
3630 208638
3631 208696
3632 208678
3633 208568
3634 208688
3635 208879
3636 208835
3637 208428
3638 208767
3639 208553
3640 208541
3641 208967
3642 208837
3643 209032
3644 208647
3645 208552
3646 209006
3647 208607
3648 208337
3649 208707
3650 208072
3651 208762
3652 208745
3653 208997
3654 209360
3655 208362
3656 209304
3657 208564
3658 208550
3659 208367
3660 208975
3661 208207
3662 208536
3663 207954
3664 208574
3665 209174
3666 208963
3667 208349
3668 208282
3669 208279
3670 208512
3671 208365
3672 208238
3673 208036
3674 207980
3675 207452
3676 207896
3677 208690
3678 208163
3679 208258
3680 207885
3681 208559
3682 208131
3683 207859
3684 208088
3685 207920
3686 208497
3687 207692
3688 207727
3689 208154
3690 208138
3691 207700
3692 207936
3693 207554
3694 208128
3695 208137
3696 207612
3697 207357
3698 207858
3699 207349
3700 207902
3701 207767
3702 207685
3703 207747
3704 207182
3705 207493
3706 207634
3707 208007
3708 207644
3709 207438
3710 207999
3711 207906
3712 207348
3713 207297
3714 207540
3715 207887
3716 207714
3717 207679
3718 207563
3719 207589
3720 207770
3721 207589
3722 207217
3723 208013
3724 207227
3725 207959
3726 207345
3727 208288
3728 207628
3729 207570
3730 207651
3731 207695
3732 207202
3733 207246
3734 207070
3735 207696
3736 207775
3737 207617
3738 207495
3739 207899
3740 206943
3741 207270
3742 207725
3743 207175
3744 207765
3745 207808
3746 207510
3747 207366
3748 207883
3749 207217
3750 207291
3751 207560
3752 207473
3753 207265
3754 207494
3755 207374
3756 207786
3757 207888
3758 207214
3759 207259
3760 207501
3761 206949
3762 207652
3763 207457
3764 207647
3765 207101
3766 207355
3767 207515
3768 207206
3769 207544
3770 207214
3771 206939
3772 207346
3773 207183
3774 206853
3775 207276
3776 206923
3777 207250
3778 207201
3779 206948
3780 207386
3781 207179
3782 207662
3783 207155
3784 207523
3785 207393
3786 207320
3787 208006
3788 207577
3789 207644
3790 207632
3791 207097
3792 207481
3793 207356
3794 207004
3795 207233
3796 207298
3797 207206
3798 207483
3799 206759
3800 207199
3801 207310
3802 207141
3803 207052
3804 206910
3805 207343
3806 207069
3807 207066
3808 206782
3809 207040
3810 207124
3811 207095
3812 207077
3813 207414
3814 207422
3815 207216
3816 207408
3817 207754
3818 206971
3819 207019
3820 207006
3821 207248
3822 206759
3823 207654
3824 207416
3825 206906
3826 207369
3827 207426
3828 207282
3829 207276
3830 206945
3831 207324
3832 207322
3833 207384
3834 207014
3835 207261
3836 207382
3837 207162
3838 207681
3839 207494
3840 207137
3841 207199
3842 207136
3843 207573
3844 207256
3845 207580
3846 207597
3847 207237
3848 207369
3849 207774
3850 207872
3851 206932
3852 207443
3853 207568
3854 207574
3855 206576
3856 207456
3857 207413
3858 207331
3859 207020
3860 207557
3861 207270
3862 207236
3863 207844
3864 207325
3865 207092
3866 206807
3867 206598
3868 207459
3869 207219
3870 207488
3871 207348
3872 207105
3873 207286
3874 207346
3875 206965
3876 207086
3877 207169
3878 207180
3879 207112
3880 207573
3881 207581
3882 207151
3883 206570
3884 207047
3885 207203
3886 207119
3887 207521
3888 207141
3889 207267
3890 207128
3891 207156
3892 206678
3893 206863
3894 207011
3895 206824
3896 207168
3897 206583
3898 206973
3899 206955
3900 207247
3901 206635
3902 206716
3903 206630
3904 207534
3905 206806
3906 207126
3907 207050
3908 207029
3909 206555
3910 207381
3911 207105
3912 206968
3913 207375
3914 207672
3915 207078
3916 207262
3917 207357
3918 206952
3919 206983
3920 207339
3921 207282
3922 207111
3923 207011
3924 207107
3925 207723
3926 207166
3927 207140
3928 207082
3929 206555
3930 207476
3931 207003
3932 207660
3933 207205
3934 207045
3935 207359
3936 207520
3937 207024
3938 206775
3939 206650
3940 206811
3941 207150
3942 206708
3943 206989
3944 207521
3945 207432
3946 206903
3947 207032
3948 206954
3949 207033
3950 206758
3951 206952
3952 207083
3953 207251
3954 206931
3955 207546
3956 207580
3957 207255
3958 207339
3959 206788
3960 207318
3961 207203
3962 207492
3963 207597
3964 207172
3965 206709
3966 207182
3967 206741
3968 206931
3969 207111
3970 207423
3971 207241
3972 207279
3973 207325
3974 206840
3975 207245
3976 206938
3977 206907
3978 207267
3979 206769
3980 207200
3981 207104
3982 206580
3983 207144
3984 207031
3985 206708
3986 206718
3987 206667
3988 206942
3989 207347
3990 207050
3991 207262
3992 207248
3993 206489
3994 207062
3995 206983
3996 206881
3997 207398
3998 206833
3999 206751
4000 207659
4001 207123
4002 206963
4003 207094
4004 207450
4005 207155
4006 207548
4007 207320
4008 207132
4009 207080
4010 206861
4011 207112
4012 206996
4013 206828
4014 206811
4015 206857
4016 207162
4017 207232
4018 207041
4019 206780
4020 207459
4021 206716
4022 207372
4023 206694
4024 206826
4025 206598
4026 206879
4027 207099
4028 206969
4029 206599
4030 206825
4031 207434
4032 207421
4033 206743
4034 207536
4035 207185
4036 207354
4037 207489
4038 206709
4039 206607
4040 206793
4041 207262
4042 207088
4043 207152
4044 207395
4045 206619
4046 206961
4047 206874
4048 207051
4049 208093
4050 207517
4051 207439
4052 206622
4053 206902
4054 207177
4055 207271
4056 207186
4057 207353
4058 206746
4059 207164
4060 207021
4061 206692
4062 206591
4063 207330
4064 206978
4065 207598
4066 207149
4067 206883
4068 207680
4069 206791
4070 206754
4071 207486
4072 206582
4073 206750
4074 207468
4075 207062
4076 207112
4077 207134
4078 206503
4079 207173
4080 207162
4081 207306
4082 207455
4083 206953
4084 207283
4085 207022
4086 206872
4087 207144
4088 207199
4089 207021
4090 207539
4091 206980
4092 207028
4093 206983
4094 206918
4095 207498
4096 207357
4097 207079
4098 207235
4099 206634
4100 207276
4101 207355
4102 206808
4103 207320
4104 207170
4105 207179
4106 207034
4107 207569
4108 207439
4109 207148
4110 207715
4111 207267
4112 206714
4113 207354
4114 207329
4115 208141
4116 207078
4117 207063
4118 207557
4119 207579
4120 207164
4121 207270
4122 207467
4123 207272
4124 207161
4125 207712
4126 206838
4127 207625
4128 207312
4129 207040
4130 207549
4131 207138
4132 207512
4133 206831
4134 207706
4135 207747
4136 207626
4137 207416
4138 207716
4139 207261
4140 207893
4141 207653
4142 207048
4143 207129
4144 207551
4145 207726
4146 207541
4147 207161
4148 207618
4149 207370
4150 207705
4151 207676
4152 208087
4153 207464
4154 207621
4155 207699
4156 207173
4157 207343
4158 207403
4159 207244
4160 207648
4161 207679
4162 208230
4163 207931
4164 207840
4165 207705
4166 207500
4167 207646
4168 207824
4169 207865
4170 207926
4171 208051
4172 207580
4173 207681
4174 207718
4175 207511
4176 208290
4177 208070
4178 207700
4179 208289
4180 208078
4181 207805
4182 207613
4183 208169
4184 208087
4185 208096
4186 208267
4187 207707
4188 207393
4189 207675
4190 207718
4191 208170
4192 208365
4193 207962
4194 207892
4195 208107
4196 207729
4197 207999
4198 207968
4199 208007
4200 207933
4201 208648
4202 208090
4203 207961
4204 208240
4205 207781
4206 208600
4207 208190
4208 207815
4209 208042
4210 208479
4211 207737
4212 208854
4213 208146
4214 208191
4215 208998
4216 207899
4217 208153
4218 208590
4219 207820
4220 207952
4221 208167
4222 208554
4223 207614
4224 208125
4225 208370
4226 208337
4227 208094
4228 208291
4229 208283
4230 208703
4231 208141
4232 208169
4233 208465
4234 208698
4235 208362
4236 208157
4237 208137
4238 208221
4239 208487
4240 207844
4241 208657
4242 208467
4243 208486
4244 208687
4245 208471
4246 208351
4247 208114
4248 208609
4249 208613
4250 208280
4251 208689
4252 208357
4253 209041
4254 207930
4255 209016
4256 208500
4257 207692
4258 208606
4259 208361
4260 208695
4261 208526
4262 208366
4263 207996
4264 208096
4265 208276
4266 208391
4267 208517
4268 208477
4269 208100
4270 208331
4271 208171
4272 208020
4273 208224
4274 207888
4275 208125
4276 208514
4277 208318
4278 208727
4279 208464
4280 208374
4281 208124
4282 208875
4283 208160
4284 208676
4285 208119
4286 208719
4287 208419
4288 208227
4289 208395
4290 208893
4291 208295
4292 208621
4293 208041
4294 208465
4295 208364
4296 208490
4297 208765
4298 208766
4299 208523
4300 208719
4301 208107
4302 208743
4303 208904
4304 209063
4305 208847
4306 208244
4307 208607
4308 208753
4309 208427
4310 208782
4311 208399
4312 208295
4313 208819
4314 208617
4315 208766
4316 208802
4317 208863
4318 208668
4319 208758
4320 208927
4321 208542
4322 209300
4323 208661
4324 207854
4325 208930
4326 208259
4327 208937
4328 209297
4329 208741
4330 209047
4331 208357
4332 208843
4333 208629
4334 209009
4335 208454
4336 208336
4337 209123
4338 209131
4339 208604
4340 208903
4341 208799
4342 208975
4343 208576
4344 208951
4345 208811
4346 208850
4347 209183
4348 208492
4349 208174
4350 208773
4351 208690
4352 208582
4353 208862
4354 208450
4355 208492
4356 208354
4357 209180
4358 208631
4359 208834
4360 208598
4361 208466
4362 208524
4363 208652
4364 208642
4365 209081
4366 208438
4367 208745
4368 208617
4369 208561
4370 208972
4371 208172
4372 208557
4373 208866
4374 208490
4375 208806
4376 208474
4377 208851
4378 208408
4379 208700
4380 208348
4381 208701
4382 209325
4383 208772
4384 208510
4385 208324
4386 209016
4387 208576
4388 209001
4389 208881
4390 208760
4391 208934
4392 209356
4393 208828
4394 208790
4395 208427
4396 209010
4397 209133
4398 208474
4399 208733
4400 209156
4401 209106
4402 209506
4403 208690
4404 208327
4405 208782
4406 208989
4407 208612
4408 209462
4409 209344
4410 208522
4411 209299
4412 208609
4413 208724
4414 208904
4415 209250
4416 209065
4417 208929
4418 208831
4419 209009
4420 209247
4421 208714
4422 208834
4423 209063
4424 208987
4425 209060
4426 209253
4427 209022
4428 209161
4429 208981
4430 208485
4431 209339
4432 209316
4433 208912
4434 209235
4435 209257
4436 209330
4437 209660
4438 209446
4439 208652
4440 209712
4441 209251
4442 208942
4443 208631
4444 209285
4445 209202
4446 208917
4447 209040
4448 208954
4449 209488
4450 209141
4451 209240
4452 209125
4453 209033
4454 209376
4455 209266
4456 208912
4457 209079
4458 209183
4459 209661
4460 210102
4461 209305
4462 209258
4463 209237
4464 209733
4465 209571
4466 209370
4467 209980
4468 208752
4469 209132
4470 209358
4471 209453
4472 209287
4473 209252
4474 209459
4475 209119
4476 209161
4477 209052
4478 209315
4479 209221
4480 209432
4481 209586
4482 209705
4483 209300
4484 209837
4485 209001
4486 209470
4487 209547
4488 209312
4489 209899
4490 208975
4491 209577
4492 209570
4493 209440
4494 209456
4495 209494
4496 209139
4497 209600
4498 209905
4499 209438
4500 209471
4501 209463
4502 209557
4503 210102
4504 209620
4505 209787
4506 209338
4507 209182
4508 209663
4509 209677
4510 209841
4511 209697
4512 209635
4513 209693
4514 209622
4515 209311
4516 209416
4517 209765
4518 209752
4519 209884
4520 209187
4521 209715
4522 209346
4523 210148
4524 209619
4525 209547
4526 209643
4527 209849
4528 209541
4529 209732
4530 209501
4531 209737
4532 209855
4533 210085
4534 209794
4535 209988
4536 209611
4537 210300
4538 210101
4539 209674
4540 210006
4541 209726
4542 209927
4543 209872
4544 209630
4545 209842
4546 210391
4547 209696
4548 209870
4549 209737
4550 209747
4551 209825
4552 209708
4553 209269
4554 209874
4555 210474
4556 209381
4557 210130
4558 209723
4559 209674
4560 209802
4561 210284
4562 209841
4563 209931
4564 210111
4565 209609
4566 210065
4567 209816
4568 209984
4569 209955
4570 210072
4571 210077
4572 210161
4573 210065
4574 210083
4575 209720
4576 209874
4577 209536
4578 210111
4579 209455
4580 210087
4581 210038
4582 210007
4583 210487
4584 210041
4585 209438
4586 210064
4587 210065
4588 210056
4589 210032
4590 210268
4591 210363
4592 210417
4593 210595
4594 209814
4595 210045
4596 210055
4597 210186
4598 210393
4599 210255
4600 210397
4601 209969
4602 209840
4603 210115
4604 210282
4605 210144
4606 210126
4607 210120
4608 210162
4609 210638
4610 210280
4611 209698
4612 209854
4613 209849
4614 209909
4615 210045
4616 209979
4617 210063
4618 209855
4619 210111
4620 210344
4621 210447
4622 210279
4623 210273
4624 209978
4625 210101
4626 210310
4627 209824
4628 210564
4629 210182
4630 209843
4631 209951
4632 209676
4633 209641
4634 209464
4635 209850
4636 209840
4637 209987
4638 210300
4639 209474
4640 209928
4641 210007
4642 209934
4643 210393
4644 210122
4645 209716
4646 209631
4647 210116
4648 209695
4649 210031
4650 209841
4651 210219
4652 210081
4653 209663
4654 209888
4655 209648
4656 209805
4657 210351
4658 210039
4659 210085
4660 209841
4661 209713
4662 209943
4663 209960
4664 209979
4665 209556
4666 209558
4667 210157
4668 209645
4669 210062
4670 209558
4671 210232
4672 209777
4673 209955
4674 210063
4675 210060
4676 209929
4677 210370
4678 209867
4679 210009
4680 209900
4681 209767
4682 209707
4683 209501
4684 209613
4685 209687
4686 209716
4687 209752
4688 210326
4689 209697
4690 210088
4691 209330
4692 210457
4693 209954
4694 209926
4695 209888
4696 209647
4697 209707
4698 210225
4699 209964
4700 209932
4701 210235
4702 209735
4703 209940
4704 210013
4705 209720
4706 209963
4707 209535
4708 209900
4709 210082
4710 209594
4711 209413
4712 209617
4713 210046
4714 209584
4715 210026
4716 209725
4717 210613
4718 210026
4719 209870
4720 209534
4721 209970
4722 209434
4723 209528
4724 210144
4725 209646
4726 209729
4727 209929
4728 209662
4729 210106
4730 210068
4731 209401
4732 208917
4733 209973
4734 209990
4735 209624
4736 209537
4737 209881
4738 209669
4739 209495
4740 209271
4741 209681
4742 209505
4743 209568
4744 209943
4745 210007
4746 209981
4747 209446
4748 209715
4749 209874
4750 209726
4751 210298
4752 209524
4753 209592
4754 209315
4755 209138
4756 209568
4757 209611
4758 209644
4759 209821
4760 209568
4761 210025
4762 209497
4763 209429
4764 209295
4765 209617
4766 209468
4767 210047
4768 209275
4769 209950
4770 209532
4771 209714
4772 209546
4773 209790
4774 209545
4775 209565
4776 209437
4777 209283
4778 209405
4779 209610
4780 208697
4781 209344
4782 209490
4783 209202
4784 209172
4785 209077
4786 209452
4787 208917
4788 209652
4789 209815
4790 209485
4791 209051
4792 209594
4793 209491
4794 208957
4795 209238
4796 209475
4797 209657
4798 208968
4799 209610
4800 209865
4801 209385
4802 209061
4803 209583
4804 209087
4805 209897
4806 209365
4807 209616
4808 208711
4809 209913
4810 209191
4811 209230
4812 209771
4813 209341
4814 209260
4815 208905
4816 209304
4817 209545
4818 209087
4819 209333
4820 209639
4821 209255
4822 209824
4823 209336
4824 208951
4825 209105
4826 209704
4827 209905
4828 209671
4829 209456
4830 209626
4831 209882
4832 209753
4833 209785
4834 209283
4835 209586
4836 209598
4837 209766
4838 209008
4839 209584
4840 209914
4841 209707
4842 209375
4843 209501
4844 209322
4845 209528
4846 209453
4847 209553
4848 209485
4849 209611
4850 209335
4851 209667
4852 210174
4853 209547
4854 210091
4855 209255
4856 209425
4857 209884
4858 209994
4859 209632
4860 210099
4861 210003
4862 209425
4863 209894
4864 209143
4865 210116
4866 209429
4867 210259
4868 209903
4869 209239
4870 209269
4871 209496
4872 209537
4873 209770
4874 209581
4875 209826
4876 209372
4877 209685
4878 209993
4879 209546
4880 209618
4881 209600
4882 209555
4883 209671
4884 209293
4885 209152
4886 209493
4887 209421
4888 209292
4889 209835
4890 209316
4891 209300
4892 209738
4893 209053
4894 208699
4895 209168
4896 208887
4897 209698
4898 209486
4899 209523
4900 209633
4901 209175
4902 208946
4903 209430
4904 209270
4905 208858
4906 209267
4907 209705
4908 209072
4909 208924
4910 209071
4911 209294
4912 209059
4913 209296
4914 209136
4915 208624
4916 208876
4917 209086
4918 208544
4919 209173
4920 209150
4921 208803
4922 208919
4923 208423
4924 209398
4925 209275
4926 209404
4927 209084
4928 209334
4929 209637
4930 209266
4931 209067
4932 208793
4933 209176
4934 209144
4935 209092
4936 208677
4937 209200
4938 209459
4939 209507
4940 209280
4941 209290
4942 209054
4943 209085
4944 209605
4945 208884
4946 209040
4947 208560
4948 209056
4949 209269
4950 208452
4951 208610
4952 209148
4953 209318
4954 209355
4955 209531
4956 209284
4957 209095
4958 209187
4959 208613
4960 208724
4961 209061
4962 209162
4963 209312
4964 209072
4965 209461
4966 209059
4967 208965
4968 209448
4969 208907
4970 209645
4971 208994
4972 209098
4973 208960
4974 209046
4975 208961
4976 209385
4977 208727
4978 208744
4979 209069
4980 209475
4981 209062
4982 208869
4983 209046
4984 209660
4985 209269
4986 208482
4987 209458
4988 208987
4989 208846
4990 209168
4991 209106
4992 209027
4993 208956
4994 208527
4995 208705
4996 209160
4997 208978
4998 208957
4999 209331
5000 208843
5001 208739
5002 209237
5003 208851
5004 209223
5005 209567
5006 209344
5007 209575
5008 208922
5009 208847
5010 209024
5011 208887
5012 208995
5013 209149
5014 208966
5015 209108
5016 209252
5017 209360
5018 208730
5019 208864
5020 209009
5021 208298
5022 209244
5023 209021
5024 209011
5025 209097
5026 209138
5027 209248
5028 209566
5029 209399
5030 209123
5031 209772
5032 208907
5033 209313
5034 209216
5035 208896
5036 209520
5037 209496
5038 208898
5039 209326
5040 209328
5041 208608
5042 209572
5043 209545
5044 208822
5045 209423
5046 209010
5047 209077
5048 209025
5049 209385
5050 209206
5051 209263
5052 209486
5053 209072
5054 209488
5055 209189
5056 209655
5057 209405
5058 209254
5059 208928
5060 209385
5061 208984
5062 209166
5063 209037
5064 209445
5065 209324
5066 208670
5067 208919
5068 209256
5069 209499
5070 209327
5071 209554
5072 209367
5073 208998
5074 209533
5075 209741
5076 209622
5077 209455
5078 209693
5079 208799
5080 209305
5081 209195
5082 209512
5083 209165
5084 208670
5085 209687
5086 209795
5087 209748
5088 209484
5089 209675
5090 208605
5091 210064
5092 209365
5093 209302
5094 209164
5095 209348
5096 209707
5097 209072
5098 209375
5099 209158
5100 209099
5101 209881
5102 209419
5103 209424
5104 209477
5105 209015
5106 209246
5107 209961
5108 208527
5109 209441
5110 209345
5111 209747
5112 209289
5113 209356
5114 209411
5115 208906
5116 209222
5117 209253
5118 209235
5119 209376
5120 208769
5121 209176
5122 209241
5123 209519
5124 209571
5125 209545
5126 209352
5127 209007
5128 209269
5129 209597
5130 208760
5131 209678
5132 209394
5133 208806
5134 209028
5135 209587
5136 209303
5137 208918
5138 209296
5139 209027
5140 209256
5141 209233
5142 208980
5143 209066
5144 209434
5145 209297
5146 209621
5147 209485
5148 209316
5149 208970
5150 209265
5151 208639
5152 209027
5153 209984
5154 209588
5155 209638
5156 209637
5157 209161
5158 209249
5159 209264
5160 209486
5161 208904
5162 209081
5163 209290
5164 209549
5165 209570
5166 209414
5167 208809
5168 209226
5169 209420
5170 209409
5171 209103
5172 209575
5173 209105
5174 209180
5175 208972
5176 209131
5177 208935
5178 209705
5179 208934
5180 209367
5181 209276
5182 209297
5183 209838
5184 209674
5185 209143
5186 209303
5187 209386
5188 209034
5189 208890
5190 209475
5191 208897
5192 209389
5193 209657
5194 209439
5195 209650
5196 209523
5197 209106
5198 209607
5199 208870
5200 209296
5201 209607
5202 209451
5203 208893
5204 209471
5205 209897
5206 208996
5207 209245
5208 209452
5209 209581
5210 209629
5211 209458
5212 208955
5213 209906
5214 209212
5215 209012
5216 209395
5217 209201
5218 209565
5219 209525
5220 209228
5221 209639
5222 209098
5223 209321
5224 209616
5225 209921
5226 209448
5227 208951
5228 209345
5229 208831
5230 209335
5231 209796
5232 209480
5233 208993
5234 209463
5235 209088
5236 209470
5237 209046
5238 208932
5239 209118
5240 209286
5241 209696
5242 209479
5243 209402
5244 209001
5245 209134
5246 209558
5247 209080
5248 208952
5249 209059
5250 208741
5251 208888
5252 209492
5253 209427
5254 209019
5255 209687
5256 209158
5257 209536
5258 209439
5259 209062
5260 208754
5261 209004
5262 208739
5263 209366
5264 208726
5265 209700
5266 209573
5267 208918
5268 208974
5269 209468
5270 209257
5271 209152
5272 209091
5273 209497
5274 209428
5275 209315
5276 208752
5277 209533
5278 209096
5279 209496
5280 209421
5281 209622
5282 209300
5283 208893
5284 209699
5285 209048
5286 209176
5287 209246
5288 209427
5289 209496
5290 209618
5291 208887
5292 209550
5293 209384
5294 209833
5295 209230
5296 209441
5297 209790
5298 209339
5299 208980
5300 209687
5301 209810
5302 209016
5303 209779
5304 209305
5305 209626
5306 209982
5307 209693
5308 209883
5309 209970
5310 209752
5311 209792
5312 209351
5313 209196
5314 209614
5315 209516
5316 209149
5317 209973
5318 209580
5319 209640
5320 210196
5321 209668
5322 209589
5323 209796
5324 209747
5325 209820
5326 210055
5327 209851
5328 209581
5329 209788
5330 209532
5331 210067
5332 209637
5333 209143
5334 209563
5335 210067
5336 209013
5337 209380
5338 209571
5339 210097
5340 209667
5341 209673
5342 209003
5343 209873
5344 210022
5345 209471
5346 209693
5347 209056
5348 209433
5349 209674
5350 209569
5351 209491
5352 209689
5353 210091
5354 209284
5355 209288
5356 209874
5357 209335
5358 209397
5359 209481
5360 209570
5361 209489
5362 209380
5363 209208
5364 209355
5365 209733
5366 209719
5367 209478
5368 209289
5369 209871
5370 209189
5371 209277
5372 209773
5373 209965
5374 209547
5375 209592
5376 209273
5377 209907
5378 209912
5379 209412
5380 209812
5381 209740
5382 209730
5383 209154
5384 209979
5385 209614
5386 209240
5387 209928
5388 209516
5389 209796
5390 209639
5391 209830
5392 209227
5393 209388
5394 209765
5395 210127
5396 209958
5397 209244
5398 209832
5399 209405
5400 209561
5401 210358
5402 210125
5403 210027
5404 209967
5405 210216
5406 209758
5407 209588
5408 209705
5409 210302
5410 209914
5411 209696
5412 209376
5413 209622
5414 209586
5415 209722
5416 209586
5417 209210
5418 209224
5419 209602
5420 209606
5421 209826
5422 209889
5423 209344
5424 209490
5425 209155
5426 209590
5427 210498
5428 210039
5429 209754
5430 209545
5431 209947
5432 209637
5433 209993
5434 209786
5435 209768
5436 209757
5437 209672
5438 210191
5439 210148
5440 210085
5441 209997
5442 209794
5443 209294
5444 209543
5445 210071
5446 209241
5447 210404
5448 209640
5449 209475
5450 210145
5451 209613
5452 209481
5453 209713
5454 209911
5455 209859
5456 209967
5457 209309
5458 209865
5459 209962
5460 209807
5461 209320
5462 209808
5463 210005
5464 210021
5465 210164
5466 209364
5467 209686
5468 209510
5469 209495
5470 209916
5471 210304
5472 209232
5473 209272
5474 209594
5475 209383
5476 209543
5477 209339
5478 209696
5479 210230
5480 209869
5481 209721
5482 210014
5483 209606
5484 209538
5485 209894
5486 209357
5487 209884
5488 209762
5489 209964
5490 209506
5491 210008
5492 209557
5493 209468
5494 209955
5495 209246
5496 208885
5497 210086
5498 209567
5499 209341
5500 209586
5501 209238
5502 209773
5503 209288
5504 209793
5505 209656
5506 209700
5507 209429
5508 209691
5509 209799
5510 209296
5511 209872
5512 209768
5513 209644
5514 209652
5515 209718
5516 210298
5517 209808
5518 209682
5519 210149
5520 209165
5521 209801
5522 209545
5523 210140
5524 209805
5525 209965
5526 209646
5527 209721
5528 209421
5529 209894
5530 209625
5531 209744
5532 210031
5533 209724
5534 209821
5535 210073
5536 209298
5537 210098
5538 209626
5539 209490
5540 209469
5541 209022
5542 209306
5543 209874
5544 209798
5545 210080
5546 209653
5547 209692
5548 210253
5549 210072
5550 209534
5551 209634
5552 209870
5553 209778
5554 209483
5555 209468
5556 209757
5557 209350
5558 209862
5559 209583
5560 210140
5561 209311
5562 210108
5563 210202
5564 209322
5565 209509
5566 209802
5567 209386
5568 210083
5569 210067
5570 209588
5571 209835
5572 210092
5573 209348
5574 209794
5575 209787
5576 209729
5577 209739
5578 209732
5579 210169
5580 209872
5581 209683
5582 209615
5583 210176
5584 209555
5585 209163
5586 209756
5587 209807
5588 210233
5589 209943
5590 210103
5591 209780
5592 209999
5593 209852
5594 209955
5595 209603
5596 210043
5597 210353
5598 209927
5599 209425
5600 209891
5601 209611
5602 209318
5603 210032
5604 209181
5605 209291
5606 210116
5607 209616
5608 209941
5609 209278
5610 209748
5611 209536
5612 209622
5613 209438
5614 209061
5615 209290
5616 209505
5617 209929
5618 209391
5619 209585
5620 209435
5621 209674
5622 209468
5623 209540
5624 209634
5625 209298
5626 209440
5627 209523
5628 209381
5629 209887
5630 209956
5631 209370
5632 209833
5633 209757
5634 209653
5635 209387
5636 209789
5637 209494
5638 209441
5639 209382
5640 209246
5641 209355
5642 209785
5643 209743
5644 209315
5645 209498
5646 209469
5647 209953
5648 208815
5649 208980
5650 209288
5651 209149
5652 209385
5653 209252
5654 209110
5655 209180
5656 208758
5657 208951
5658 209196
5659 208816
5660 208400
5661 208941
5662 208948
5663 209172
5664 208457
5665 209107
5666 208488
5667 208463
5668 208785
5669 208747
5670 208807
5671 209132
5672 208755
5673 209205
5674 208968
5675 208538
5676 208807
5677 209075
5678 208431
5679 208789
5680 209015
5681 208962
5682 208930
5683 208687
5684 208853
5685 208630
5686 208085
5687 208317
5688 208543
5689 208371
5690 207887
5691 208166
5692 209072
5693 208941
5694 208202
5695 208479
5696 208524
5697 208208
5698 207945
5699 208523
5700 208609
5701 208637
5702 208084
5703 208187
5704 208216
5705 208347
5706 208459
5707 207816
5708 208171
5709 208578
5710 208324
5711 208001
5712 208370
5713 208007
5714 207979
5715 208453
5716 208270
5717 207926
5718 207873
5719 208383
5720 207802
5721 208243
5722 207833
5723 208133
5724 208228
5725 208042
5726 208890
5727 207888
5728 207985
5729 207837
5730 207564
5731 207836
5732 208194
5733 207519
5734 207995
5735 208183
5736 207289
5737 208149
5738 207890
5739 208258
5740 207782
5741 207920
5742 208221
5743 207487
5744 208019
5745 208160
5746 208216
5747 207680
5748 208138
5749 208298
5750 207725
5751 207495
5752 207953
5753 207616
5754 207975
5755 207533
5756 207747
5757 207558
5758 208272
5759 207888
5760 207526
5761 207547
5762 207976
5763 208047
5764 207937
5765 208023
5766 207745
5767 207755
5768 207698
5769 207367
5770 207397
5771 207530
5772 207794
5773 207056
5774 207236
5775 207742
5776 207664
5777 207884
5778 207340
5779 207672
5780 207652
5781 207704
5782 207458
5783 207145
5784 207466
5785 207612
5786 207791
5787 207693
5788 207570
5789 207958
5790 207656
5791 207525
5792 207345
5793 207916
5794 207307
5795 207440
5796 207842
5797 207049
5798 207132
5799 207169
5800 207086
5801 207534
5802 207943
5803 207706
5804 207366
5805 207877
5806 207455
5807 207349
5808 207639
5809 207114
5810 207828
5811 207396
5812 207309
5813 207176
5814 207327
5815 207486
5816 207409
5817 207568
5818 207520
5819 207527
5820 207492
5821 207751
5822 207536
5823 207335
5824 207641
5825 207638
5826 207136
5827 207578
5828 207146
5829 207366
5830 206970
5831 207875
5832 207631
5833 207912
5834 207361
5835 208040
5836 207770
5837 206804
5838 208121
5839 207710
5840 207686
5841 206939
5842 207162
5843 207606
5844 207237
5845 207933
5846 207765
5847 207320
5848 207187
5849 207495
5850 208049
5851 207169
5852 208162
5853 207460
5854 207395
5855 207000
5856 207524
5857 207108
5858 207661
5859 206876
5860 206696
5861 207731
5862 207460
5863 207026
5864 207486
5865 207176
5866 207093
5867 207321
5868 207553
5869 207294
5870 207322
5871 207057
5872 207139
5873 206700
5874 206655
5875 207124
5876 206722
5877 207162
5878 206402
5879 206739
5880 207329
5881 207596
5882 206770
5883 206855
5884 207055
5885 206879
5886 206829
5887 207030
5888 206493
5889 207031
5890 206661
5891 207570
5892 207171
5893 206522
5894 206867
5895 206921
5896 206604
5897 207485
5898 206832
5899 206937
5900 206165
5901 207011
5902 206972
5903 206939
5904 206667
5905 206896
5906 207267
5907 207075
5908 206962
5909 207144
5910 206907
5911 206717
5912 207018
5913 206746
5914 206879
5915 206699
5916 206734
5917 206501
5918 206694
5919 206831
5920 207164
5921 206791
5922 206335
5923 206901
5924 207331
5925 207159
5926 206873
5927 206883
5928 206154
5929 206546
5930 206478
5931 206764
5932 206485
5933 206684
5934 206674
5935 206486
5936 206349
5937 206682
5938 206650
5939 206573
5940 206292
5941 205865
5942 206688
5943 206515
5944 206650
5945 206284
5946 206776
5947 206241
5948 207552
5949 206103
5950 206475
5951 206314
5952 206059
5953 206582
5954 206339
5955 206348
5956 206516
5957 206391
5958 206606
5959 206569
5960 206846
5961 206165
5962 206419
5963 206490
5964 205659
5965 206351
5966 206378
5967 205870
5968 206877
5969 206384
5970 206353
5971 206440
5972 206273
5973 206361
5974 206953
5975 206277
5976 205984
5977 206388
5978 206158
5979 206176
5980 206446
5981 206430
5982 206346
5983 206371
5984 206237
5985 206377
5986 206495
5987 206112
5988 206500
5989 206560
5990 206101
5991 206151
5992 206445
5993 206458
5994 205575
5995 205732
5996 206014
5997 205993
5998 206509
5999 206259
6000 206530
6001 206462
6002 205735
6003 206183
6004 206578
6005 205777
6006 206412
6007 205842
6008 206309
6009 206125
6010 206143
6011 205920
6012 205644
6013 206141
6014 206050
