H11890
GateTime 10
GateNumber 0
SN 30430302
0 215344
1 214349
2 214707
3 215292
4 213894
5 214939
6 214852
7 214535
8 214518
9 214961
10 215350
11 215239
12 215014
13 214442
14 214578
15 214797
16 214493
17 215285
18 215071
19 214601
20 214591
21 215021
22 214436
23 214728
24 215174
25 214689
26 214914
27 214943
28 214237
29 214239
30 214320
31 214944
32 214587
33 215042
34 214928
35 214972
36 214992
37 214519
38 214776
39 214678
40 214679
41 214696
42 214558
43 214969
44 214926
45 214288
46 215181
47 214751
48 215035
49 215147
50 214590
51 214606
52 215206
53 214809
54 214516
55 215216
56 215062
57 215078
58 215174
59 214744
60 214873
61 214549
62 215128
63 214712
64 215135
65 214670
66 214611
67 214878
68 215077
69 215088
70 215092
71 215774
72 215467
73 215002
74 215132
75 215116
76 215307
77 215376
78 214366
79 215353
80 215010
81 215051
82 214885
83 214960
84 215284
85 215129
86 215394
87 214825
88 215306
89 214899
90 215596
91 215134
92 215303
93 214596
94 214917
95 215494
96 215068
97 214649
98 215412
99 214763
100 214950
101 215235
102 215395
103 215362
104 214834
105 215532
106 215013
107 214974
108 215202
109 215550
110 215662
111 215755
112 215174
113 215102
114 215361
115 215578
116 215247
117 215314
118 214921
119 215346
120 215168
121 215100
122 215293
123 215191
124 214994
125 215909
126 215399
127 215157
128 215629
129 215257
130 215588
131 215783
132 215191
133 214600
134 215244
135 215294
136 215041
137 215591
138 215792
139 215512
140 215615
141 215239
142 215361
143 215214
144 215108
145 215293
146 215392
147 215209
148 215304
149 215100
150 215514
151 215801
152 215793
153 215299
154 215100
155 216062
156 215421
157 215935
158 215913
159 215704
160 215082
161 215505
162 215822
163 215815
164 215899
165 216388
166 215965
167 215197
168 215892
169 215363
170 215556
171 215781
172 215156
173 215663
174 215599
175 215961
176 215589
177 215940
178 215636
179 215609
180 215255
181 215579
182 215937
183 215529
184 215593
185 215705
186 215589
187 215579
188 215351
189 215877
190 215442
191 215472
192 215676
193 215592
194 215946
195 215759
196 215263
197 216040
198 215730
199 216235
200 215675
201 215925
202 215791
203 216404
204 215440
205 215575
206 215694
207 216045
208 215876
209 216266
210 215474
211 216175
212 215783
213 216068
214 216266
215 215786
216 216355
217 216181
218 216429
219 216293
220 216109
221 215946
222 216014
223 215999
224 216289
225 215938
226 216059
227 215838
228 216135
229 216480
230 215880
231 215987
232 216150
233 215748
234 216474
235 215853
236 216061
237 216319
238 216101
239 216156
240 216372
241 216102
242 216182
243 216319
244 215766
245 215790
246 215900
247 215920
248 216203
249 216051
250 215886
251 215991
252 216101
253 215671
254 216125
255 216107
256 216509
257 215701
258 216581
259 216545
260 216141
261 216135
262 216623
263 216183
264 216435
265 215346
266 216368
267 216208
268 216540
269 215986
270 216005
271 216328
272 216178
273 216366
274 215763
275 215805
276 216114
277 216927
278 216516
279 215958
280 216097
281 216267
282 215900
283 216823
284 216046
285 216800
286 216711
287 216302
288 216314
289 216073
290 215968
291 215483
292 216329
293 216585
294 216455
295 216573
296 216162
297 216115
298 216286
299 216546
300 217015
301 216466
302 216232
303 216339
304 216230
305 216559
306 216122
307 216744
308 216512
309 216732
310 216536
311 215906
312 216677
313 216405
314 216508
315 216511
316 216165
317 215887
318 216506
319 216376
320 216264
321 216201
322 216490
323 216060
324 216866
325 216594
326 216287
327 216339
328 216267
329 216543
330 216901
331 216228
332 216314
333 216184
334 216783
335 217263
336 216664
337 216320
338 217070
339 216480
340 216182
341 217159
342 216746
343 216453
344 216764
345 216373
346 216966
347 217063
348 216704
349 216926
350 216723
351 216714
352 216396
353 216716
354 216496
355 216253
356 216478
357 216300
358 216707
359 217030
360 216845
361 216235
362 216596
363 216293
364 216521
365 216418
366 216481
367 217524
368 216445
369 216633
370 216635
371 216140
372 216448
373 216606
374 216774
375 216722
376 215870
377 216429
378 216566
379 216385
380 216340
381 216154
382 216206
383 215924
384 216624
385 216561
386 216629
387 216331
388 216008
389 217119
390 216388
391 216585
392 216496
393 216762
394 216513
395 215892
396 216235
397 216604
398 216087
399 216612
400 216451
401 216359
402 216326
403 216088
404 216662
405 216199
406 216582
407 216376
408 216795
409 216368
410 216722
411 216965
412 216981
413 216409
414 216555
415 216570
416 216638
417 216195
418 216371
419 216629
420 216639
421 216284
422 216862
423 216655
424 216293
425 217100
426 216171
427 216609
428 216365
429 216192
430 216916
431 216585
432 216495
433 216786
434 216481
435 216580
436 216540
437 216502
438 216571
439 216427
440 216541
441 216885
442 217462
443 216543
444 216539
445 216881
446 216406
447 216643
448 216217
449 216756
450 216424
451 216748
452 216575
453 216432
454 216908
455 216389
456 216765
457 216290
458 216489
459 216970
460 216641
461 216434
462 216975
463 216418
464 217039
465 216329
466 216238
467 216434
468 216835
469 216747
470 216892
471 216554
472 216693
473 216589
474 216728
475 216949
476 216774
477 216554
478 216163
479 216583
480 216397
481 216561
482 216302
483 216281
484 216686
485 216442
486 216780
487 216584
488 216755
489 216553
490 216518
491 216288
492 216626
493 216442
494 216524
495 216494
496 216645
497 216884
498 216794
499 216724
500 216773
501 216992
502 216610
503 217133
504 217110
505 216715
506 216996
507 217078
508 217067
509 217058
510 216890
511 216780
512 216971
513 216441
514 217163
515 216812
516 216360
517 217090
518 217043
519 216812
520 216912
521 217512
522 217152
523 217034
524 217130
525 217133
526 216838
527 216790
528 216908
529 217003
530 216692
531 217087
532 217280
533 216998
534 216834
535 216983
536 216706
537 217190
538 216963
539 217441
540 217291
541 217314
542 216868
543 216742
544 216888
545 216830
546 217232
547 216936
548 217088
549 217086
550 217200
551 217090
552 217214
553 217339
554 217358
555 217279
556 217380
557 217136
558 217038
559 217255
560 216765
561 216646
562 216836
563 216705
564 217407
565 217776
566 217006
567 217358
568 217057
569 216910
570 217176
571 216960
572 217129
573 217177
574 216513
575 217479
576 217211
577 216931
578 217387
579 217136
580 216982
581 217110
582 217464
583 216263
584 217054
585 217128
586 217465
587 218004
588 217679
589 217119
590 217287
591 217709
592 217371
593 217157
594 217248
595 217370
596 217154
597 217121
598 217507
599 217659
600 217375
601 217697
602 217647
603 217388
604 217041
605 217282
606 217345
607 217406
608 217377
609 217156
610 217209
611 217102
612 217291
613 217177
614 217496
615 217246
616 217292
617 217695
618 217231
619 217673
620 217879
621 217295
622 217948
623 217469
624 217382
625 217938
626 217461
627 217518
628 217950
629 217851
630 217470
631 217925
632 217525
633 217574
634 217942
635 217963
636 217361
637 217847
638 217825
639 217643
640 217777
641 217640
642 217388
643 217742
644 217930
645 217623
646 217800
647 217851
648 217588
649 217737
650 217874
651 217633
652 217690
653 217711
654 217856
655 218052
656 217675
657 217901
658 217760
659 217808
660 217513
661 217814
662 217894
663 218144
664 217544
665 218274
666 217568
667 217804
668 217627
669 218067
670 218043
671 217760
672 217955
673 218129
674 217942
675 217997
676 217691
677 218038
678 217698
679 217933
680 218142
681 217986
682 218372
683 217745
684 218241
685 218141
686 217693
687 217891
688 218538
689 218528
690 218166
691 217773
692 217869
693 218450
694 218059
695 218488
696 217872
697 218001
698 218306
699 218567
700 217748
701 217657
702 217996
703 218104
704 217978
705 218593
706 218298
707 218561
708 217715
709 218594
710 218722
711 218108
712 218261
713 218343
714 218426
715 218128
716 218161
717 218447
718 218422
719 218216
720 218360
721 218117
722 218395
723 218094
724 218022
725 218256
726 218333
727 218392
728 218383
729 218407
730 218365
731 218517
732 218976
733 218544
734 218707
735 218517
736 217937
737 218318
738 218311
739 218675
740 218308
741 218471
742 218298
743 218641
744 218696
745 218559
746 218407
747 218521
748 218432
749 218667
750 218401
751 218423
752 218774
753 218458
754 218432
755 219076
756 219279
757 218804
758 218668
759 218443
760 219003
761 219144
762 218749
763 218862
764 219042
765 219423
766 218566
767 219349
768 218772
769 218824
770 218657
771 218838
772 219003
773 218370
774 219044
775 218762
776 218618
777 218696
778 219259
779 218749
780 218835
781 219550
782 218907
783 218895
784 218799
785 218855
786 218860
787 218713
788 219077
789 219097
790 218475
791 218886
792 218683
793 218999
794 219230
795 219148
796 219010
797 219328
798 218989
799 218633
800 219146
801 219074
802 218999
803 218905
804 219700
805 218836
806 218700
807 219177
808 219322
809 219098
810 219174
811 218541
812 219265
813 219267
814 219504
815 218555
816 219087
817 218697
818 219231
819 219192
820 219132
821 218836
822 217992
823 218992
824 218860
825 218696
826 219003
827 219462
828 219183
829 219304
830 219121
831 219123
832 218642
833 219051
834 219046
835 219337
836 219401
837 218810
838 219156
839 219251
840 218924
841 219456
842 219468
843 219029
844 218889
845 219207
846 219513
847 219153
848 218670
849 218624
850 219327
851 219148
852 218818
853 218912
854 219043
855 219339
856 219507
857 219325
858 219489
859 219085
860 219506
861 219019
862 219338
863 219339
864 219546
865 219091
866 219497
867 219284
868 219073
869 219147
870 220177
871 219616
872 219638
873 218565
874 219618
875 218745
876 219557
877 218516
878 219364
879 219614
880 219177
881 219022
882 219019
883 219139
884 218977
885 219503
886 219144
887 219519
888 219005
889 219358
890 219067
891 219428
892 218997
893 219477
894 220033
895 219831
896 219694
897 219781
898 219339
899 219216
900 219574
901 219676
902 219403
903 218875
904 219171
905 220164
906 219611
907 219599
908 219773
909 219255
910 219569
911 219679
912 219652
913 219362
914 219553
915 219877
916 219472
917 219460
918 219834
919 219390
920 219742
921 219713
922 219537
923 219305
924 219409
925 219976
926 219231
927 219139
928 219833
929 219506
930 219747
931 219545
932 220072
933 219515
934 220021
935 219520
936 219776
937 220016
938 219731
939 219848
940 219994
941 219931
942 220156
943 220384
944 219814
945 219778
946 220054
947 219633
948 220123
949 220294
950 219502
951 220234
952 219747
953 220114
954 220068
955 220474
956 220036
957 220337
958 219878
959 220323
960 220280
961 220580
962 220123
963 219995
964 219879
965 219572
966 220614
967 220626
968 220726
969 219867
970 220212
971 220571
972 220371
973 220426
974 220167
975 220525
976 220549
977 220552
978 220459
979 220267
980 220463
981 220732
982 220512
983 220818
984 220541
985 220560
986 220287
987 220595
988 220363
989 220103
990 220448
991 220310
992 220482
993 220518
994 220510
995 220496
996 220518
997 220416
998 220256
999 220423
1000 220237
1001 220788
1002 220313
1003 221012
1004 220145
1005 220488
1006 220651
1007 220880
1008 220182
1009 220293
1010 220200
1011 220249
1012 220476
1013 220696
1014 220244
1015 219887
1016 220592
1017 220411
1018 220265
1019 220750
1020 220196
1021 220287
1022 220359
1023 220920
1024 220669
1025 221177
1026 220357
1027 219919
1028 219927
1029 220505
1030 220543
1031 220037
1032 220977
1033 220918
1034 220865
1035 220994
1036 220599
1037 220469
1038 220916
1039 220346
1040 221172
1041 220704
1042 220690
1043 220840
1044 221059
1045 221170
1046 221068
1047 220768
1048 220507
1049 220930
1050 220714
1051 220731
1052 221153
1053 220825
1054 220075
1055 221043
1056 220104
1057 220358
1058 220752
1059 220805
1060 220392
1061 220867
1062 220381
1063 220620
1064 221080
1065 220514
1066 220702
1067 220607
1068 220564
1069 220920
1070 221226
1071 221123
1072 221070
1073 221293
1074 220554
1075 220609
1076 220629
1077 220731
1078 220544
1079 221091
1080 220608
1081 220532
1082 220844
1083 220587
1084 221131
1085 221413
1086 220970
1087 220692
1088 220969
1089 220725
1090 220734
1091 221116
1092 221056
1093 221206
1094 220992
1095 221221
1096 221070
1097 220982
1098 221089
1099 220961
1100 221134
1101 221042
1102 220603
1103 221338
1104 220830
1105 220856
1106 221068
1107 221334
1108 220846
1109 220714
1110 221131
1111 221511
1112 221477
1113 221112
1114 220724
1115 221014
1116 220884
1117 221322
1118 220921
1119 221066
1120 221017
1121 221001
1122 221413
1123 220794
1124 221619
1125 221196
1126 221352
1127 220675
1128 220522
1129 220737
1130 221043
1131 221173
1132 221152
1133 220985
1134 220769
1135 220839
1136 221043
1137 220564
1138 221147
1139 220967
1140 221250
1141 221129
1142 221314
1143 221182
1144 221101
1145 220857
1146 221357
1147 221275
1148 220748
1149 221318
1150 220877
1151 221091
1152 221391
1153 221181
1154 220715
1155 220954
1156 221155
1157 221438
1158 221087
1159 221876
1160 220995
1161 221308
1162 220967
1163 221008
1164 220840
1165 220832
1166 221156
1167 221295
1168 220389
1169 220873
1170 220743
1171 221324
1172 220801
1173 221595
1174 221098
1175 221090
1176 221084
1177 221413
1178 221122
1179 221456
1180 221126
1181 221436
1182 220918
1183 220772
1184 221121
1185 220634
1186 220705
1187 221602
1188 221432
1189 220888
1190 221181
1191 220808
1192 221245
1193 220783
1194 221627
1195 221961
1196 221756
1197 221511
1198 221542
1199 221690
1200 221297
1201 221236
1202 221363
1203 221355
1204 220960
1205 221462
1206 221466
1207 221661
1208 221743
1209 221532
1210 221029
1211 221445
1212 221415
1213 221637
1214 221597
1215 221831
1216 221670
1217 221193
1218 221641
1219 221706
1220 221976
1221 221491
1222 221633
1223 222142
1224 221782
1225 221853
1226 221419
1227 221659
1228 221232
1229 221552
1230 222028
1231 221153
1232 221375
1233 221730
1234 221559
1235 221561
1236 222302
1237 221709
1238 221492
1239 221460
1240 221693
1241 221533
1242 221854
1243 221407
1244 221605
1245 222400
1246 221907
1247 221387
1248 221690
1249 221752
1250 221818
1251 221600
1252 221909
1253 221287
1254 221987
1255 222179
1256 221982
1257 221819
1258 222006
1259 221818
1260 221590
1261 221796
1262 221825
1263 221663
1264 221171
1265 221764
1266 221939
1267 221733
1268 221688
1269 222173
1270 221468
1271 221770
1272 222046
1273 222214
1274 222330
1275 222512
1276 221923
1277 222045
1278 222030
1279 222392
1280 221554
1281 222028
1282 222181
1283 221569
1284 222019
1285 221525
1286 222229
1287 222082
1288 221596
1289 221572
1290 221869
1291 222239
1292 221951
1293 222272
1294 222080
1295 221953
1296 221947
1297 222178
1298 221867
1299 221822
1300 221812
1301 222424
1302 222076
1303 221934
1304 221657
1305 221988
1306 222403
1307 222435
1308 221890
1309 221881
1310 222495
1311 222055
1312 222557
1313 222106
1314 221553
1315 221884
1316 222552
1317 221927
1318 222202
1319 222481
1320 221943
1321 222320
1322 222563
1323 222507
1324 222392
1325 222575
1326 222337
1327 222648
1328 222080
1329 222739
1330 222157
1331 222353
1332 222576
1333 222675
1334 222069
1335 222021
1336 222352
1337 222114
1338 222398
1339 222713
1340 222737
1341 222686
1342 222597
1343 222850
1344 222576
1345 222579
1346 222609
1347 222988
1348 222249
1349 222529
1350 222109
1351 222260
1352 222656
1353 222443
1354 222280
1355 222229
1356 222579
1357 222915
1358 222126
1359 222123
1360 222519
1361 222681
1362 223002
1363 222559
1364 222377
1365 222765
1366 222307
1367 222645
1368 222986
1369 222925
1370 222109
1371 222651
1372 222636
1373 222178
1374 222697
1375 222723
1376 222625
1377 222657
1378 222670
1379 222561
1380 222279
1381 222385
1382 222701
1383 222875
1384 222342
1385 222573
1386 222588
1387 222719
1388 222138
1389 222402
1390 222606
1391 222832
1392 222940
1393 222549
1394 222055
1395 222191
1396 222828
1397 222291
1398 222686
1399 222412
1400 222701
1401 222434
1402 222943
1403 222403
1404 222107
1405 222920
1406 222383
1407 222268
1408 222687
1409 222339
1410 222876
1411 222493
1412 222595
1413 222502
1414 222708
1415 222600
1416 222643
1417 222355
1418 222625
1419 222735
1420 222498
1421 222758
1422 223069
1423 223033
1424 222823
1425 222524
1426 222792
1427 222340
1428 222968
1429 222678
1430 222678
1431 222260
1432 222805
1433 222275
1434 222858
1435 222678
1436 222393
1437 222502
1438 222772
1439 223086
1440 222506
1441 222234
1442 222747
1443 222276
1444 222385
1445 222628
1446 222624
1447 222882
1448 222511
1449 222542
1450 222988
1451 222122
1452 222764
1453 222396
1454 222725
1455 222701
1456 222685
1457 222142
1458 222683
1459 222654
1460 222408
1461 222397
1462 222739
1463 223135
1464 222542
1465 222583
1466 222788
1467 222602
1468 222241
1469 222521
1470 222489
1471 222906
1472 222606
1473 222615
1474 222833
1475 222433
1476 222475
1477 222579
1478 222577
1479 222861
1480 222724
1481 222939
1482 222307
1483 222654
1484 222614
1485 222469
1486 222587
1487 222323
1488 222860
1489 222672
1490 222662
1491 222781
1492 222703
1493 222243
1494 222903
1495 222995
1496 222610
1497 222642
1498 223017
1499 222595
1500 222719
1501 222764
1502 222396
1503 222540
1504 222442
1505 222949
1506 222954
1507 223052
1508 222953
1509 222983
1510 222876
1511 223103
1512 223333
1513 222686
1514 222786
1515 222932
1516 223121
1517 222892
1518 222324
1519 222881
1520 223083
1521 223157
1522 223156
1523 223209
1524 222730
1525 223177
1526 222935
1527 223383
1528 223250
1529 223460
1530 223244
1531 223199
1532 223133
1533 223131
1534 223262
1535 223041
1536 223304
1537 223424
1538 223442
1539 223584
1540 223110
1541 222751
1542 223107
1543 223089
1544 223437
1545 223301
1546 223383
1547 223355
1548 223272
1549 223460
1550 223663
1551 223381
1552 223548
1553 223506
1554 223107
1555 223251
1556 223326
1557 223266
1558 223520
1559 222846
1560 223056
1561 223194
1562 223318
1563 223478
1564 223738
1565 223114
1566 223003
1567 223426
1568 223500
1569 223349
1570 223426
1571 223511
1572 223516
1573 223947
1574 223070
1575 223857
1576 223208
1577 223100
1578 223584
1579 222955
1580 223327
1581 223307
1582 223402
1583 223324
1584 223297
1585 223334
1586 223086
1587 223371
1588 222958
1589 223331
1590 222801
1591 222831
1592 223160
1593 223119
1594 223162
1595 223088
1596 223122
1597 222666
1598 222750
1599 222276
1600 222928
1601 222952
1602 223291
1603 222505
1604 222763
1605 222878
1606 222454
1607 223067
1608 222495
1609 222742
1610 222616
1611 222526
1612 222767
1613 222427
1614 222280
1615 222894
1616 222572
1617 222847
1618 222374
1619 222578
1620 222835
1621 222676
1622 223022
1623 222227
1624 222808
1625 222712
1626 222252
1627 222619
1628 222932
1629 222859
1630 222553
1631 222291
1632 223108
1633 223037
1634 222445
1635 222609
1636 222855
1637 223590
1638 223349
1639 223239
1640 222431
1641 222823
1642 223099
1643 222753
1644 222605
1645 222503
1646 222710
1647 222995
1648 223559
1649 222997
1650 222779
1651 223276
1652 222923
1653 223094
1654 222670
1655 222420
1656 222714
1657 222548
1658 223180
1659 222861
1660 222774
1661 222909
1662 222701
1663 222878
1664 222933
1665 222739
1666 222844
1667 222827
1668 223183
1669 222806
1670 222472
1671 222826
1672 222542
1673 222557
1674 222761
1675 222801
1676 222386
1677 222684
1678 222997
1679 222386
1680 222274
1681 222366
1682 221948
1683 222705
1684 222279
1685 222186
1686 221830
1687 222020
1688 222237
1689 221752
1690 222159
1691 222416
1692 222532
1693 222028
1694 221844
1695 222862
1696 222044
1697 222644
1698 222360
1699 222387
1700 222713
1701 222838
1702 222252
1703 222765
1704 222281
1705 222262
1706 222275
1707 222156
1708 222407
1709 222723
1710 222645
1711 222607
1712 222504
1713 222221
1714 222256
1715 221929
1716 222748
1717 222080
1718 222268
1719 222335
1720 222702
1721 222636
1722 222439
1723 222425
1724 222607
1725 221695
1726 222872
1727 222469
1728 222241
1729 222501
1730 222485
1731 222238
1732 222367
1733 222866
1734 222576
1735 222173
1736 222120
1737 221752
1738 222391
1739 222469
1740 222052
1741 222680
1742 222266
1743 222150
1744 222226
1745 221704
1746 222203
1747 222209
1748 222670
1749 222323
1750 222109
1751 221548
1752 222616
1753 221968
1754 222173
1755 221995
1756 222175
1757 221762
1758 221787
1759 221543
1760 221756
1761 222105
1762 221884
1763 222149
1764 221861
1765 221983
1766 222475
1767 221711
1768 222569
1769 221973
1770 222405
1771 221547
1772 221777
1773 222561
1774 222337
1775 222220
1776 221887
1777 221867
1778 222285
1779 221967
1780 222091
1781 221958
1782 222046
1783 221810
1784 221806
1785 221915
1786 221618
1787 222040
1788 222003
1789 221823
1790 221562
1791 221773
1792 222472
1793 221657
1794 222008
1795 221642
1796 221507
1797 221461
1798 221891
1799 221806
1800 221664
1801 221218
1802 221611
1803 221425
1804 221802
1805 221777
1806 222005
1807 222463
1808 222000
1809 221368
1810 221339
1811 221979
1812 221310
1813 222517
1814 221868
1815 221522
1816 221681
1817 221779
1818 221628
1819 221351
1820 221729
1821 221229
1822 221673
1823 221742
1824 221830
1825 221889
1826 221686
1827 221496
1828 221733
1829 222053
1830 221479
1831 221866
1832 221752
1833 222023
1834 221603
1835 221464
1836 221537
1837 220965
1838 221589
1839 221600
1840 221016
1841 221351
1842 221842
1843 222028
1844 221419
1845 221575
1846 221536
1847 221690
1848 221674
1849 221644
1850 221258
1851 221538
1852 221127
1853 221414
1854 221729
1855 221093
1856 221433
1857 221152
1858 221101
1859 221223
1860 221719
1861 221326
1862 221545
1863 221629
1864 221678
1865 220955
1866 221664
1867 220530
1868 220970
1869 221127
1870 221211
1871 221200
1872 221614
1873 221231
1874 220999
1875 221597
1876 221032
1877 221058
1878 220719
1879 221324
1880 221727
1881 221931
1882 221229
1883 221170
1884 221048
1885 221082
1886 221197
1887 221308
1888 221541
1889 221297
1890 220843
1891 220822
1892 220629
1893 221054
1894 221011
1895 220632
1896 220917
1897 221021
1898 220994
1899 221107
1900 221542
1901 220790
1902 221084
1903 221190
1904 221030
1905 220749
1906 220790
1907 220983
1908 220821
1909 221010
1910 220629
1911 220725
1912 221207
1913 220400
1914 221230
1915 220610
1916 220624
1917 220830
1918 220714
1919 220950
1920 220984
1921 221079
1922 220786
1923 221039
1924 221140
1925 221038
1926 221469
1927 220617
1928 221119
1929 221090
1930 220474
1931 221309
1932 221282
1933 220623
1934 220858
1935 221330
1936 220668
1937 221120
1938 220682
1939 221346
1940 221264
1941 220642
1942 220678
1943 220838
1944 221169
1945 221078
1946 220991
1947 221321
1948 221108
1949 220768
1950 221002
1951 221241
1952 221288
1953 220837
1954 220673
1955 220822
1956 221087
1957 221053
1958 221087
1959 221072
1960 220828
1961 220865
1962 220659
1963 220461
1964 220307
1965 220796
1966 220920
1967 220728
1968 220845
1969 220865
1970 220803
1971 220457
1972 220525
1973 220587
1974 220678
1975 220721
1976 220480
1977 220682
1978 220532
1979 220187
1980 220726
1981 220753
1982 220841
1983 221027
1984 220849
1985 220741
1986 220486
1987 220797
1988 220871
1989 220746
1990 221230
1991 220314
1992 220238
1993 220879
1994 221092
1995 221252
1996 220740
1997 220567
1998 220819
1999 220963
2000 220794
2001 220339
2002 220616
2003 220141
2004 220695
2005 221142
2006 221010
2007 219899
2008 220174
2009 220491
2010 220419
2011 220908
2012 220736
2013 220181
2014 220859
2015 220718
2016 220788
2017 220310
2018 220743
2019 221404
2020 220837
2021 220432
2022 221051
2023 221099
2024 221322
2025 220537
2026 220235
2027 220931
2028 220489
2029 220419
2030 220198
2031 220828
2032 220884
2033 221044
2034 220715
2035 220950
2036 221303
2037 220549
2038 220631
2039 220661
2040 220761
2041 220990
2042 220401
2043 220776
2044 220633
2045 220959
2046 220317
2047 220157
2048 220692
2049 220819
2050 220214
2051 220810
2052 220618
2053 220506
2054 221089
2055 220693
2056 220505
2057 221041
2058 220916
2059 220809
2060 220365
2061 220358
2062 220919
2063 220689
2064 220328
2065 220257
2066 220582
2067 220116
2068 220891
2069 220268
2070 220738
2071 220407
2072 220658
2073 220579
2074 220619
2075 220771
2076 220429
2077 221068
2078 220257
2079 220489
2080 220716
2081 220586
2082 220455
2083 220832
2084 220952
2085 220510
2086 220574
2087 220823
2088 221209
2089 220702
2090 220915
2091 220407
2092 220522
2093 220510
2094 220656
2095 220263
2096 220926
2097 220962
2098 221056
2099 220655
2100 220965
2101 220480
2102 220587
2103 220818
2104 220296
2105 220561
2106 220950
2107 220422
2108 220965
2109 220727
2110 220559
2111 220664
2112 220400
2113 220615
2114 220164
2115 220507
2116 220571
2117 221112
2118 220663
2119 220917
2120 220504
2121 220284
2122 220600
2123 220738
2124 220744
2125 220113
2126 220974
2127 220742
2128 220757
2129 220294
2130 220706
2131 220057
2132 220655
2133 220471
2134 220807
2135 220619
2136 220942
2137 220837
2138 220829
2139 220553
2140 220711
2141 220203
2142 220458
2143 220517
2144 220649
2145 220740
2146 220314
2147 220394
2148 220116
2149 220542
2150 221003
2151 220876
2152 220343
2153 221026
2154 220788
2155 220566
2156 220400
2157 220614
2158 220605
2159 220345
2160 220379
2161 220541
2162 220715
2163 220282
2164 219984
2165 220413
2166 220592
2167 220715
2168 220167
2169 220430
2170 220588
2171 220857
2172 220280
2173 220547
2174 220393
2175 220571
2176 219794
2177 220297
2178 219941
2179 220291
2180 220342
2181 220504
2182 220252
2183 220777
2184 220576
2185 220014
2186 220470
2187 220589
2188 220272
2189 219683
2190 220073
2191 220336
2192 220622
2193 220471
2194 220295
2195 220047
2196 220527
2197 220091
2198 220036
2199 220040
2200 220505
2201 220321
2202 220316
2203 220210
2204 220592
2205 220017
2206 220847
2207 220227
2208 219883
2209 220444
2210 220367
2211 220390
2212 220486
2213 219786
2214 220930
2215 220627
2216 220497
2217 220488
2218 220806
2219 220344
2220 220113
2221 220026
2222 220259
2223 220254
2224 220873
2225 221222
2226 220220
2227 220765
2228 220504
2229 220445
2230 220658
2231 220437
2232 220768
2233 220850
2234 220587
2235 220713
2236 220586
2237 220840
2238 220847
2239 221022
2240 220835
2241 220671
2242 221034
2243 220859
2244 221118
2245 220821
2246 221302
2247 220923
2248 220920
2249 220911
2250 221175
2251 220690
2252 220825
2253 220643
2254 220999
2255 221043
2256 220761
2257 220557
2258 220876
2259 220721
2260 220827
2261 220461
2262 220275
2263 220690
2264 220288
2265 220286
2266 220597
2267 220689
2268 220182
2269 220150
2270 220390
2271 219885
2272 220403
2273 219884
2274 220275
2275 220483
2276 220360
2277 219665
2278 220157
2279 220307
2280 220070
2281 219844
2282 220131
2283 220205
2284 220337
2285 219916
2286 219923
2287 220196
2288 220142
2289 219921
2290 220148
2291 219625
2292 220294
2293 220049
2294 220659
2295 220506
2296 220175
2297 219555
2298 219830
2299 220168
2300 220076
2301 220283
2302 220168
2303 219717
2304 220144
2305 220233
2306 220140
2307 220315
2308 220790
2309 220027
2310 220406
2311 219367
2312 219983
2313 219963
2314 219969
2315 219962
2316 219747
2317 219978
2318 220056
2319 220847
2320 220299
2321 219756
2322 219881
2323 219424
2324 220695
2325 220469
2326 219776
2327 220064
2328 219744
2329 220235
2330 219985
2331 219937
2332 220200
2333 219873
2334 220015
2335 220384
2336 220473
2337 219739
2338 220167
2339 220243
2340 220186
2341 220233
2342 220399
2343 219819
2344 220191
2345 220251
2346 220052
2347 220133
2348 220208
2349 220230
2350 219669
2351 220056
2352 219640
2353 219777
2354 220024
2355 219977
2356 219918
2357 220118
2358 219977
2359 219349
2360 219545
2361 219428
2362 219829
2363 219926
2364 219585
2365 220111
2366 220049
2367 219707
2368 219515
2369 220152
2370 220022
2371 220001
2372 220074
2373 219936
2374 220012
2375 219710
2376 220061
2377 220383
2378 220050
2379 219544
2380 219562
2381 219955
2382 219868
2383 220346
2384 220499
2385 220064
2386 220257
2387 219810
2388 219812
2389 219428
2390 219565
2391 220139
2392 219473
2393 219634
2394 220074
2395 220054
2396 220176
2397 219748
2398 219901
2399 220203
2400 220210
2401 220516
2402 220102
2403 219947
2404 219480
2405 219685
2406 220208
2407 220261
2408 219747
2409 220035
2410 219616
2411 220068
2412 220201
2413 219880
2414 219538
2415 219567
2416 219556
2417 219964
2418 220129
2419 219988
2420 220196
2421 220116
2422 219212
2423 219852
2424 219835
2425 219761
2426 219591
2427 219837
2428 219785
2429 219931
2430 219673
2431 220112
2432 220580
2433 219841
2434 219654
2435 220091
2436 219971
2437 219766
2438 219381
2439 219073
2440 219581
2441 220176
2442 220122
2443 219766
2444 219797
2445 219911
2446 220131
2447 219557
2448 220098
2449 219143
2450 218983
2451 219356
2452 220015
2453 219526
2454 219726
2455 220141
2456 220012
2457 219791
2458 220020
2459 220104
2460 219868
2461 219672
2462 219510
2463 219888
2464 220019
2465 219666
2466 219992
2467 219797
2468 220057
2469 219745
2470 220240
2471 219994
2472 219837
2473 220010
2474 219976
2475 220269
2476 219652
2477 220327
2478 220326
2479 220128
2480 220486
2481 219908
2482 219842
2483 219999
2484 219679
2485 219942
2486 220510
2487 220375
2488 219708
2489 219773
2490 219418
2491 220137
2492 220014
2493 220151
2494 220138
2495 220142
2496 219852
2497 219979
2498 219600
2499 219732
2500 220193
2501 219827
2502 219738
2503 219562
2504 219860
2505 219991
2506 219612
2507 220034
2508 220056
2509 219722
2510 220076
2511 219864
2512 219824
2513 219596
2514 219961
2515 219738
2516 220019
2517 219929
2518 219198
2519 219540
2520 219527
2521 219444
2522 219329
2523 219366
2524 219693
2525 219523
2526 219708
2527 219459
2528 220310
2529 219704
2530 219473
2531 219476
2532 219306
2533 219631
2534 219824
2535 219628
2536 219726
2537 219993
2538 219221
2539 219761
2540 219851
2541 220036
2542 219638
2543 219372
2544 219837
2545 219724
2546 219955
2547 219633
2548 219518
2549 219795
2550 219964
2551 219356
2552 219912
2553 219605
2554 219543
2555 219805
2556 219446
2557 219819
2558 219654
2559 219904
2560 219717
2561 219933
2562 219994
2563 219758
2564 219421
2565 220042
2566 220052
2567 219944
2568 220160
2569 219786
2570 219603
2571 220034
2572 220068
2573 219423
2574 219345
2575 219908
2576 219722
2577 219758
2578 219780
2579 219693
2580 219722
2581 220607
2582 219751
2583 219873
2584 220162
2585 219923
2586 220302
2587 220281
2588 219969
2589 220450
2590 220071
2591 219673
2592 219860
2593 219874
2594 220107
2595 219947
2596 220229
2597 220459
2598 219571
2599 220538
2600 219565
2601 220253
2602 220285
2603 220137
2604 220397
2605 219802
2606 220018
2607 220115
2608 219442
2609 219752
2610 219640
2611 219737
2612 219940
2613 220439
2614 220536
2615 219665
2616 219650
2617 219666
2618 220079
2619 219986
2620 219661
2621 220157
2622 219971
2623 219635
2624 219935
2625 220184
2626 219972
2627 219698
2628 220621
2629 219805
2630 219707
2631 220686
2632 219560
2633 220002
2634 220561
2635 220213
2636 219826
2637 220103
2638 220448
2639 219508
2640 220479
2641 219875
2642 220087
2643 219886
2644 220451
2645 219817
2646 220104
2647 220491
2648 220022
2649 219698
2650 219741
2651 220300
2652 219994
2653 219929
2654 219540
2655 219554
2656 219983
2657 220212
2658 220697
2659 219896
2660 220047
2661 220209
2662 220202
2663 220699
2664 219790
2665 219928
2666 220685
2667 220120
2668 220229
2669 220429
2670 219927
2671 219692
2672 220219
2673 220392
2674 219733
2675 220471
2676 220170
2677 220151
2678 219720
2679 219813
2680 220283
2681 220339
2682 219819
2683 220119
2684 220029
2685 219927
2686 220735
2687 220320
2688 219839
2689 219970
2690 220253
2691 220269
2692 220226
2693 220523
2694 220364
2695 220080
2696 220167
2697 220515
2698 220043
2699 220790
2700 220438
2701 220294
2702 220580
2703 220101
2704 220281
2705 219976
2706 220025
2707 220097
2708 220638
2709 220026
2710 220266
2711 220713
2712 220080
2713 220617
2714 220251
2715 220771
2716 220205
2717 219783
2718 220905
2719 219980
2720 220119
2721 220426
2722 220246
2723 219868
2724 220511
2725 220532
2726 220258
2727 220246
2728 220467
2729 220846
2730 220245
2731 220539
2732 220408
2733 220146
2734 220412
2735 220400
2736 220232
2737 219935
2738 220400
2739 220422
2740 220026
2741 220255
2742 219867
2743 220720
2744 220816
2745 221074
2746 220243
2747 220741
2748 219816
2749 220025
2750 220500
2751 220374
2752 220652
2753 220180
2754 220434
2755 220430
2756 220691
2757 220815
2758 220210
2759 220460
2760 220983
2761 220240
2762 220147
2763 220059
2764 220333
2765 220449
2766 220463
2767 220685
2768 220684
2769 220321
2770 220457
2771 221285
2772 220421
2773 220824
2774 220430
2775 220530
2776 220671
2777 220620
2778 220682
2779 220699
2780 220729
2781 220474
2782 221028
2783 220723
2784 220240
2785 220189
2786 220948
2787 220462
2788 221217
2789 220422
2790 220719
2791 221308
2792 221035
2793 220355
2794 221097
2795 220642
2796 220351
2797 220989
2798 220902
2799 220942
2800 220352
2801 220567
2802 220833
2803 220584
2804 220667
2805 221272
2806 221077
2807 220960
2808 220865
2809 220965
2810 220967
2811 220618
2812 220984
2813 220417
2814 220338
2815 220935
2816 220808
2817 221187
2818 220827
2819 220754
2820 220433
2821 221018
2822 220857
2823 221216
2824 220775
2825 220676
2826 220638
2827 220985
2828 221098
2829 220583
2830 220725
2831 220808
2832 221186
2833 220804
2834 220884
2835 220847
2836 220483
2837 220818
2838 220535
2839 221373
2840 220934
2841 221239
2842 220890
2843 220515
2844 220417
2845 220809
2846 220915
2847 220574
2848 221171
2849 220291
2850 221031
2851 221014
2852 220891
2853 220261
2854 220490
2855 220442
2856 220482
2857 220688
2858 220526
2859 220617
2860 220468
2861 220470
2862 220615
2863 221406
2864 220506
2865 220620
2866 220994
2867 220391
2868 220609
2869 221072
2870 220418
2871 220542
2872 220715
2873 220566
2874 220531
2875 220857
2876 220703
2877 221124
2878 220611
2879 220299
2880 220233
2881 220230
2882 220495
2883 220118
2884 220612
2885 220851
2886 220898
2887 220805
2888 220303
2889 220653
2890 220323
2891 221082
2892 220896
2893 220306
2894 221468
2895 220913
2896 220791
2897 220650
2898 220507
2899 220500
2900 220606
2901 220770
2902 220281
2903 220759
2904 221050
2905 220764
2906 220663
2907 220704
2908 220267
2909 221196
2910 221103
2911 221061
2912 220836
2913 220565
2914 220952
2915 221168
2916 220325
2917 221211
2918 220779
2919 220659
2920 220948
2921 221066
2922 220213
2923 220981
2924 220952
2925 220530
2926 220880
2927 220950
2928 220862
2929 220976
2930 220786
2931 220946
2932 220908
2933 221422
2934 220551
2935 220790
2936 221202
2937 220978
2938 220863
2939 220923
2940 221664
2941 221053
2942 221054
2943 221041
2944 221066
2945 220986
2946 220942
2947 221293
2948 220980
2949 220759
2950 221183
2951 220703
2952 221044
2953 221127
2954 221069
2955 220646
2956 221403
2957 220891
2958 220991
2959 220873
2960 220505
2961 221129
2962 220823
2963 220984
2964 220508
2965 220786
2966 221349
2967 221541
2968 221148
2969 220863
2970 220887
2971 221101
2972 221298
2973 221226
2974 221298
2975 220947
2976 221262
2977 221458
2978 221177
2979 221036
2980 221884
2981 221423
2982 221102
2983 221289
2984 221250
2985 221276
2986 220974
2987 221030
2988 221565
2989 221591
2990 221601
2991 221179
2992 221345
2993 221533
2994 221117
2995 221675
2996 221660
2997 221368
2998 221213
2999 221184
3000 221543
3001 221306
3002 221595
3003 221746
3004 221592
3005 220803
3006 221801
3007 221496
3008 221855
3009 221255
3010 221325
3011 221554
3012 221989
3013 221454
3014 221419
3015 221635
3016 221597
3017 222419
3018 221004
3019 221580
3020 222096
3021 221111
3022 221698
3023 221627
3024 221604
3025 221707
3026 221602
3027 221437
3028 221462
3029 221394
3030 221236
3031 221868
3032 221910
3033 221824
3034 221377
3035 221459
3036 221672
3037 221933
3038 221597
3039 221392
3040 221590
3041 222128
3042 221488
3043 221658
3044 221248
3045 222013
3046 221868
3047 221762
3048 221710
3049 221887
3050 221489
3051 221959
3052 222129
3053 221969
3054 221933
3055 221556
3056 221537
3057 221791
3058 221776
3059 221872
3060 221416
3061 222117
3062 221956
3063 221336
3064 221843
3065 222005
3066 222078
3067 221434
3068 221435
3069 221751
3070 221949
3071 222127
3072 221972
3073 222277
3074 221881
3075 221988
3076 221629
3077 222451
3078 221948
3079 222016
3080 222170
3081 222101
3082 222005
3083 222616
3084 222052
3085 222174
3086 222270
3087 222973
3088 222408
3089 222470
3090 222222
3091 222284
3092 222778
3093 222495
3094 222723
3095 222778
3096 222526
3097 223305
3098 222871
3099 222805
3100 222489
3101 222370
3102 222309
3103 222994
3104 222510
3105 222511
3106 222483
3107 222619
3108 222871
3109 222257
3110 222184
3111 222485
3112 222898
3113 222252
3114 222550
3115 223062
3116 222430
3117 222787
3118 222560
3119 222731
3120 222814
3121 222728
3122 222044
3123 222783
3124 222694
3125 222176
3126 222494
3127 222288
3128 222279
3129 222548
3130 222272
3131 222363
3132 223074
3133 222270
3134 222668
3135 222599
3136 222393
3137 222570
3138 221971
3139 222078
3140 222602
3141 222104
3142 222172
3143 222856
3144 222661
3145 222296
3146 222433
3147 222591
3148 222522
3149 222106
3150 222782
3151 222766
3152 222588
3153 222079
3154 222239
3155 222588
3156 222225
3157 222145
3158 222164
3159 222409
3160 222145
3161 222546
3162 222673
3163 222504
3164 222859
3165 223059
3166 222274
3167 222918
3168 222571
3169 222899
3170 222606
3171 222132
3172 222284
3173 222507
3174 222500
3175 222513
3176 222653
3177 222615
3178 222839
3179 223030
3180 222708
3181 222870
3182 222484
3183 222912
3184 222182
3185 222547
3186 222811
3187 223145
3188 222920
3189 223045
3190 222929
3191 222504
3192 222961
3193 222832
3194 222923
3195 222583
3196 222855
3197 222892
3198 223100
3199 222947
3200 222690
3201 222234
3202 222435
3203 222391
3204 222539
3205 222740
3206 222410
3207 222737
3208 222621
3209 222431
3210 222610
3211 222311
3212 222513
3213 222304
3214 222932
3215 222304
3216 222719
3217 222285
3218 222550
3219 222596
3220 222278
3221 222741
3222 222552
3223 222293
3224 223006
3225 222601
3226 222691
3227 222863
3228 223270
3229 222822
3230 222551
3231 222183
3232 222857
3233 222493
3234 222519
3235 222258
3236 222657
3237 222284
3238 222276
3239 222900
3240 222642
3241 222441
3242 223086
3243 222069
3244 222148
3245 222325
3246 222167
3247 222493
3248 222461
3249 222231
3250 222138
3251 221990
3252 222564
3253 222389
3254 222586
3255 222253
3256 221925
3257 222137
3258 222356
3259 221973
3260 221898
3261 222256
3262 222561
3263 222551
3264 222638
3265 222356
3266 222262
3267 222299
3268 222201
3269 221880
3270 222398
3271 221797
3272 221782
3273 222062
3274 222173
3275 222245
3276 221464
3277 222035
3278 222208
3279 222134
3280 222132
3281 221656
3282 221341
3283 221617
3284 221940
3285 222164
3286 222240
3287 221708
3288 222441
3289 222231
3290 222304
3291 222022
3292 222353
3293 222477
3294 222044
3295 221824
3296 221788
3297 222397
3298 222098
3299 222201
3300 222193
3301 222264
3302 222482
3303 222525
3304 222480
3305 222227
3306 222301
3307 222599
3308 222320
3309 222311
3310 221969
3311 222746
3312 222270
3313 222529
3314 221942
3315 222188
3316 222319
3317 222586
3318 222452
3319 222559
3320 222544
3321 222520
3322 222386
3323 222486
3324 222537
3325 222641
3326 222738
3327 221820
3328 222793
3329 222210
3330 222536
3331 222630
3332 222638
3333 222670
3334 222270
3335 222703
3336 222124
3337 222844
3338 222628
3339 222252
3340 222148
3341 222403
3342 222503
3343 222684
3344 222538
3345 222528
3346 222870
3347 222975
3348 222651
3349 222591
3350 222653
3351 222492
3352 222094
3353 222181
3354 222772
3355 223126
3356 222642
3357 222760
3358 222738
3359 222807
3360 222708
3361 222499
3362 222504
3363 222480
3364 222769
3365 222657
3366 223065
3367 222976
3368 222334
3369 222852
3370 222216
3371 222292
3372 222399
3373 222744
3374 223004
3375 222219
3376 222744
3377 222102
3378 222629
3379 222077
3380 222128
3381 222627
3382 222131
3383 222217
3384 222701
3385 221972
3386 222179
3387 222346
3388 222246
3389 222413
3390 221902
3391 222454
3392 222491
3393 222307
3394 222173
3395 221741
3396 222424
3397 222019
3398 222691
3399 221923
3400 222062
3401 222016
3402 222761
3403 222238
3404 222287
3405 222175
3406 221779
3407 221722
3408 222112
3409 221877
3410 221839
3411 222185
3412 221900
3413 222456
3414 221824
3415 222065
3416 221832
3417 222189
3418 221913
3419 221918
3420 222027
3421 222207
3422 222159
3423 221922
3424 222161
3425 222520
3426 222064
3427 221952
3428 221982
3429 222329
3430 222464
3431 222305
3432 222097
3433 221797
3434 222195
3435 222386
3436 222424
3437 222468
3438 222561
3439 222366
3440 222820
3441 222334
3442 221809
3443 222440
3444 222164
3445 222159
3446 222465
3447 222941
3448 221995
3449 222100
3450 221865
3451 222185
3452 222426
3453 222241
3454 222464
3455 222377
3456 222555
3457 221945
3458 222067
3459 221838
3460 222150
3461 222211
3462 222403
3463 222182
3464 222642
3465 222290
3466 222315
3467 222121
3468 222878
3469 222244
3470 222197
3471 222289
3472 222334
3473 222366
3474 222558
3475 223119
3476 222209
3477 222208
3478 222369
3479 222875
3480 223148
3481 222659
3482 222371
3483 222760
3484 222157
3485 222280
3486 222671
3487 221938
3488 222455
3489 222473
3490 222174
3491 222501
3492 222665
3493 222595
3494 222528
3495 222872
3496 222211
3497 221760
3498 222441
3499 222496
3500 222825
3501 222831
3502 222582
3503 222134
3504 222282
3505 222211
3506 222642
3507 222434
3508 222524
3509 222201
3510 222585
3511 222850
3512 222201
3513 222769
3514 222448
3515 222287
3516 222243
3517 222615
3518 222812
3519 222392
3520 223004
3521 223057
3522 222553
3523 222166
3524 222606
3525 222374
3526 222686
3527 222679
3528 222720
3529 222893
3530 223132
3531 222867
3532 222668
3533 222910
3534 223328
3535 223609
3536 223086
3537 222709
3538 223171
3539 223639
3540 222828
3541 222659
3542 223140
3543 223037
3544 222762
3545 223188
3546 223297
3547 223047
3548 223170
3549 222740
3550 223104
3551 223340
3552 223196
3553 223709
3554 223208
3555 223444
3556 223421
3557 223441
3558 223627
3559 223623
3560 223344
3561 223559
3562 224006
3563 223400
3564 223302
3565 222938
3566 223247
3567 223045
3568 223897
3569 222933
3570 223557
3571 223553
3572 223932
3573 223662
3574 223304
3575 223208
3576 223317
3577 223568
3578 223427
3579 223326
3580 223668
3581 223320
3582 223526
3583 223704
3584 223749
3585 223644
3586 223797
3587 223868
3588 223641
3589 223363
3590 223879
3591 223507
3592 223796
3593 223473
3594 223774
3595 223329
3596 224189
3597 223518
3598 223747
3599 223680
3600 224330
3601 223634
3602 223640
3603 223366
3604 224191
3605 223876
3606 223905
3607 223947
3608 224445
3609 223747
3610 224028
3611 224440
3612 223788
3613 223875
3614 224835
3615 224387
3616 224036
3617 224020
3618 224204
3619 224048
3620 224318
3621 224125
3622 223953
3623 224226
3624 224325
3625 223549
3626 223775
3627 223719
3628 224008
3629 223895
3630 224396
3631 224635
3632 224563
3633 224484
3634 224277
3635 224331
3636 224236
3637 224495
3638 223963
3639 224132
3640 223891
3641 224571
3642 224442
3643 224364
3644 224048
3645 224736
3646 224461
3647 224618
3648 224250
3649 224386
3650 224522
3651 224615
3652 223753
3653 224732
3654 224725
3655 224630
3656 224065
3657 225124
3658 224350
3659 224234
3660 224743
3661 224570
3662 224866
3663 224701
3664 224619
3665 224908
3666 225037
3667 224903
3668 224785
3669 224620
3670 224686
3671 225015
3672 224650
3673 224528
3674 224553
3675 224591
3676 225124
3677 224247
3678 225242
3679 225083
3680 224734
3681 224830
3682 224551
3683 224941
3684 224999
3685 224602
3686 224944
3687 225075
3688 224986
3689 224722
3690 225119
3691 225161
3692 224869
3693 225101
3694 225150
3695 224567
3696 224608
3697 225114
3698 224781
3699 224479
3700 225112
3701 224676
3702 224999
3703 224630
3704 225214
3705 224481
3706 224398
3707 224704
3708 224741
3709 224501
3710 224741
3711 224655
3712 224446
3713 224566
3714 224923
3715 225002
3716 224442
3717 224308
3718 224171
3719 225071
3720 223894
3721 224582
3722 224554
3723 224880
3724 224389
3725 224386
3726 224371
3727 224320
3728 224153
3729 224607
3730 224015
3731 224435
3732 224318
3733 224400
3734 224391
3735 224285
3736 223740
3737 224194
3738 223970
3739 224159
3740 224409
3741 224175
3742 224288
3743 223714
3744 224216
3745 224403
3746 223907
3747 224263
3748 223880
3749 224192
3750 224342
3751 224172
3752 224176
3753 223956
3754 223995
3755 224358
3756 224084
3757 224264
3758 223828
3759 224357
3760 224688
3761 224114
3762 223940
3763 224406
3764 224549
3765 224626
3766 224122
3767 224380
3768 224017
3769 224419
3770 224211
3771 224492
3772 224503
3773 224960
3774 224750
3775 224805
3776 224451
3777 224746
3778 224378
3779 224504
3780 224582
3781 224728
3782 224209
3783 224765
3784 224654
3785 224568
3786 224479
3787 225131
3788 224792
3789 223951
3790 224558
3791 224928
3792 224617
3793 224146
3794 224635
3795 224517
3796 224335
3797 224655
3798 224460
3799 224830
3800 224272
3801 224110
3802 225129
3803 223625
3804 224461
3805 224647
3806 225022
3807 224422
3808 224385
3809 225153
3810 223843
3811 224420
3812 224391
3813 224181
3814 224972
3815 224431
3816 224412
3817 224009
3818 224639
3819 223914
3820 224201
3821 224574
3822 224193
3823 224137
3824 223988
3825 224056
3826 224579
3827 224338
3828 224901
3829 224878
3830 224364
3831 224342
3832 224636
3833 224789
3834 224424
3835 224399
3836 224723
3837 223998
3838 224786
3839 224619
3840 224546
3841 224435
3842 224176
3843 224053
3844 224649
3845 224524
3846 223979
3847 224491
3848 224446
3849 224410
3850 224254
3851 223848
3852 224479
3853 224054
3854 224095
3855 224186
3856 223995
3857 223967
3858 223853
3859 224390
3860 223739
3861 223831
3862 224021
3863 223958
3864 224366
3865 223447
3866 223750
3867 224057
3868 224229
3869 223634
3870 223815
3871 224030
3872 224040
3873 224081
3874 224122
3875 224014
3876 224547
3877 223779
3878 224200
3879 224189
3880 223647
3881 223997
3882 223351
3883 223867
3884 224275
3885 223745
3886 224099
3887 223380
3888 223570
3889 223175
3890 223553
3891 224309
3892 224141
3893 223745
3894 223482
3895 223837
3896 224041
3897 223852
3898 223654
3899 223846
3900 223046
3901 223515
3902 224418
3903 223667
3904 224139
3905 223421
3906 223553
3907 223957
3908 223734
3909 223536
3910 223829
3911 223149
3912 223452
3913 223425
3914 223348
3915 223697
3916 223730
3917 223506
3918 223894
3919 223553
3920 223806
3921 223171
3922 223323
3923 223827
3924 223263
3925 223326
3926 223281
3927 223913
3928 223234
3929 223373
3930 223557
3931 223347
3932 222791
3933 223110
3934 223711
3935 223868
3936 223210
3937 223053
3938 223554
3939 223358
3940 223570
3941 223494
3942 223290
3943 223171
3944 223185
3945 222987
3946 223106
3947 223698
3948 223002
3949 223312
3950 223152
3951 223171
3952 223349
3953 222761
3954 223097
3955 222954
3956 222972
3957 223400
3958 222958
3959 222863
3960 223263
3961 223094
3962 223178
3963 223177
3964 223187
3965 223336
3966 222567
3967 223014
3968 223124
3969 222914
3970 223214
3971 222848
3972 222765
3973 223324
3974 222777
3975 223307
3976 222152
3977 223364
3978 222829
3979 222689
3980 223251
3981 222705
3982 222476
3983 223137
3984 222385
3985 223257
3986 222698
3987 222427
3988 223028
3989 223151
3990 223144
3991 222967
3992 222652
3993 222546
3994 222638
3995 222717
3996 223339
3997 222886
3998 223218
3999 222559
4000 223100
4001 222426
4002 222038
4003 222635
4004 222637
4005 222634
4006 222873
4007 222620
4008 222610
4009 222739
4010 222502
4011 222666
4012 222280
4013 222275
4014 222969
4015 222399
4016 222464
4017 222565
4018 222764
4019 222124
4020 222792
4021 222589
4022 222164
4023 222582
4024 222566
4025 222354
4026 222903
4027 222642
4028 222346
4029 222800
4030 222924
4031 222778
4032 222830
4033 222805
4034 222689
4035 222337
4036 222013
4037 221998
4038 222439
4039 222143
4040 222814
4041 222749
4042 222305
4043 222699
4044 222101
4045 222771
4046 221983
4047 221893
4048 222658
4049 222126
4050 222703
4051 223199
4052 222919
4053 222913
4054 222561
4055 222471
4056 222540
4057 222983
4058 222081
4059 222681
4060 222942
4061 222702
4062 223027
4063 222061
4064 222880
4065 222447
4066 222829
4067 222606
4068 222134
4069 222252
4070 222611
4071 222639
4072 221944
4073 222488
4074 222094
4075 222235
4076 222436
4077 222517
4078 222368
4079 222541
4080 222378
4081 222042
4082 222197
4083 222106
4084 222525
4085 222201
4086 222197
4087 222024
4088 222169
4089 222432
4090 222646
4091 222390
4092 222380
4093 222346
4094 222077
4095 222287
4096 222517
4097 222681
4098 222163
4099 222207
4100 221888
4101 222206
4102 221698
4103 221988
4104 222029
4105 222179
4106 222523
4107 222284
4108 222501
4109 222228
4110 221679
4111 222594
4112 222407
4113 222419
4114 222213
4115 222251
4116 221974
4117 222149
4118 222072
4119 222404
4120 221801
4121 221902
4122 222424
4123 222491
4124 221631
4125 222161
4126 222213
4127 222514
4128 221907
4129 221619
4130 221944
4131 222501
4132 222009
4133 221627
4134 221415
4135 222670
4136 221869
4137 222050
4138 222013
4139 221765
4140 222243
4141 221751
4142 222251
4143 221687
4144 221989
4145 222424
4146 222090
4147 221897
4148 221600
4149 221866
4150 222063
4151 221620
4152 221952
4153 222176
4154 221764
4155 221468
4156 221650
4157 221934
4158 221528
4159 221626
4160 221581
4161 221614
4162 221467
4163 221411
4164 221914
4165 221368
4166 221047
4167 221035
4168 221411
4169 221427
4170 221534
4171 221476
4172 221423
4173 221086
4174 221746
4175 221524
4176 221272
4177 221617
4178 221211
4179 221888
4180 221457
4181 221775
4182 221491
4183 220997
4184 221404
4185 221801
4186 221298
4187 221098
4188 222111
4189 221523
4190 221643
4191 221323
4192 221213
4193 221484
4194 221458
4195 221584
4196 220818
4197 221295
4198 220378
4199 221409
4200 221285
4201 220871
4202 221002
4203 221145
4204 221193
4205 221115
4206 221247
4207 221092
4208 221082
4209 221296
4210 220916
4211 221169
4212 221033
4213 221317
4214 221215
4215 220701
4216 221262
4217 220424
4218 221015
4219 220784
4220 221145
4221 220790
4222 221234
4223 220504
4224 220949
4225 221304
4226 220684
4227 221050
4228 220971
4229 221164
4230 220786
4231 221043
4232 220812
4233 220901
4234 220770
4235 220420
4236 220770
4237 220664
4238 220795
4239 220383
4240 220507
4241 220819
4242 221377
4243 220863
4244 220342
4245 220694
4246 220664
4247 220465
4248 220291
4249 220946
4250 220489
4251 220735
4252 220527
4253 220506
4254 220507
4255 220338
4256 220625
4257 220526
4258 220668
4259 220979
4260 220813
4261 220565
4262 220415
4263 220993
4264 220656
4265 220380
4266 220505
4267 220359
4268 219814
4269 220626
4270 220516
4271 220628
4272 220387
4273 220080
4274 220364
4275 220210
4276 220470
4277 219970
4278 219917
4279 220390
4280 220248
4281 220440
4282 220229
4283 220572
4284 220658
4285 220499
4286 220452
4287 220507
4288 220075
4289 220363
4290 220216
4291 220170
4292 220142
4293 219766
4294 220425
4295 219976
4296 220175
4297 219874
4298 220424
4299 220278
4300 220062
4301 220086
4302 220436
4303 220076
4304 220243
4305 219807
4306 220264
4307 220113
4308 220457
4309 219819
4310 219763
4311 219852
4312 220407
4313 220537
4314 220358
4315 220511
4316 220114
4317 220630
4318 220951
4319 220612
4320 220746
4321 220378
4322 220761
4323 220265
4324 220662
4325 220564
4326 220913
4327 220845
4328 220899
4329 221491
4330 220640
4331 220298
4332 220731
4333 220751
4334 220498
4335 220123
4336 220112
4337 220050
4338 220161
4339 220186
4340 219833
4341 220154
4342 220320
4343 219971
4344 219918
4345 219865
4346 219820
4347 219569
4348 219773
4349 220330
4350 219321
4351 219993
4352 220796
4353 220199
4354 220345
4355 220221
4356 220064
4357 219999
4358 220261
4359 220229
4360 220093
4361 219960
4362 219827
4363 219930
4364 219767
4365 220169
4366 219947
4367 220365
4368 219877
4369 219804
4370 220439
4371 219968
4372 219675
4373 220003
4374 220410
4375 219991
4376 219723
4377 220433
4378 219715
4379 219795
4380 220033
4381 219723
4382 220188
4383 219841
4384 220140
4385 220368
4386 220016
4387 219949
4388 220423
4389 219782
4390 220039
4391 219617
4392 220006
4393 219942
4394 219749
4395 219933
4396 219646
4397 219775
4398 220025
4399 219815
4400 219986
4401 219873
4402 219378
4403 219870
4404 219935
4405 220219
4406 219685
4407 220134
4408 219744
4409 220221
4410 219607
4411 219878
4412 220178
4413 220072
4414 220359
4415 219753
4416 219532
4417 220024
4418 219938
4419 219701
4420 219549
4421 219622
4422 219580
4423 219775
4424 219459
4425 220172
4426 219516
4427 219656
4428 220023
4429 219971
4430 219891
4431 219762
4432 220470
4433 219348
4434 219392
4435 219464
4436 219852
4437 219396
4438 219527
4439 219341
4440 219730
4441 219205
4442 219481
4443 219578
4444 219629
4445 219419
4446 219445
4447 219585
4448 219741
4449 219167
4450 219561
4451 219948
4452 219373
4453 219796
4454 219174
4455 219602
4456 219852
4457 220190
4458 220419
4459 219725
4460 219593
4461 219615
4462 219625
4463 219250
4464 219351
4465 219594
4466 219677
4467 219956
4468 219658
4469 219457
4470 219852
4471 219455
4472 219768
4473 219288
4474 219416
4475 219568
4476 219362
4477 219422
4478 219363
4479 218997
4480 219529
4481 219875
4482 219328
4483 219702
4484 219803
4485 219120
4486 219408
4487 219521
4488 219710
4489 219627
4490 219929
4491 219705
4492 220071
4493 219989
4494 219768
4495 219353
4496 219194
4497 219704
4498 219305
4499 219644
4500 219420
4501 219477
4502 219543
4503 219893
4504 219715
4505 219421
4506 219398
4507 219649
4508 219823
4509 219455
4510 219802
4511 219527
4512 219261
4513 220194
4514 219751
4515 219035
4516 219423
4517 219308
4518 219549
4519 219506
4520 220071
4521 219919
4522 219351
4523 219608
4524 219500
4525 219559
4526 219988
4527 219633
4528 219377
4529 219534
4530 219379
4531 219928
4532 219656
4533 219243
4534 219855
4535 219857
4536 219320
4537 219774
4538 219332
4539 219211
4540 219401
4541 219511
4542 219782
4543 219978
4544 219202
4545 220003
4546 219540
4547 219749
4548 219508
4549 219387
4550 219528
4551 219771
4552 219617
4553 219976
4554 219401
4555 219672
4556 219307
4557 219996
4558 219674
4559 219862
4560 219981
4561 219408
4562 220140
4563 219681
4564 219952
4565 219648
4566 220262
4567 219864
4568 219884
4569 219790
4570 220007
4571 220015
4572 219051
4573 219520
4574 219715
4575 220278
4576 219725
4577 219795
4578 219657
4579 220221
4580 219807
4581 220175
4582 220156
4583 219922
4584 219692
4585 219685
4586 219493
4587 220416
4588 219949
4589 220046
4590 219887
4591 220336
4592 220094
4593 220010
4594 220103
4595 220119
4596 219875
4597 219661
4598 220038
4599 219903
4600 220253
4601 219895
4602 219315
4603 220086
4604 220052
4605 219565
4606 219543
4607 220056
4608 219564
4609 219663
4610 220219
4611 219788
4612 219287
4613 219493
4614 219434
4615 219924
4616 219636
4617 219629
4618 219999
4619 219492
4620 220093
4621 220037
4622 219956
4623 219941
4624 220440
4625 219964
4626 219671
4627 219781
4628 220079
4629 219662
4630 220174
4631 220147
4632 220234
4633 219886
4634 219726
4635 220715
4636 220135
4637 220449
4638 220053
4639 219966
4640 220204
4641 220485
4642 220213
4643 219918
4644 220070
4645 220320
4646 220526
4647 219912
4648 219587
4649 220201
4650 220069
4651 220080
4652 220341
4653 220552
4654 219865
4655 220280
4656 220814
4657 220273
4658 219535
4659 220168
4660 220099
4661 219978
4662 220296
4663 219867
4664 220355
4665 220084
4666 219991
4667 220058
4668 220033
4669 219882
4670 219939
4671 219493
4672 220253
4673 220326
4674 219984
4675 220199
4676 220412
4677 220768
4678 220084
4679 219555
4680 220319
4681 220458
4682 220086
4683 220065
4684 219816
4685 220035
4686 219425
4687 220628
4688 220167
4689 220359
4690 219549
4691 220259
4692 219915
4693 220800
4694 220431
4695 220068
4696 220538
4697 220322
4698 219993
4699 220109
4700 219979
4701 220231
4702 220128
4703 220032
4704 220625
4705 220270
4706 220441
4707 220417
4708 220500
4709 220431
4710 220418
4711 220658
4712 220377
4713 220833
4714 220145
4715 220684
4716 220641
4717 220266
4718 220589
4719 221164
4720 220741
4721 220721
4722 220763
4723 220626
4724 220315
4725 220393
4726 221039
4727 220842
4728 221011
4729 220821
4730 220620
4731 220329
4732 220698
4733 220568
4734 221230
4735 220703
4736 220781
4737 220511
4738 221240
4739 220361
4740 220991
4741 220887
4742 221129
4743 220715
4744 220206
4745 221245
4746 220814
4747 220630
4748 220355
4749 221133
4750 220811
4751 220926
4752 220586
4753 221187
4754 220827
4755 220763
4756 221095
4757 220969
4758 221065
4759 220457
4760 221245
4761 221558
4762 220784
4763 220794
4764 220958
4765 220506
4766 220575
4767 220923
4768 221136
4769 221020
4770 220938
4771 220688
4772 220557
4773 221001
4774 220354
4775 220486
4776 220810
4777 220348
4778 221254
4779 221255
4780 221615
4781 221040
4782 221345
4783 221508
4784 220936
4785 221342
4786 220991
4787 221159
4788 220818
4789 221044
4790 220471
4791 220524
4792 220783
4793 221110
4794 221039
4795 221204
4796 221098
4797 221318
4798 221439
4799 220818
4800 220764
4801 221530
4802 221053
4803 221313
4804 220892
4805 221249
4806 220866
4807 221187
4808 221536
4809 221395
4810 220920
4811 220652
4812 220892
4813 220698
4814 220947
4815 221069
4816 220762
4817 221311
4818 221099
4819 221611
4820 221297
4821 221291
4822 221010
4823 221103
4824 221549
4825 221080
4826 220968
4827 221019
4828 220886
4829 221529
4830 221211
4831 221372
4832 221137
4833 220916
4834 221051
4835 220820
4836 221143
4837 220752
4838 221173
4839 220871
4840 220973
4841 220536
4842 221153
4843 221112
4844 221031
4845 221323
4846 220907
4847 221628
4848 221071
4849 221146
4850 221331
4851 220729
4852 221023
4853 221272
4854 221149
4855 221652
4856 220928
4857 221125
4858 221393
4859 221463
4860 221319
4861 221471
4862 221152
4863 221351
4864 221371
4865 220936
4866 221538
4867 221470
4868 221317
4869 221047
4870 221725
4871 221625
4872 220839
4873 220929
4874 221118
4875 221411
4876 221429
4877 221285
4878 221048
4879 220830
4880 221073
4881 221200
4882 221298
4883 221239
4884 221538
4885 221192
4886 220773
4887 221729
4888 221235
4889 221324
4890 221777
4891 221369
4892 221134
4893 220933
4894 221148
4895 221054
4896 221443
4897 220881
4898 221010
4899 221799
4900 221133
4901 221692
4902 221126
4903 221688
4904 221212
4905 221592
4906 221308
4907 221685
4908 221512
4909 220895
4910 221440
4911 221422
4912 221299
4913 221638
4914 221593
4915 221504
4916 221574
4917 221539
4918 221405
4919 221348
4920 221153
4921 221647
4922 221232
4923 221733
4924 221969
4925 221492
4926 221303
4927 221292
4928 221598
4929 221872
4930 221490
4931 221788
4932 221720
4933 221664
4934 221717
4935 221399
4936 221484
4937 221802
4938 222063
4939 221680
4940 221675
4941 221599
4942 221786
4943 221725
4944 221451
4945 221599
4946 221379
4947 222047
4948 221457
4949 221657
4950 221965
4951 221746
4952 221906
4953 221641
4954 221888
4955 221381
4956 221725
4957 221835
4958 220949
4959 221759
4960 221734
4961 221602
4962 221672
4963 222127
4964 221820
4965 221517
4966 221650
4967 221624
4968 221708
4969 220997
4970 221482
4971 221081
4972 221607
4973 221284
4974 221207
4975 221849
4976 221713
4977 222105
4978 221629
4979 221648
4980 221596
4981 221127
4982 221829
4983 221594
4984 221697
4985 221490
4986 221490
4987 221388
4988 221601
4989 221727
4990 221371
4991 221738
4992 221552
4993 221323
4994 221733
4995 221489
4996 221841
4997 221639
4998 221629
4999 221608
5000 221853
5001 221349
5002 221889
5003 221678
5004 221704
5005 221215
5006 221776
5007 221382
5008 221385
5009 221342
5010 221329
5011 221207
5012 222119
5013 221766
5014 221743
5015 221560
5016 221773
5017 221521
5018 221408
5019 221477
5020 222021
5021 221812
5022 221802
5023 221402
5024 222060
5025 221852
5026 221720
5027 222221
5028 221364
5029 221927
5030 221581
5031 221660
5032 221614
5033 221685
5034 222106
5035 221671
5036 222463
5037 221751
5038 222272
5039 222616
5040 221828
5041 222255
5042 222472
5043 222160
5044 221818
5045 222384
5046 222320
5047 221963
5048 221863
5049 221849
5050 221926
5051 221198
5052 222092
5053 221831
5054 221730
5055 221872
5056 221662
5057 221836
5058 221911
5059 221756
5060 221706
5061 221641
5062 221590
5063 221935
5064 221834
5065 221734
5066 221848
5067 222457
5068 221443
5069 221985
5070 222180
5071 222227
5072 221915
5073 221771
5074 221740
5075 222249
5076 222039
5077 222061
5078 221890
5079 222276
5080 222452
5081 222329
5082 222226
5083 222486
5084 221682
5085 222209
5086 221438
5087 222638
5088 222188
5089 222078
5090 222351
5091 221824
5092 221884
5093 222118
5094 222409
5095 221927
5096 221853
5097 222090
5098 222344
5099 222019
5100 221908
5101 222007
5102 222072
5103 222286
5104 221755
5105 221983
5106 222156
5107 221931
5108 221782
5109 221786
5110 222386
5111 222140
5112 222056
5113 222397
5114 221869
5115 222791
5116 222314
5117 221893
5118 222268
5119 222427
5120 222227
5121 221762
5122 222067
5123 222323
5124 222229
5125 222162
5126 222220
5127 222478
5128 222290
5129 221894
5130 221947
5131 222204
5132 221870
5133 222392
5134 222422
5135 222555
5136 222357
5137 222354
5138 221772
5139 222103
5140 222306
5141 222591
5142 221788
5143 221901
5144 222241
5145 222465
5146 222072
5147 222388
5148 222793
5149 221574
5150 222260
5151 222071
5152 222375
5153 221975
5154 221912
5155 222271
5156 222622
5157 222220
5158 222104
5159 222978
5160 222957
5161 222133
5162 222844
5163 222444
5164 222272
5165 222903
5166 222182
5167 222548
5168 223176
5169 222549
5170 222676
5171 222802
5172 222653
5173 222555
5174 222759
5175 221910
5176 222566
5177 222527
5178 223081
5179 222958
5180 223280
5181 223180
5182 222338
5183 222855
5184 223084
5185 222477
5186 222913
5187 223003
5188 222695
5189 222561
5190 223161
5191 222663
5192 222954
5193 223050
5194 222654
5195 222529
5196 222848
5197 222941
5198 223071
5199 222777
5200 222994
5201 222684
5202 222358
5203 222916
5204 222761
5205 223277
5206 222976
5207 222625
5208 222688
5209 222539
5210 222561
5211 223054
5212 222606
5213 222094
5214 222112
5215 223004
5216 222628
5217 222885
5218 222214
5219 222441
5220 223049
5221 222767
5222 222347
5223 222209
5224 222405
5225 222663
5226 222796
5227 222396
5228 222524
5229 222406
5230 222337
5231 222621
5232 222230
5233 222565
5234 222034
5235 222546
5236 222441
5237 222807
5238 222432
5239 222060
5240 222100
5241 222587
5242 222123
5243 222100
5244 222196
5245 222747
5246 222226
5247 222143
5248 222600
5249 222550
5250 221926
5251 221932
5252 222291
5253 221809
5254 222607
5255 222603
5256 222197
5257 221982
5258 222360
5259 221818
5260 222048
5261 222928
5262 222391
5263 222680
5264 222196
5265 222406
5266 222116
5267 222196
5268 222545
5269 222645
5270 222175
5271 222508
5272 222894
5273 222580
5274 222218
5275 222692
5276 223088
5277 222590
5278 222286
5279 222663
5280 222810
5281 222631
5282 222410
5283 222495
5284 222901
5285 222816
5286 222797
5287 222357
5288 222836
5289 222254
5290 223090
5291 222457
5292 223039
5293 222404
5294 222634
5295 222490
5296 222682
5297 222266
5298 222748
5299 222843
5300 222775
5301 222894
5302 222830
5303 222642
5304 222989
5305 222783
5306 223286
5307 222774
5308 222680
5309 222630
5310 222250
5311 223229
5312 222914
5313 223202
5314 222286
5315 223274
5316 222673
5317 222831
5318 222776
5319 222892
5320 222918
5321 223021
5322 222578
5323 222371
5324 223134
5325 222738
5326 222548
5327 223192
5328 223158
5329 222678
5330 222913
5331 222831
5332 222755
5333 222775
5334 223206
5335 222975
5336 222887
5337 223374
5338 223513
5339 222765
5340 223227
5341 223045
5342 222961
5343 223049
5344 222729
5345 222973
5346 222310
5347 222522
5348 223294
5349 222388
5350 223528
5351 223286
5352 222498
5353 223159
5354 223386
5355 223105
5356 223539
5357 223011
5358 222999
5359 223013
5360 222591
5361 222777
5362 222924
5363 223628
5364 222912
5365 223069
5366 222879
5367 222544
5368 222789
5369 223098
5370 222901
5371 222969
5372 222673
5373 223183
5374 222848
5375 223050
5376 222967
5377 222971
5378 222984
5379 222678
5380 222895
5381 222869
5382 222512
5383 222932
5384 222887
5385 223052
5386 223243
5387 222734
5388 222843
5389 223237
5390 222444
5391 223038
5392 222934
5393 222980
5394 223032
5395 222757
5396 222669
5397 223108
5398 223104
5399 222618
5400 222840
5401 222962
5402 223135
5403 223103
5404 223153
5405 222748
5406 223164
5407 223063
5408 222963
5409 223058
5410 223035
5411 223384
5412 223147
5413 222488
5414 223093
5415 223023
5416 222756
5417 223328
5418 223166
5419 222798
5420 222706
5421 222619
5422 222719
5423 222646
5424 222325
5425 223179
5426 222769
5427 222630
5428 222732
5429 223114
5430 222853
5431 222905
5432 222792
5433 223109
5434 223274
5435 222687
5436 222793
5437 223126
5438 223243
5439 222526
5440 222991
5441 223148
5442 223026
5443 223010
5444 222685
5445 223126
5446 222847
5447 222597
5448 222892
5449 223053
5450 222573
5451 222655
5452 222848
5453 223198
5454 222776
5455 222735
5456 223474
5457 223178
5458 222900
5459 223281
5460 222834
5461 223305
5462 222974
5463 222567
5464 222701
5465 222800
5466 222772
5467 222632
5468 222876
5469 222897
5470 222412
5471 222777
5472 222851
5473 222577
5474 222043
5475 223172
5476 223068
5477 222705
5478 222509
5479 222891
5480 222812
5481 223053
5482 222426
5483 222742
5484 222757
5485 222722
5486 222701
5487 222867
5488 222364
5489 222591
5490 222722
5491 222510
5492 222392
5493 222792
5494 222778
5495 222998
5496 222667
5497 222626
5498 222846
5499 222326
5500 222719
5501 223083
5502 222718
5503 222700
5504 222688
5505 222727
5506 222909
5507 222288
5508 222558
5509 222725
5510 222371
5511 222720
5512 222385
5513 222263
5514 222738
5515 222107
5516 222451
5517 222542
5518 222457
5519 222730
5520 222588
5521 222438
5522 222598
5523 221945
5524 222107
5525 222598
5526 222367
5527 222575
5528 222003
5529 222358
5530 222919
5531 222596
5532 222364
5533 222624
5534 222103
5535 221987
5536 222612
5537 222311
5538 222754
5539 222860
5540 222457
5541 222041
5542 222358
5543 222938
5544 222489
5545 222161
5546 222266
5547 222097
5548 222293
5549 222863
5550 221592
5551 223013
5552 222343
5553 222062
5554 221984
5555 222293
5556 222317
5557 222566
5558 222265
5559 222379
5560 222474
5561 221465
5562 222029
5563 222148
5564 222364
5565 222190
5566 222211
5567 222289
5568 222288
5569 222173
5570 222124
5571 222095
5572 222135
5573 222035
5574 221731
5575 221687
5576 221995
5577 222043
5578 222131
5579 221895
5580 222319
5581 222223
5582 222204
5583 222265
5584 222185
5585 221784
5586 222126
5587 222262
5588 221562
5589 221832
5590 222085
5591 221969
5592 222048
5593 221815
5594 222081
5595 222109
5596 222007
5597 221945
5598 222269
5599 221841
5600 221953
5601 221703
5602 222631
5603 221853
5604 222300
5605 221575
5606 221700
5607 221940
5608 221652
5609 222007
5610 222243
5611 221638
5612 222087
5613 222311
5614 221745
5615 221687
5616 221685
5617 222255
5618 222115
5619 222097
5620 221789
5621 221644
5622 221438
5623 222041
5624 221853
5625 221708
5626 221732
5627 221997
5628 221509
5629 221277
5630 220907
5631 221290
5632 221431
5633 221609
5634 221340
5635 221288
5636 221924
5637 221222
5638 221702
5639 221232
5640 220889
5641 221785
5642 221394
5643 221379
5644 221305
5645 221568
5646 221802
5647 221631
5648 221085
5649 221838
5650 221067
5651 221833
5652 221079
5653 221650
5654 221214
5655 221815
5656 222032
5657 221775
5658 222027
5659 221824
5660 221718
5661 221350
5662 221365
5663 221505
5664 221814
5665 221827
5666 221154
5667 221762
5668 221555
5669 221523
5670 220999
5671 221613
5672 221597
5673 220992
5674 221585
5675 221579
5676 221784
5677 221393
5678 221235
5679 221947
5680 221584
5681 221273
5682 221475
5683 221465
5684 221095
5685 221494
5686 221202
5687 221419
5688 221732
5689 221510
5690 221382
5691 222025
5692 221410
5693 221358
5694 221070
5695 221470
5696 221505
5697 221515
5698 222009
5699 221742
5700 221571
5701 221615
5702 221198
5703 221453
5704 221348
5705 221219
5706 221366
5707 221828
5708 221262
5709 221456
5710 221340
5711 222421
5712 221670
5713 221689
5714 221725
5715 221533
5716 222010
5717 222141
5718 221747
5719 221445
5720 221549
5721 221261
5722 221237
5723 221706
5724 221289
5725 221642
5726 222061
5727 221900
5728 221766
5729 222089
5730 221762
5731 221727
5732 221672
5733 221621
5734 221959
5735 221048
5736 222399
5737 221232
5738 221727
5739 221022
5740 220814
5741 221496
5742 221376
5743 221281
5744 221262
5745 221564
5746 221189
5747 221835
5748 221258
5749 221164
5750 220706
5751 221208
5752 221240
5753 221223
5754 220615
5755 221477
5756 220757
5757 221117
5758 221010
5759 220722
5760 221181
5761 221114
5762 221280
5763 221176
5764 221228
5765 221350
5766 220767
5767 221023
5768 220668
5769 221057
5770 221246
5771 220512
5772 221066
5773 220995
5774 220925
5775 220809
5776 220916
5777 221090
5778 220518
5779 221047
5780 220996
5781 220768
5782 220946
5783 220922
5784 220562
5785 220794
5786 220954
5787 220789
5788 220760
5789 220521
5790 220502
5791 221180
5792 220968
5793 220623
5794 221073
5795 220857
5796 220939
5797 220758
5798 220755
5799 220498
5800 220708
5801 220680
5802 220615
5803 220855
5804 220431
5805 220182
5806 220460
5807 220790
5808 220608
5809 220703
5810 220199
5811 220749
5812 220331
5813 220327
5814 220086
5815 220711
5816 220256
5817 220181
5818 220944
5819 220244
5820 220601
5821 220661
5822 220586
5823 220784
5824 220662
5825 220775
5826 220582
5827 220453
5828 220998
5829 220901
5830 220761
5831 220678
5832 220662
5833 220831
5834 220631
5835 220858
5836 220168
5837 220318
5838 220309
5839 220033
5840 220470
5841 220457
5842 220356
5843 220464
5844 220066
5845 220205
5846 220476
5847 220580
5848 220167
5849 220226
5850 220205
5851 220270
5852 219604
5853 220232
5854 220324
5855 219918
5856 220063
5857 220667
5858 220008
5859 220542
5860 220464
5861 220345
5862 220292
5863 220755
5864 219735
5865 220504
5866 220986
5867 219977
5868 220203
5869 220470
5870 220156
5871 220368
5872 219763
5873 220321
5874 220155
5875 219450
5876 219549
5877 220479
5878 219836
5879 219439
5880 219706
5881 219602
5882 220167
5883 219919
5884 219326
5885 220012
5886 219821
5887 219169
5888 220106
5889 219625
5890 219348
5891 219669
5892 220041
5893 219484
5894 219888
5895 219485
5896 219606
5897 219877
5898 219950
5899 219423
5900 219319
5901 219984
5902 219843
5903 219914
5904 220087
5905 219887
5906 219477
5907 219258
5908 219955
5909 219968
5910 220218
5911 219749
5912 219955
5913 219352
5914 219321
5915 219916
5916 219662
5917 219764
5918 220074
5919 219228
5920 219274
5921 219266
5922 219770
5923 220223
5924 219520
5925 219450
5926 219204
5927 219343
5928 220025
5929 219565
5930 219188
5931 219150
5932 219186
5933 219516
5934 219455
5935 219651
5936 219944
5937 219573
5938 218935
5939 219591
5940 219472
5941 219764
5942 219115
5943 219436
5944 219800
5945 219255
5946 219165
5947 219102
5948 219118
5949 219531
5950 219439
5951 219638
5952 219314
5953 219468
5954 219067
5955 219170
5956 219236
5957 219333
5958 219355
5959 219005
5960 219474
5961 219703
5962 219755
5963 219313
5964 219047
5965 219303
5966 219239
5967 218824
5968 218956
5969 219441
5970 219236
5971 219023
5972 219538
5973 219192
5974 218920
5975 219233
5976 218744
5977 219094
5978 218669
5979 219291
5980 219523
5981 219105
5982 218919
5983 218988
5984 218881
5985 219130
5986 218940
5987 219192
5988 219532
5989 218964
5990 219079
5991 218959
5992 219688
5993 219214
5994 218800
5995 219418
5996 219091
5997 219382
5998 219459
5999 219650
6000 219087
6001 219897
6002 219018
6003 219319
6004 218685
6005 218595
6006 218476
6007 218676
6008 219071
6009 219229
6010 219064
6011 219069
6012 218856
6013 219133
6014 218429
6015 219179
6016 218860
6017 219130
6018 218896
6019 218713
6020 218619
6021 218828
6022 218669
6023 218864
6024 218632
6025 218756
6026 219152
6027 218304
6028 218267
6029 218559
6030 218707
6031 218900
6032 219033
6033 218800
6034 218783
6035 218849
6036 218370
6037 218671
6038 218470
6039 218579
6040 218462
6041 218571
6042 218546
6043 219076
6044 218865
6045 218661
6046 218500
6047 218744
6048 218224
6049 218641
6050 217957
6051 217932
6052 218872
6053 218664
6054 218400
6055 218471
6056 218668
6057 218729
6058 218524
6059 218992
6060 218456
6061 218355
6062 218096
6063 218881
6064 218615
6065 218529
6066 218495
6067 218961
6068 218407
6069 218440
6070 218682
6071 218407
6072 218378
6073 218441
6074 218594
6075 218821
6076 218842
6077 218795
6078 218398
6079 218592
6080 218364
6081 218619
6082 218349
6083 218802
6084 218187
6085 218920
6086 218978
6087 218705
6088 218840
6089 217915
6090 218885
6091 218401
6092 218397
6093 218593
6094 218554
6095 218183
6096 218477
6097 218684
6098 218054
6099 218817
6100 218381
6101 218395
6102 218185
6103 217894
6104 217811
6105 218311
6106 218569
6107 217990
6108 218658
6109 218617
6110 218622
6111 218129
6112 218207
6113 217894
6114 218329
6115 218524
6116 217512
6117 218390
6118 218248
6119 217733
6120 218355
6121 218297
6122 218396
6123 218040
6124 217894
6125 218065
6126 218340
6127 217816
6128 218053
6129 218680
6130 218493
6131 217974
6132 218169
6133 218439
6134 218199
6135 218309
6136 217808
6137 218217
6138 217658
6139 218337
6140 218239
6141 217648
6142 218222
6143 217931
6144 218014
6145 217938
6146 217945
6147 217692
6148 217859
6149 217536
6150 217975
6151 217554
6152 217856
6153 217757
6154 217791
6155 218268
6156 217842
6157 217990
6158 218012
6159 217915
6160 217845
6161 217726
6162 217512
6163 217947
6164 217754
6165 217723
6166 217629
6167 218022
6168 217793
6169 217749
6170 217543
6171 217973
6172 218245
6173 217985
6174 217390
6175 218158
6176 218469
6177 217757
6178 217537
6179 217573
6180 217899
6181 217776
6182 217723
6183 218020
6184 217484
6185 217837
6186 217121
6187 217738
6188 217748
6189 217523
6190 217931
6191 217894
6192 217809
6193 217523
6194 217558
6195 217724
6196 217551
6197 217702
6198 217842
6199 217599
6200 217488
6201 217493
6202 217286
6203 217666
6204 217425
6205 217650
6206 217842
6207 217687
6208 217311
6209 218029
6210 217351
6211 217320
6212 217829
6213 217493
6214 217919
6215 217650
6216 217641
6217 217978
6218 217560
6219 217412
6220 217589
6221 217335
6222 217765
6223 218042
6224 217244
6225 217974
6226 217648
6227 218029
6228 217387
6229 217866
6230 217074
6231 217759
6232 217487
6233 217547
6234 217855
6235 217536
6236 217560
6237 217388
6238 217429
6239 217881
6240 217872
6241 217059
6242 217256
6243 217207
6244 218100
6245 217876
6246 217496
6247 217920
6248 217758
6249 217396
6250 217653
6251 217647
6252 217705
6253 217724
6254 217056
6255 217357
6256 217340
6257 216900
6258 217640
6259 217600
6260 217180
6261 217436
6262 217617
6263 216961
6264 217841
6265 217193
6266 216679
6267 217633
6268 217602
6269 217790
6270 217926
6271 217168
6272 217307
6273 217910
6274 217738
6275 217222
6276 217394
6277 217511
6278 217420
6279 216643
6280 217008
6281 217255
6282 217425
6283 217184
6284 217371
6285 217291
6286 217255
6287 217180
6288 217806
6289 216975
6290 216855
6291 217691
6292 217279
6293 217808
6294 217259
6295 216713
6296 217427
6297 217457
6298 217007
6299 217172
6300 217046
6301 217057
6302 216941
6303 218003
6304 217237
6305 217141
6306 217338
6307 217174
6308 217252
6309 217367
6310 217329
6311 217309
6312 217525
6313 217513
6314 217266
6315 217145
6316 217354
6317 217490
6318 217067
6319 216925
6320 217359
6321 216851
6322 217238
6323 217306
6324 217446
6325 217069
6326 217197
6327 216712
6328 217425
6329 216744
6330 217247
6331 217620
6332 217267
6333 216934
6334 217329
6335 218073
6336 217422
6337 217049
6338 217127
6339 217534
6340 217143
6341 217601
6342 217315
6343 217513
6344 217892
6345 216829
6346 216812
6347 217433
6348 217228
6349 217365
6350 217570
6351 217482
6352 217135
6353 216978
6354 217291
6355 217385
6356 217058
6357 217723
6358 217047
6359 216917
6360 217521
6361 217398
6362 216917
6363 217942
6364 217739
6365 217524
6366 217061
6367 216602
6368 217179
6369 216990
6370 216775
6371 216541
6372 217143
6373 217455
6374 216739
6375 217953
6376 217227
6377 217299
6378 217109
6379 217330
6380 217328
6381 217109
6382 217288
6383 216777
6384 216946
6385 217162
6386 216904
6387 217224
6388 216975
6389 216934
6390 217543
6391 217097
6392 216717
6393 216703
6394 217327
6395 216469
6396 216916
6397 217109
6398 217118
6399 217390
6400 217237
6401 216529
6402 216846
6403 217008
6404 216892
6405 216577
6406 216886
6407 217174
6408 216563
6409 217258
6410 216955
6411 217206
6412 217224
6413 216886
6414 217246
6415 216812
6416 217292
6417 216822
6418 217144
6419 217303
6420 217290
6421 216986
6422 216627
6423 217223
6424 216521
6425 217067
6426 217329
6427 216486
6428 216548
6429 216710
6430 217029
6431 216771
6432 217038
6433 216975
6434 217451
6435 217296
6436 217256
6437 216885
6438 216884
6439 217031
6440 216793
6441 217208
6442 217329
6443 216610
6444 216487
6445 217150
6446 216598
6447 216432
6448 217115
6449 217262
6450 216761
6451 216427
6452 217273
6453 217097
6454 217035
6455 217122
6456 216739
6457 216475
6458 217010
6459 216698
6460 217122
6461 216807
6462 216682
6463 217171
6464 217126
6465 216640
6466 216852
6467 216964
6468 216730
6469 216701
6470 216809
6471 217108
6472 216958
6473 217098
6474 217012
6475 216979
6476 216877
6477 216907
6478 216528
6479 217024
6480 216627
6481 216400
6482 217288
6483 216529
6484 216368
6485 217031
6486 216654
6487 217292
6488 216891
6489 217205
6490 216973
6491 216689
6492 216804
6493 217154
6494 217405
6495 217310
6496 217118
6497 216917
6498 217894
6499 217071
6500 217311
6501 217109
6502 216873
6503 216896
6504 216808
6505 216931
6506 217721
6507 216646
6508 216994
6509 216877
6510 216799
6511 216886
6512 217449
6513 216775
6514 216784
6515 216681
6516 216618
6517 216603
6518 217030
6519 217084
6520 216597
6521 217267
6522 217274
6523 217030
6524 217146
6525 216583
6526 216863
6527 216775
6528 216676
6529 217159
6530 217097
6531 216432
6532 217213
6533 216987
6534 216868
6535 217000
6536 217144
6537 216637
6538 216576
6539 216639
6540 217055
6541 217062
6542 216633
6543 216802
6544 216987
6545 217113
6546 216881
6547 217103
6548 216874
6549 216084
6550 216684
6551 217010
6552 216632
6553 216502
6554 216326
6555 216444
6556 216839
6557 216530
6558 216668
6559 216878
6560 216845
6561 216812
6562 217008
6563 216791
6564 216732
6565 216884
6566 217812
6567 216176
6568 217026
6569 217052
6570 216786
6571 216935
6572 216963
6573 216361
6574 216646
6575 217237
6576 216526
6577 216581
6578 217041
6579 217092
6580 216591
6581 216252
6582 216580
6583 216580
6584 217043
6585 216815
6586 216833
6587 216493
6588 216607
6589 216471
6590 216962
6591 216525
6592 215818
6593 216557
6594 216846
6595 216483
6596 216543
6597 216104
6598 216511
6599 216886
6600 216764
6601 216183
6602 216438
6603 216124
6604 216168
6605 216808
6606 216713
6607 217146
6608 216948
6609 216362
6610 216918
6611 216834
6612 216755
6613 216751
6614 216780
6615 216323
6616 216467
6617 216825
6618 216856
6619 216850
6620 216453
6621 217396
6622 217029
6623 216221
6624 216864
6625 216777
6626 217440
6627 217065
6628 217134
6629 216725
6630 217039
6631 217028
6632 216690
6633 217092
6634 217437
6635 217640
6636 217705
6637 217346
6638 217097
6639 217524
6640 217362
6641 217428
6642 216583
6643 217234
6644 217191
