H11890
GateTime 10
GateNumber 0
SN 30430302
0 230769
1 230520
2 231168
3 230910
4 231098
5 230842
6 230536
7 230829
8 230581
9 230889
10 230604
11 230592
12 230527
13 230384
14 229678
15 230490
16 230586
17 230240
18 230469
19 230723
20 230646
21 230765
22 230813
23 230940
24 230541
25 230850
26 230145
27 230996
28 231152
29 230979
30 230600
31 230458
32 230638
33 230621
34 230106
35 230980
36 230790
37 230448
38 230303
39 230689
40 230636
41 230251
42 230620
43 230296
44 230278
45 230054
46 230396
47 230899
48 230818
49 230260
50 230579
51 230510
52 231104
53 230768
54 230275
55 230745
56 230547
57 230618
58 230380
59 230360
60 229613
61 230078
62 230337
63 230279
64 230102
65 230283
66 230800
67 229906
68 230565
69 230161
70 230341
71 229838
72 230285
73 229965
74 230559
75 230534
76 230409
77 230535
78 230359
79 230431
80 230331
81 229799
82 230594
83 230158
84 230381
85 230631
86 230442
87 229873
88 230636
89 230074
90 230490
91 231129
92 230135
93 230112
94 230515
95 230424
96 230180
97 230850
98 230132
99 230498
100 230906
101 230588
102 230281
103 230283
104 231026
105 230734
106 231142
107 230416
108 230845
109 230841
110 230420
111 230705
112 230627
113 230915
114 230820
115 230738
116 230770
117 230529
118 230593
119 230833
120 230716
121 231278
122 231044
123 230473
124 230332
125 231212
126 231016
127 230667
128 230938
129 231081
130 230709
131 230921
132 230827
133 230370
134 230739
135 230563
136 230599
137 230816
138 230846
139 231137
140 230717
141 231195
142 231065
143 230903
144 231173
145 230445
146 231051
147 230693
148 231277
149 231313
150 231292
151 230681
152 230913
153 231025
154 230596
155 231094
156 231038
157 230903
158 230684
159 231208
160 230812
161 231281
162 230608
163 231150
164 231216
165 231127
166 231043
167 231117
168 230658
169 231239
170 231486
171 231303
172 231117
173 231188
174 231062
175 231341
176 231478
177 231345
178 231352
179 231566
180 231079
181 231376
182 231759
183 231131
184 231048
185 231210
186 231344
187 232095
188 231253
189 231300
190 230977
191 231453
192 231309
193 231915
194 231748
195 231425
196 232303
197 231342
198 231973
199 231956
200 232119
201 231734
202 231476
203 231861
204 231961
205 231471
206 231671
207 231851
208 231585
209 231665
210 231487
211 231985
212 231325
213 231291
214 230978
215 231291
216 231185
217 231457
218 231341
219 231174
220 231719
221 232062
222 231570
223 231539
224 231580
225 231761
226 231988
227 231507
228 231647
229 231515
230 231902
231 231826
232 231428
233 231454
234 231818
235 231526
236 232182
237 231522
238 231727
239 231932
240 231042
241 231537
242 231679
243 232176
244 231424
245 231647
246 231404
247 231163
248 231950
249 231521
250 232098
251 231757
252 232093
253 232298
254 231257
255 231950
256 232136
257 232225
258 232304
259 231988
260 231831
261 232112
262 232567
263 232381
264 232362
265 232804
266 232514
267 232661
268 232465
269 232304
270 232557
271 232049
272 232112
273 231651
274 231798
275 231431
276 231724
277 231684
278 231970
279 231576
280 231541
281 231431
282 231619
283 231844
284 231637
285 231795
286 231163
287 231109
288 231185
289 231474
290 231285
291 231137
292 231300
293 231161
294 231684
295 231091
296 231575
297 231187
298 231272
299 231969
300 231592
301 231403
302 231557
303 232181
304 231263
305 231693
306 231410
307 231392
308 231716
309 231469
310 231763
311 231379
312 231008
313 231243
314 231535
315 232005
316 231368
317 231604
318 231474
319 231765
320 231927
321 231291
322 231709
323 231490
324 231371
325 231272
326 231783
327 230813
328 230816
329 231308
330 231274
331 231231
332 231193
333 231073
334 231421
335 231049
336 230402
337 231264
338 230907
339 230720
340 231283
341 231156
342 231399
343 231284
344 231142
345 230892
346 230803
347 230524
348 231555
349 231160
350 231398
351 231209
352 230915
353 231277
354 230936
355 230889
356 231072
357 231067
358 231006
359 231019
360 231196
361 230950
362 231189
363 231493
364 230967
365 231532
366 231363
367 231314
368 231099
369 230895
370 231249
371 231333
372 231085
373 231211
374 230910
375 231423
376 231110
377 231419
378 231175
379 230977
380 231675
381 230847
382 231198
383 231144
384 231848
385 231230
386 231360
387 231500
388 231488
389 231559
390 231617
391 231808
392 231652
393 231472
394 230819
395 231227
396 230989
397 231495
398 231498
399 230863
400 231541
401 231717
402 230733
403 231196
404 231030
405 230710
406 231364
407 231074
408 231160
409 231378
410 231117
411 231340
412 232085
413 231063
414 231800
415 231848
416 231954
417 231632
418 231612
419 231668
420 230825
421 231333
422 231501
423 231599
424 231660
425 231871
426 231401
427 231403
428 231373
429 231627
430 231577
431 231132
432 231568
433 231311
434 231126
435 231080
436 231084
437 231299
438 231321
439 231274
440 231114
441 231483
442 231240
443 230607
444 231327
445 231523
446 231213
447 231068
448 231172
449 231443
450 230597
451 231296
452 231998
453 230549
454 231023
455 231272
456 230728
457 231425
458 231034
459 231114
460 231609
461 231682
462 231376
463 231141
464 230836
465 231490
466 231291
467 230854
468 231330
469 230800
470 231382
471 230955
472 231663
473 231433
474 231765
475 231219
476 231156
477 231172
478 230741
479 231519
480 231512
481 231421
482 231430
483 231379
484 231486
485 231214
486 231487
487 231495
488 231309
489 231051
490 231008
491 231217
492 231288
493 231016
494 230747
495 231064
496 231310
497 231162
498 231165
499 231476
500 231208
501 231397
502 231045
503 230338
504 230664
505 231384
506 231120
507 230731
508 230873
509 230668
510 231229
511 230962
512 230930
513 231074
514 231107
515 230468
516 230883
517 231215
518 230798
519 230541
520 231353
521 230745
522 231201
523 231392
524 230589
525 230953
526 231019
527 230409
528 230526
529 230180
530 231319
531 231354
532 230783
533 230517
534 231147
535 230899
536 230580
537 230989
538 230840
539 230569
540 230075
541 230769
542 230687
543 230617
544 231336
545 230989
546 231148
547 231358
548 230660
549 230488
550 230838
551 231149
552 230162
553 230306
554 231092
555 230722
556 230809
557 230632
558 230478
559 230778
560 231167
561 230759
562 231368
563 230592
564 230553
565 230780
566 230773
567 230839
568 230468
569 230886
570 230479
571 230253
572 230113
573 230642
574 230666
575 230723
576 230140
577 230473
578 230694
579 230234
580 229963
581 230609
582 230441
583 230473
584 230546
585 230233
586 230134
587 229978
588 230157
589 230635
590 230012
591 229950
592 230658
593 230613
594 230287
595 230318
596 230916
597 230336
598 230777
599 230091
600 229865
601 230469
602 230274
603 230140
604 230298
605 230100
606 230696
607 230643
608 229964
609 230507
610 229961
611 230392
612 230413
613 229951
614 230342
615 231238
616 230518
617 229831
618 230454
619 230040
620 230733
621 230176
622 230405
623 230321
624 230183
625 230300
626 230220
627 230439
628 229921
629 230163
630 230482
631 230268
632 230300
633 230215
634 230220
635 230204
636 230467
637 230394
638 230313
639 229884
640 229868
641 230642
642 230346
643 230180
644 229961
645 230257
646 229978
647 230127
648 230144
649 229963
650 230197
651 230213
652 230195
653 230185
654 230561
655 230343
656 230554
657 229929
658 229972
659 229804
660 230158
661 230090
662 230127
663 230448
664 229986
665 230611
666 229868
667 230058
668 230200
669 230041
670 230157
671 229975
672 230418
673 230303
674 230310
675 230651
676 230043
677 230142
678 230088
679 230367
680 230159
681 230290
682 230023
683 229976
684 230447
685 230765
686 230396
687 231134
688 230128
689 229972
690 230380
691 230576
692 230420
693 230436
694 230203
695 230373
696 230403
697 230637
698 230072
699 230638
700 229889
701 230157
702 230695
703 230010
704 230463
705 230034
706 230605
707 229974
708 230144
709 230397
710 230128
711 230014
712 230342
713 229894
714 229847
715 229835
716 229797
717 229847
718 230072
719 230001
720 230571
721 230099
722 230253
723 229953
724 230185
725 230176
726 230140
727 229604
728 230065
729 229938
730 229832
731 229808
732 229652
733 229672
734 229724
735 229986
736 229671
737 230409
738 230338
739 230046
740 229848
741 229701
742 230078
743 229976
744 229702
745 230000
746 229503
747 230213
748 229765
749 229788
750 230031
751 229438
752 229965
753 229652
754 229944
755 229418
756 229544
757 230099
758 230344
759 229842
760 230281
761 229850
762 229972
763 229704
764 229568
765 230097
766 229678
767 229961
768 229632
769 229943
770 230164
771 229726
772 229883
773 229629
774 230313
775 229847
776 230363
777 229706
778 229930
779 229859
780 229896
781 229762
782 230032
783 230289
784 229947
785 229997
786 229429
787 230325
788 229721
789 229570
790 229788
791 229779
792 229998
793 229592
794 229268
795 229544
796 229596
797 230033
798 229399
799 230082
800 229320
801 229694
802 229788
803 229982
804 229217
805 230103
806 229807
807 229745
808 229960
809 229301
810 229819
811 230026
812 229841
813 229639
814 229745
815 230088
816 229905
817 230011
818 229750
819 229751
820 230008
821 229700
822 229585
823 230210
824 230266
825 229405
826 230030
827 229777
828 229522
829 229344
830 229903
831 229722
832 229933
833 229555
834 229988
835 229856
836 229693
837 229824
838 230217
839 230303
840 230010
841 229881
842 229647
843 229368
844 230202
845 229405
846 230166
847 230430
848 230199
849 229658
850 230313
851 230203
852 230238
853 230067
854 229836
855 230096
856 230182
857 229567
858 229693
859 230089
860 229877
861 230233
862 229755
863 230336
864 230015
865 229998
866 229994
867 230070
868 229814
869 229945
870 230495
871 230099
872 230153
873 229553
874 229637
875 229999
876 230122
877 230115
878 230069
879 230610
880 230305
881 230299
882 230114
883 229477
884 230484
885 230345
886 230052
887 229918
888 230001
889 229790
890 229871
891 230371
892 229892
893 230180
894 229944
895 230210
896 230454
897 230986
898 230022
899 230009
900 230387
901 229838
902 230271
903 230078
904 229748
905 230442
906 230335
907 230353
908 229921
909 230206
910 230487
911 229864
912 230309
913 230381
914 229900
915 230166
916 229931
917 230123
918 229941
919 230523
920 229844
921 230496
922 230346
923 230310
924 230526
925 230486
926 230016
927 230317
928 229588
929 229796
930 230234
931 230232
932 230179
933 230404
934 230178
935 229779
936 230274
937 230202
938 229895
939 230660
940 230581
941 230095
942 230323
943 230331
944 230374
945 229951
946 229808
947 230595
948 230615
949 230449
950 230059
951 230810
952 230463
953 230106
954 230163
955 230501
956 230577
957 230443
958 230791
959 230266
960 230467
961 230677
962 230364
963 230833
964 230744
965 230198
966 230378
967 230555
968 230145
969 230637
970 230602
971 229846
972 230190
973 230479
974 230526
975 230066
976 230702
977 230003
978 229805
979 230443
980 230578
981 230384
982 230323
983 230324
984 230819
985 230059
986 230444
987 230219
988 230509
989 230406
990 230066
991 229799
992 230509
993 230035
994 230025
995 229898
996 230226
997 230428
998 230154
999 230113
1000 230374
1001 230130
1002 230433
1003 229917
1004 230363
1005 230022
1006 230496
1007 230619
1008 230204
1009 230133
1010 230037
1011 230536
1012 230186
1013 229898
1014 230292
1015 230041
1016 230284
1017 230431
1018 230751
1019 230413
1020 230344
1021 230412
1022 230324
1023 230773
1024 230169
1025 230564
1026 231148
1027 230503
1028 230423
1029 230803
1030 230954
1031 230013
1032 230666
1033 230486
1034 230850
1035 230594
1036 230477
1037 230544
1038 230953
1039 230894
1040 230781
1041 230486
1042 230590
1043 230391
1044 230732
1045 230465
1046 230567
1047 230511
1048 231218
1049 230740
1050 230263
1051 230600
1052 230563
1053 230786
1054 230790
1055 230689
1056 230333
1057 230861
1058 230904
1059 230765
1060 230883
1061 231066
1062 231372
1063 230398
1064 230368
1065 230428
1066 230118
1067 230453
1068 231039
1069 230706
1070 230530
1071 230138
1072 230647
1073 231282
1074 230739
1075 230624
1076 230470
1077 231196
1078 230792
1079 230711
1080 230952
1081 230541
1082 230540
1083 230929
1084 230906
1085 230945
1086 231354
1087 230849
1088 230549
1089 230536
1090 230639
1091 230987
1092 231267
1093 231002
1094 230696
1095 230856
1096 230413
1097 230936
1098 230721
1099 230318
1100 230500
1101 230195
1102 230527
1103 230741
1104 231123
1105 230297
1106 230460
1107 230787
1108 230406
1109 230637
1110 230730
1111 230706
1112 230851
1113 231078
1114 230789
1115 230786
1116 231174
1117 231087
1118 231095
1119 230535
1120 231002
1121 231044
1122 230676
1123 230898
1124 231157
1125 230784
1126 230773
1127 231393
1128 230590
1129 230714
1130 230701
1131 231163
1132 230481
1133 230762
1134 231123
1135 231297
1136 230761
1137 230777
1138 230733
1139 230770
1140 230720
1141 230865
1142 230510
1143 230735
1144 230725
1145 230848
1146 231193
1147 230801
1148 230896
1149 230437
1150 231164
1151 231041
1152 230696
1153 231092
1154 230954
1155 230582
1156 230625
1157 230560
1158 231394
1159 230940
1160 231195
1161 230872
1162 231515
1163 230836
1164 231148
1165 230735
1166 231096
1167 231359
1168 230694
1169 231293
1170 231233
1171 230960
1172 230970
1173 231306
1174 231408
1175 231024
1176 230814
1177 230969
1178 231425
1179 230971
1180 231536
1181 230968
1182 231537
1183 230920
1184 231075
1185 231042
1186 231111
1187 231185
1188 231266
1189 231165
1190 231329
1191 230825
1192 231088
1193 231333
1194 231559
1195 230600
1196 230812
1197 231063
1198 231663
1199 231467
1200 231248
1201 231744
1202 231320
1203 231170
1204 231041
1205 231065
1206 231099
1207 231699
1208 231437
1209 231239
1210 231211
1211 231164
1212 231323
1213 231371
1214 231390
1215 231122
1216 230932
1217 230905
1218 230284
1219 231292
1220 231311
1221 231608
1222 231505
1223 230853
1224 231571
1225 231225
1226 231469
1227 232014
1228 231355
1229 231328
1230 231019
1231 231516
1232 231177
1233 231180
1234 230912
1235 231172
1236 231489
1237 231313
1238 230837
1239 230787
1240 231204
1241 231237
1242 231206
1243 231148
1244 231129
1245 231577
1246 231148
1247 231305
1248 230937
1249 231061
1250 231315
1251 231054
1252 231554
1253 231560
1254 231297
1255 231746
1256 231173
1257 231068
1258 231219
1259 230996
1260 231060
1261 231214
1262 231394
1263 231255
1264 231500
1265 231637
1266 231534
1267 231323
1268 231588
1269 230952
1270 230987
1271 231368
1272 230944
1273 231061
1274 231440
1275 230586
1276 231534
1277 231291
1278 231222
1279 230907
1280 231541
1281 231522
1282 230878
1283 231706
1284 231215
1285 231437
1286 231062
1287 231567
1288 230952
1289 230890
1290 231191
1291 231240
1292 231457
1293 230724
1294 230771
1295 231346
1296 230734
1297 231441
1298 231677
1299 231515
1300 231195
1301 231152
1302 231598
1303 230935
1304 231270
1305 231131
1306 231601
1307 231830
1308 231121
1309 231313
1310 231391
1311 231009
1312 231176
1313 231191
1314 230879
1315 230698
1316 230941
1317 230431
1318 231090
1319 231346
1320 231263
1321 231619
1322 231349
1323 231132
1324 231376
1325 231191
1326 231280
1327 231737
1328 231268
1329 230789
1330 231197
1331 230587
1332 231545
1333 231241
1334 231440
1335 231533
1336 231384
1337 231112
1338 231414
1339 231000
1340 231208
1341 230840
1342 231202
1343 231045
1344 231130
1345 231545
1346 231153
1347 231061
1348 231113
1349 231010
1350 231568
1351 231052
1352 231293
1353 231405
1354 231764
1355 231102
1356 231220
1357 231918
1358 231229
1359 231206
1360 231114
1361 231075
1362 231408
1363 231160
1364 231078
1365 231100
1366 230911
1367 230804
1368 231064
1369 230900
1370 230936
1371 231354
1372 230955
1373 231230
1374 230625
1375 230803
1376 231350
1377 231458
1378 231122
1379 231089
1380 231057
1381 231187
1382 231185
1383 231235
1384 231215
1385 231254
1386 231075
1387 230899
1388 230527
1389 231163
1390 230867
1391 231011
1392 231558
1393 231286
1394 230772
1395 231076
1396 231058
1397 230790
1398 230861
1399 231220
1400 230426
1401 231063
1402 231295
1403 231511
1404 230834
1405 231209
1406 230865
1407 231073
1408 231067
1409 230791
1410 231001
1411 230682
1412 231263
1413 230682
1414 231407
1415 230233
1416 230894
1417 230371
1418 230817
1419 231203
1420 230567
1421 231264
1422 230989
1423 230994
1424 230986
1425 230998
1426 231128
1427 230829
1428 230798
1429 230708
1430 231168
1431 231068
1432 230742
1433 230884
1434 230966
1435 230819
1436 231107
1437 231172
1438 230654
1439 231184
1440 231244
1441 230372
1442 230930
1443 230719
1444 231271
1445 230945
1446 230992
1447 230723
1448 230737
1449 230687
1450 230960
1451 231005
1452 230654
1453 230534
1454 230889
1455 230893
1456 230809
1457 230871
1458 230502
1459 230413
1460 230845
1461 230630
1462 231180
1463 230776
1464 230580
1465 230822
1466 231083
1467 230886
1468 231305
1469 231133
1470 230897
1471 230760
1472 231032
1473 231018
1474 230812
1475 230702
1476 230585
1477 231168
1478 230412
1479 230493
1480 231110
1481 230580
1482 231191
1483 230879
1484 230841
1485 230703
1486 230613
1487 230636
1488 230501
1489 230602
1490 230610
1491 230474
1492 230943
1493 230879
1494 230942
1495 230975
1496 230905
1497 230673
1498 231074
1499 230825
1500 230905
1501 230613
1502 230537
1503 230844
1504 231286
1505 231020
1506 230902
1507 231150
1508 230673
1509 231217
1510 230976
1511 230874
1512 231499
1513 230913
1514 230845
1515 231184
1516 230545
1517 231349
1518 230920
1519 231455
1520 231699
1521 231345
1522 231207
1523 231407
1524 231153
1525 231462
1526 230868
1527 231513
1528 230916
1529 231267
1530 231740
1531 231045
1532 231330
1533 230692
1534 231171
1535 230793
1536 231730
1537 231146
1538 231243
1539 231484
1540 231239
1541 231103
1542 230941
1543 230904
1544 231278
1545 231005
1546 230749
1547 230788
1548 231049
1549 231341
1550 231018
1551 230705
1552 230788
1553 231246
1554 230594
1555 231141
1556 230674
1557 230821
1558 230779
1559 231208
1560 231212
1561 230999
1562 231014
1563 230684
1564 231028
1565 231128
1566 230473
1567 230152
1568 230647
1569 230920
1570 230147
1571 230339
1572 230148
1573 230480
1574 230088
1575 230664
1576 230791
1577 230252
1578 230043
1579 231042
1580 230063
1581 230647
1582 230247
1583 230839
1584 229919
1585 230249
1586 230572
1587 230112
1588 230777
1589 230643
1590 230246
1591 230272
1592 230268
1593 230171
1594 230137
1595 230211
1596 229841
1597 229985
1598 230008
1599 230086
1600 230037
1601 230197
1602 229806
1603 230057
1604 230297
1605 229774
1606 230749
1607 230449
1608 230009
1609 230321
1610 229901
1611 230667
1612 229969
1613 229474
1614 230113
1615 229975
1616 229722
1617 230185
1618 229873
1619 230051
1620 230171
1621 229813
1622 229969
1623 230457
1624 229721
1625 229897
1626 230251
1627 229678
1628 230202
1629 230010
1630 229882
1631 229833
1632 230080
1633 230076
1634 229810
1635 229842
1636 229577
1637 229719
1638 229407
1639 229718
1640 230391
1641 229429
1642 230051
1643 230389
1644 229534
1645 230173
1646 229801
1647 229854
1648 230293
1649 230075
1650 229745
1651 230038
1652 229728
1653 229900
1654 229884
1655 229477
1656 229665
1657 229728
1658 229428
1659 229812
1660 229827
1661 229781
1662 230049
1663 229560
1664 230368
1665 229411
1666 229793
1667 229969
1668 229535
1669 230068
1670 229739
1671 229638
1672 230067
1673 229808
1674 229921
1675 229772
1676 229623
1677 230161
1678 229342
1679 230041
1680 229681
1681 229687
1682 229541
1683 230045
1684 229719
1685 229641
1686 229376
1687 229721
1688 229520
1689 229362
1690 229151
1691 229541
1692 229709
1693 229797
1694 230138
1695 229404
1696 230188
1697 230177
1698 229259
1699 229396
1700 229034
1701 229536
1702 229492
1703 229181
1704 229185
1705 229267
1706 229391
1707 229643
1708 228974
1709 229094
1710 229183
1711 229535
1712 230170
1713 229394
1714 229121
1715 229629
1716 229361
1717 229315
1718 229604
1719 229607
1720 229552
1721 229130
1722 229152
1723 229509
1724 229687
1725 229017
1726 229519
1727 229426
1728 229229
1729 229263
1730 229438
1731 229690
1732 229834
1733 229420
1734 229535
1735 229409
1736 229450
1737 229179
1738 229381
1739 229178
1740 229936
1741 229464
1742 228888
1743 229401
1744 229356
1745 229318
1746 229257
1747 229179
1748 229022
1749 229514
1750 229864
1751 229257
1752 229498
1753 228819
1754 229810
1755 229403
1756 229376
1757 229363
1758 229591
1759 229778
1760 229469
1761 229568
1762 229086
1763 229439
1764 229448
1765 229358
1766 229356
1767 229718
1768 229327
1769 229320
1770 229465
1771 229247
1772 229440
1773 229357
1774 230115
1775 229119
1776 229076
1777 229481
1778 229670
1779 229131
1780 229139
1781 229312
1782 229547
1783 229991
1784 229309
1785 229751
1786 229667
1787 229553
1788 228931
1789 229381
1790 229167
1791 229314
1792 229265
1793 229601
1794 229714
1795 229619
1796 229841
1797 229420
1798 228872
1799 229732
1800 229608
1801 229504
1802 229193
1803 229293
1804 229217
1805 229261
1806 229123
1807 229530
1808 229377
1809 229375
1810 229377
1811 229485
1812 229738
1813 229214
1814 229757
1815 229438
1816 229741
1817 229094
1818 228918
1819 229118
1820 229615
1821 229006
1822 229888
1823 229143
1824 229442
1825 229369
1826 228986
1827 229476
1828 229645
1829 228685
1830 229272
1831 230064
1832 228828
1833 229692
1834 229715
1835 229425
1836 229365
1837 229041
1838 229673
1839 229528
1840 229808
1841 229576
1842 229936
1843 229874
1844 229805
1845 229549
1846 229637
1847 229766
1848 229415
1849 229277
1850 229763
1851 229543
1852 229534
1853 229357
1854 229183
1855 229649
1856 229787
1857 229856
1858 229745
1859 229754
1860 229768
1861 229877
1862 229560
1863 228905
1864 229633
1865 229861
1866 229428
1867 229535
1868 229005
1869 229387
1870 229450
1871 229032
1872 229375
1873 229300
1874 229395
1875 229779
1876 229263
1877 229303
1878 229612
1879 229664
1880 229233
1881 229625
1882 229912
1883 229833
1884 229287
1885 229406
1886 229533
1887 229582
1888 229668
1889 229086
1890 229724
1891 229430
1892 229562
1893 229594
1894 229441
1895 230056
1896 229379
1897 229613
1898 229609
1899 229870
1900 229609
1901 228998
1902 229510
1903 229728
1904 229062
1905 229529
1906 229414
1907 229808
1908 229542
1909 229713
1910 229935
1911 229721
1912 229660
1913 229108
1914 229484
1915 229847
1916 229448
1917 230024
1918 229871
1919 229567
1920 229931
1921 229433
1922 229709
1923 228941
1924 229695
1925 229782
1926 229553
1927 229693
1928 229437
1929 229975
1930 229682
1931 229256
1932 229351
1933 229886
1934 229925
1935 229177
1936 229492
1937 229339
1938 229355
1939 229628
1940 229755
1941 229828
1942 229782
1943 229988
1944 229642
1945 229968
1946 229559
1947 229467
1948 229894
1949 229445
1950 229711
1951 230174
1952 229194
1953 229391
1954 229889
1955 230099
1956 229484
1957 230013
1958 230006
1959 230030
1960 229991
1961 229592
1962 229793
1963 229592
1964 229758
1965 229685
1966 229781
1967 229440
1968 229909
1969 229737
1970 229647
1971 230219
1972 229847
1973 230124
1974 229202
1975 229459
1976 229794
1977 229703
1978 229833
1979 230184
1980 229498
1981 230230
1982 229637
1983 230243
1984 230031
1985 230482
1986 230180
1987 230195
1988 229962
1989 230408
1990 230177
1991 229873
1992 230412
1993 230550
1994 230008
1995 230281
1996 229930
1997 230205
1998 230280
1999 230059
2000 230238
2001 229899
2002 229797
2003 230201
2004 230454
2005 229965
2006 229946
2007 230240
2008 229787
2009 230373
2010 230100
2011 229591
2012 229889
2013 230468
2014 229972
2015 230320
2016 230432
2017 230036
2018 230777
2019 230479
2020 229727
2021 230111
2022 230282
2023 230018
2024 230743
2025 230849
2026 230288
2027 230531
2028 229985
2029 230549
2030 230387
2031 230481
2032 230449
2033 230264
2034 230238
2035 230134
2036 230396
2037 230040
2038 230682
2039 229950
2040 230219
2041 229787
2042 230148
2043 230512
2044 229221
2045 229682
2046 230325
2047 230252
2048 230524
2049 230187
2050 230325
2051 230521
2052 230191
2053 230090
2054 230292
2055 230427
2056 230195
2057 230215
2058 229836
2059 230784
2060 230156
2061 230180
2062 230462
2063 230295
2064 230152
2065 230043
2066 230333
2067 230371
2068 230346
2069 230630
2070 230534
2071 230530
2072 230077
2073 230182
2074 230073
2075 230541
2076 230186
2077 230225
2078 230147
2079 229952
2080 230443
2081 230589
2082 230402
2083 230212
2084 230208
2085 230522
2086 230352
2087 230616
2088 230023
2089 230403
2090 230143
2091 230587
2092 230615
2093 230586
2094 230236
2095 230228
2096 230083
2097 230327
2098 230330
2099 230271
2100 230363
2101 230685
2102 230385
2103 230298
2104 230389
2105 230659
2106 230566
2107 230410
2108 230790
2109 230363
2110 230490
2111 230221
2112 230563
2113 230655
2114 230667
2115 230390
2116 229875
2117 230251
2118 229955
2119 229967
2120 230092
2121 230422
2122 230373
2123 230527
2124 229972
2125 230312
2126 230726
2127 230085
2128 229889
2129 230005
2130 230072
2131 230087
2132 230391
2133 230219
2134 230221
2135 229936
2136 230042
2137 229879
2138 229985
2139 230170
2140 230013
2141 229992
2142 229776
2143 229938
2144 229606
2145 230210
2146 230788
2147 230302
2148 230013
2149 230335
2150 229944
2151 229822
2152 229909
2153 230217
2154 229721
2155 230297
2156 230183
2157 230554
2158 230059
2159 230335
2160 230217
2161 230426
2162 230107
2163 229967
2164 229910
2165 230214
2166 230340
2167 230404
2168 230184
2169 230131
2170 229844
2171 230224
2172 230635
2173 230207
2174 229730
2175 230119
2176 230201
2177 230146
2178 230196
2179 229813
2180 230040
2181 230008
2182 230109
2183 230641
2184 230317
2185 230052
2186 230268
2187 230180
2188 230087
2189 230586
2190 230554
2191 230213
2192 230119
2193 230273
2194 230026
2195 230265
2196 230560
2197 230412
2198 230418
2199 230046
2200 229863
2201 229769
2202 229855
2203 230513
2204 230315
2205 230370
2206 229808
2207 229621
2208 229859
2209 230100
2210 230494
2211 230257
2212 230510
2213 230176
2214 229914
2215 230270
2216 230053
2217 230096
2218 230318
2219 230219
2220 229791
2221 230077
2222 229655
2223 229570
2224 230355
2225 230171
2226 230153
2227 229863
2228 229591
2229 229749
2230 229471
2231 229772
2232 229859
2233 230268
2234 229882
2235 229916
2236 230003
2237 229675
2238 230283
2239 230196
2240 229585
2241 230006
2242 230149
2243 230138
2244 229989
2245 229898
2246 229802
2247 229853
2248 229821
2249 229984
2250 230466
2251 229554
2252 230039
2253 230367
2254 230081
2255 230189
2256 230397
2257 230000
2258 229794
2259 229514
2260 229394
2261 229536
2262 229598
2263 229835
2264 229688
2265 229665
2266 229556
2267 230117
2268 230321
2269 230029
2270 230357
2271 229857
2272 230037
2273 229810
2274 229524
2275 229714
2276 229972
2277 230381
2278 230134
2279 230064
2280 230237
2281 230491
2282 230639
2283 229820
2284 229957
2285 230325
2286 230001
2287 230644
2288 230411
2289 230908
2290 230912
2291 230020
2292 229843
2293 230152
2294 230021
2295 230458
2296 230388
2297 230024
2298 230329
2299 230096
2300 230516
2301 230747
2302 231165
2303 230442
2304 230294
2305 230220
2306 230430
2307 230269
2308 230205
2309 230251
2310 230585
2311 230877
2312 230435
2313 230620
2314 229961
2315 230147
2316 230684
2317 230356
2318 230088
2319 230725
2320 230127
2321 230607
2322 230855
2323 230599
2324 230953
2325 230719
2326 230744
2327 229960
2328 230719
2329 230339
2330 230526
2331 230383
2332 230597
2333 230648
2334 230029
2335 229781
2336 230643
2337 230115
2338 230289
2339 230352
2340 230053
2341 230730
2342 230339
2343 230348
2344 229868
2345 230365
2346 230402
2347 230236
2348 230475
2349 230546
2350 230177
2351 230477
2352 230289
2353 230367
2354 230843
2355 230948
2356 230537
2357 230685
2358 231034
2359 231012
2360 230682
2361 230763
2362 230695
2363 230626
2364 230459
2365 230553
2366 230111
2367 230385
2368 230228
2369 230379
2370 230070
2371 229715
2372 230036
2373 229855
2374 230201
2375 229866
2376 229757
2377 229757
2378 230803
2379 229823
2380 230184
2381 229704
2382 229633
2383 230398
2384 229972
2385 229980
2386 230437
2387 229946
2388 229791
2389 229943
2390 229893
2391 229753
2392 230509
2393 229918
2394 229853
2395 230350
2396 229413
2397 229667
2398 229803
2399 229430
2400 230388
2401 229569
2402 229634
2403 230109
2404 229647
2405 229784
2406 229731
2407 229716
2408 230074
2409 230228
2410 229802
2411 229721
2412 229831
2413 229805
2414 230174
2415 230141
2416 230186
2417 229659
2418 230219
2419 229820
2420 229599
2421 229667
2422 230448
2423 230074
2424 230102
2425 229865
2426 230245
2427 230452
2428 229544
2429 230156
2430 229601
2431 229800
2432 229888
2433 230081
2434 229862
2435 230258
2436 230402
2437 229611
2438 229809
2439 229874
2440 229656
2441 229991
2442 230136
2443 230188
2444 230287
2445 229725
2446 229507
2447 230331
2448 229744
2449 229424
2450 230155
2451 230095
2452 230085
2453 229847
2454 229807
2455 230193
2456 230037
2457 230085
2458 229659
2459 230087
2460 230230
2461 230055
2462 229980
2463 229303
2464 229961
2465 229960
2466 229860
2467 230031
2468 229820
2469 229836
2470 229738
2471 229686
2472 230366
2473 229874
2474 230072
2475 229973
2476 229388
2477 229903
2478 229751
2479 229486
2480 229716
2481 229950
2482 229825
2483 229481
2484 229961
2485 229732
2486 229624
2487 229444
2488 229701
2489 229823
2490 229866
2491 229846
2492 229365
2493 229658
2494 229457
2495 229452
2496 229307
2497 229829
2498 229817
2499 229259
2500 229344
2501 229739
2502 229488
2503 229331
2504 229893
2505 229861
2506 229149
2507 229525
2508 229472
2509 229810
2510 229352
2511 229477
2512 229899
2513 229288
2514 229543
2515 229609
2516 229558
2517 229272
2518 229756
2519 229613
2520 229542
2521 229240
2522 230078
2523 229149
2524 229702
2525 229630
2526 229796
2527 229473
2528 229460
2529 229730
2530 230118
2531 229485
2532 229569
2533 229073
2534 229603
2535 229295
2536 229401
2537 229704
2538 229493
2539 229703
2540 229706
2541 229857
2542 229332
2543 229970
2544 229325
2545 229811
2546 229612
2547 229621
2548 229452
2549 229338
2550 229680
2551 229680
2552 229341
2553 229582
2554 229938
2555 228788
2556 229453
2557 229426
2558 229704
2559 229266
2560 229549
2561 229362
2562 229442
2563 229222
2564 229434
2565 229674
2566 229376
2567 229641
2568 229275
2569 229680
2570 228642
2571 228965
2572 229379
2573 229453
2574 229372
2575 229317
2576 229578
2577 228972
2578 229244
2579 228760
2580 229261
2581 229146
2582 229147
2583 229419
2584 229190
2585 229408
2586 229228
2587 228915
2588 229356
2589 229170
2590 229080
2591 229242
2592 228542
2593 228759
2594 228931
2595 229516
2596 229053
2597 228902
2598 229192
2599 229203
2600 229139
2601 228966
2602 228509
2603 229213
2604 228616
2605 228296
2606 228771
2607 229268
2608 228783
2609 229122
2610 229039
2611 228960
2612 229563
2613 229273
2614 229371
2615 229186
2616 228806
2617 229667
2618 229525
2619 228961
2620 229020
2621 228666
2622 228955
2623 229320
2624 228752
2625 229433
2626 229392
2627 229237
2628 229120
2629 229006
2630 229507
2631 229117
2632 229107
2633 228694
2634 228946
2635 228668
2636 228910
2637 229097
2638 229116
2639 228889
2640 229253
2641 229020
2642 229183
2643 228887
2644 229003
2645 228774
2646 229349
2647 228479
2648 228639
2649 228775
2650 228744
2651 228364
2652 228891
2653 228694
2654 228457
2655 228951
2656 228745
2657 228464
2658 228806
2659 228715
2660 228452
2661 228470
2662 228385
2663 228807
2664 229102
2665 228797
2666 228470
2667 228789
2668 228929
2669 228337
2670 228626
2671 228556
2672 228601
2673 228218
2674 228208
2675 228735
2676 228560
2677 228081
2678 229101
2679 228728
2680 228421
2681 228534
2682 228692
2683 228273
2684 229293
2685 228780
2686 228825
2687 229442
2688 228719
2689 228616
2690 229008
2691 228739
2692 228697
2693 228808
2694 228330
2695 228624
2696 228651
2697 228547
2698 228764
2699 228861
2700 228472
2701 228815
2702 229007
2703 228579
2704 228458
2705 228538
2706 228864
2707 229124
2708 228746
2709 229170
2710 228724
2711 228557
2712 228257
2713 228704
2714 228486
2715 228818
2716 228670
2717 228764
2718 228639
2719 228632
2720 228727
2721 229062
2722 228507
2723 228187
2724 228588
2725 228634
2726 228829
2727 228546
2728 228947
2729 228911
2730 228774
2731 228456
2732 228586
2733 228111
2734 228574
2735 228851
2736 228588
2737 228395
2738 228822
2739 228782
2740 228500
2741 228389
2742 228504
2743 228763
2744 228548
2745 228432
2746 228783
2747 228577
2748 229017
2749 228672
2750 228671
2751 228572
2752 228473
2753 228438
2754 228527
2755 228356
2756 228309
2757 228104
2758 227928
2759 228329
2760 228359
2761 228703
2762 228501
2763 228341
2764 228394
2765 228575
2766 228180
2767 228280
2768 228273
2769 227867
2770 228117
2771 228463
2772 228576
2773 228549
2774 227893
2775 228848
2776 228314
2777 228046
2778 228135
2779 228286
2780 228707
2781 228813
2782 228218
2783 227874
2784 228568
2785 228168
2786 227916
2787 228158
2788 228000
2789 228443
2790 228108
2791 228344
2792 228539
2793 228146
2794 228165
2795 228334
2796 228563
2797 228153
2798 228274
2799 228172
2800 227984
2801 228120
2802 228447
2803 227925
2804 228286
2805 228537
2806 228714
2807 228356
2808 228280
2809 228285
2810 228051
2811 228336
2812 228100
2813 228079
2814 228680
2815 228179
2816 228419
2817 228028
2818 228990
2819 228355
2820 228522
2821 228076
2822 228729
2823 228646
2824 228371
2825 228535
2826 228326
2827 228583
2828 228853
2829 229128
2830 228169
2831 228547
2832 228578
2833 228412
2834 228722
2835 228648
2836 229029
2837 228635
2838 229093
2839 228895
2840 229354
2841 228453
2842 228976
2843 228948
2844 229261
2845 228991
2846 229501
2847 229334
2848 228655
2849 229396
2850 229110
2851 228669
2852 229228
2853 229630
2854 229630
2855 230023
2856 228792
2857 228881
2858 229153
2859 229245
2860 228939
2861 228893
2862 229234
2863 228696
2864 228269
2865 229028
2866 228887
2867 228799
2868 229121
2869 228708
2870 229091
2871 228578
2872 228525
2873 228731
2874 229195
2875 229102
2876 228507
2877 228496
2878 228549
2879 228987
2880 228257
2881 229080
2882 228568
2883 228767
2884 228483
2885 228768
2886 228595
2887 229121
2888 228456
2889 228470
2890 228796
2891 228486
2892 228800
2893 229018
2894 229067
2895 228973
2896 229531
2897 229048
2898 228639
2899 228671
2900 229082
2901 228926
2902 228650
2903 228979
2904 229280
2905 228647
2906 229435
2907 228675
2908 228973
2909 228937
2910 228509
2911 229204
2912 229176
2913 228889
2914 228423
2915 228914
2916 228804
2917 228597
2918 228667
2919 228342
2920 228864
2921 228792
2922 228607
2923 229214
2924 229133
2925 228915
2926 229021
2927 229034
2928 228732
2929 228852
2930 228990
2931 228391
2932 228635
2933 228282
2934 228705
2935 229176
2936 228736
2937 228376
2938 228750
2939 228705
2940 228733
2941 229057
2942 228898
2943 228997
2944 228827
2945 229305
2946 228665
2947 228583
2948 228668
2949 228554
2950 228892
2951 229079
2952 228487
2953 228751
2954 229094
2955 228957
2956 229124
2957 228973
2958 229128
2959 229084
2960 228687
2961 228842
2962 228615
2963 228783
2964 229375
2965 228851
2966 229202
2967 228736
2968 228883
2969 229071
2970 228610
2971 229056
2972 228821
2973 229086
2974 228578
2975 228983
2976 228800
2977 228882
2978 228776
2979 229206
2980 228627
2981 229054
2982 228905
2983 228901
2984 228842
2985 229406
2986 229174
2987 228919
2988 229007
2989 228295
2990 229132
2991 229180
2992 229321
2993 229089
2994 228952
2995 228310
2996 229240
2997 229276
2998 228734
2999 228818
3000 229252
3001 229071
3002 228622
3003 229340
3004 229040
3005 229347
3006 228495
3007 229165
3008 229017
3009 229016
3010 229300
3011 229297
3012 229150
3013 229063
3014 229184
3015 228593
3016 228665
3017 229404
3018 229342
3019 228546
3020 229115
3021 228797
3022 229233
3023 229175
3024 229512
3025 229674
3026 228821
3027 229148
3028 229424
3029 228812
3030 229387
3031 229064
3032 229357
3033 229163
3034 229424
3035 229735
3036 229112
3037 229124
3038 229142
3039 229248
3040 229119
3041 228936
3042 229107
3043 229059
3044 229773
3045 229204
3046 228920
3047 229142
3048 228634
3049 229378
3050 229470
3051 229050
3052 228953
3053 228904
3054 229039
3055 229184
3056 228552
3057 229142
3058 229061
3059 228765
3060 228961
3061 229555
3062 228937
3063 229370
3064 229560
3065 229144
3066 228977
3067 229212
3068 228479
3069 228423
3070 229068
3071 229407
3072 228778
3073 228588
3074 228924
3075 229928
3076 229431
3077 229325
3078 229494
3079 229159
3080 229168
3081 229314
3082 228809
3083 229244
3084 229117
3085 228807
3086 229293
3087 229258
3088 228342
3089 229436
3090 229001
3091 228878
3092 229022
3093 228902
3094 229737
3095 229155
3096 229528
3097 228944
3098 229054
3099 229348
3100 229371
3101 229240
3102 228587
3103 229302
3104 228907
3105 228832
3106 228951
3107 229065
3108 228927
3109 228945
3110 229416
3111 229017
3112 229401
3113 229344
3114 229223
3115 229376
3116 228871
3117 228914
3118 229359
3119 229279
3120 228834
3121 229104
3122 229715
3123 229195
3124 229738
3125 229074
3126 229102
3127 229467
3128 229430
3129 228607
3130 229619
3131 228998
3132 228972
3133 229312
3134 228653
3135 229014
3136 229621
3137 228974
3138 228801
3139 228726
3140 229328
3141 228886
3142 227963
3143 229307
3144 229181
3145 229242
3146 228629
3147 228974
3148 228681
3149 228606
3150 228716
3151 229030
3152 228860
3153 229256
3154 228875
3155 228919
3156 229076
3157 229264
3158 229356
3159 229181
3160 228883
3161 228589
3162 229247
3163 229053
3164 228975
3165 228718
3166 228689
3167 228846
3168 229080
3169 228960
3170 228740
3171 229354
3172 228700
3173 228979
3174 229010
3175 229143
3176 229459
3177 229068
3178 228821
3179 229519
3180 229008
3181 229379
3182 229061
3183 229469
3184 228998
3185 229392
3186 228855
3187 229669
3188 228740
3189 229099
3190 229653
3191 229062
3192 229415
3193 228845
3194 228453
3195 229540
3196 228430
3197 229433
3198 229197
3199 229062
3200 229399
3201 229080
3202 228594
3203 228964
3204 228995
3205 229489
3206 228863
3207 229118
3208 229111
3209 229547
3210 229125
3211 229056
3212 228891
3213 229319
3214 229105
3215 229127
3216 229187
3217 229262
3218 229180
3219 229018
3220 229109
3221 229001
3222 229219
3223 228949
3224 229194
3225 228937
3226 229184
3227 229184
3228 229780
3229 229301
3230 229843
3231 228772
3232 229423
3233 229468
3234 229364
3235 229184
3236 229651
3237 229240
3238 229771
3239 229063
3240 229462
3241 228979
3242 229192
3243 229252
3244 229816
3245 229274
3246 229775
3247 228755
3248 229183
3249 229486
3250 229393
3251 229532
3252 229273
3253 229585
3254 229643
3255 229309
3256 229769
3257 229664
3258 229559
3259 229735
3260 229203
3261 229403
3262 229571
3263 229617
3264 229539
3265 229578
3266 229747
3267 229545
3268 229374
3269 229579
3270 229401
3271 229608
3272 229131
3273 229037
3274 228998
3275 229243
3276 229804
3277 229237
3278 229488
3279 229107
3280 228868
3281 229535
3282 228922
3283 229656
3284 229351
3285 229417
3286 229691
3287 229473
3288 229175
3289 229587
3290 229548
3291 229801
3292 229329
3293 229394
3294 229690
3295 229352
3296 229501
3297 229748
3298 229472
3299 229123
3300 229804
3301 228838
3302 229196
3303 229286
3304 229345
3305 229785
3306 229414
3307 229287
3308 229680
3309 229831
3310 229041
3311 228952
3312 229387
3313 229764
3314 229657
3315 229313
3316 229281
3317 230174
3318 229791
3319 229495
3320 229517
3321 228885
3322 229925
3323 229145
3324 229334
3325 229119
3326 229234
3327 229162
3328 229037
3329 229595
3330 229316
3331 229241
3332 228965
3333 229264
3334 228538
3335 229130
3336 229176
3337 229221
3338 228803
3339 229059
3340 228685
3341 228730
3342 229265
3343 229087
3344 228960
3345 229531
3346 229078
3347 229149
3348 229173
3349 229492
3350 229220
3351 229592
3352 228987
3353 229221
3354 229212
3355 228816
3356 229414
3357 229053
3358 229040
3359 229691
3360 228861
3361 229499
3362 229410
3363 229294
3364 229504
3365 229189
3366 229588
3367 229444
3368 228820
3369 229251
3370 229232
3371 229046
3372 228991
3373 228911
3374 228472
3375 228702
3376 229160
3377 228569
3378 229466
3379 228780
3380 228889
3381 228956
3382 229383
3383 228852
3384 229269
3385 229248
3386 228498
3387 228921
3388 228661
3389 229009
3390 228125
3391 228779
3392 229265
3393 228825
3394 228896
3395 228533
3396 228905
3397 228878
3398 229116
3399 229204
3400 228786
3401 229254
3402 229068
3403 229254
3404 228854
3405 228726
3406 228650
3407 229308
3408 229280
3409 228817
3410 228687
3411 228550
3412 228731
3413 228704
3414 229091
3415 229066
3416 228792
3417 228739
3418 228806
3419 228922
3420 228861
3421 228602
3422 229507
3423 228815
3424 229224
3425 228848
3426 228653
3427 228940
3428 229257
3429 228881
3430 228568
3431 229233
3432 229274
3433 228959
3434 229030
3435 229891
3436 228805
3437 229362
3438 229168
3439 229138
3440 228994
3441 229053
3442 229014
3443 228919
3444 229191
3445 229066
3446 229158
3447 228806
3448 229088
3449 229099
3450 228819
3451 229387
3452 228780
3453 229106
3454 229552
3455 229008
3456 229172
3457 228902
3458 229119
3459 229470
3460 229350
3461 229527
3462 228676
3463 228696
3464 228728
3465 229165
3466 228787
3467 228683
3468 228938
3469 228901
3470 228986
3471 228715
3472 229290
3473 228785
3474 229622
3475 229022
3476 229277
3477 229559
3478 228740
3479 228953
3480 228931
3481 229219
3482 228608
3483 228619
3484 228758
3485 229348
3486 228547
3487 228727
3488 229158
3489 228929
3490 229084
3491 228767
3492 229084
3493 228708
3494 229454
3495 228876
3496 228678
3497 228508
3498 228755
3499 228653
3500 228890
3501 228927
3502 228657
3503 228723
3504 228790
3505 229042
3506 228532
3507 228581
3508 228634
3509 228340
3510 229033
3511 228426
3512 228970
3513 228559
3514 228910
3515 228549
3516 228847
3517 228418
3518 228691
3519 228117
3520 228009
3521 228553
3522 228075
3523 228827
3524 228874
3525 229012
3526 229363
3527 229158
3528 229162
3529 228925
3530 229184
3531 228606
3532 228926
3533 228812
3534 228453
3535 228923
3536 229560
3537 229369
3538 229066
3539 229216
3540 229399
3541 228869
3542 229177
3543 228485
3544 229034
3545 229059
3546 229431
3547 229057
3548 229293
3549 229224
3550 229222
3551 229131
3552 229272
3553 228955
3554 228822
3555 228970
3556 229281
3557 228506
3558 229101
3559 228781
3560 228885
3561 228806
3562 229392
3563 229162
3564 228993
3565 228566
3566 228765
3567 228344
3568 228777
3569 229187
3570 228482
3571 228896
3572 229009
3573 228036
3574 228667
3575 228690
3576 228365
3577 228929
3578 228783
3579 228961
3580 228396
3581 229191
3582 228499
3583 228658
3584 229165
3585 228479
3586 228540
3587 228511
3588 229280
3589 228606
3590 228432
3591 228272
3592 228503
3593 228831
3594 228378
3595 228236
3596 228637
3597 228523
3598 228440
3599 228650
3600 228597
3601 228296
3602 228529
3603 228438
3604 228619
3605 228138
3606 227998
3607 227878
3608 228601
3609 228893
3610 228243
3611 228256
3612 228052
3613 228322
3614 227913
3615 228238
3616 228700
3617 228895
3618 227985
3619 228527
3620 228093
3621 228675
3622 228301
3623 228492
3624 228495
3625 228580
3626 228543
3627 228627
3628 228577
3629 228583
3630 228123
3631 228828
3632 228105
3633 228465
3634 228482
3635 228590
3636 228690
3637 228375
3638 228150
3639 228161
3640 228637
3641 228108
3642 228502
3643 228248
3644 228430
3645 228621
3646 228513
3647 228182
3648 228239
3649 228066
3650 228737
3651 228142
3652 228564
3653 228481
3654 228718
3655 228122
3656 228513
3657 228186
3658 228575
3659 228352
3660 228110
3661 227924
3662 228456
3663 228558
3664 228145
3665 228276
3666 227983
3667 227999
3668 228302
3669 228430
3670 227747
3671 227958
3672 227803
3673 228314
3674 227950
3675 228319
3676 228369
3677 228286
3678 228061
3679 227669
3680 227591
3681 227602
3682 228273
3683 228287
3684 228677
3685 227927
3686 228137
3687 227428
3688 228279
3689 227719
3690 227949
3691 227956
3692 227892
3693 227854
3694 228379
3695 227402
3696 227870
3697 228151
3698 227739
3699 228085
3700 227633
3701 227509
3702 227555
3703 227879
3704 227580
3705 227619
3706 227690
3707 227472
3708 227529
3709 228096
3710 227110
3711 227464
3712 227241
3713 227955
3714 228043
3715 227630
3716 227765
3717 227603
3718 227492
3719 227719
3720 228001
3721 228002
3722 227650
3723 227743
3724 227724
3725 227360
3726 226887
3727 227560
3728 227604
3729 227173
3730 227501
3731 227147
3732 227055
3733 227244
3734 227355
3735 227238
3736 226987
3737 227378
3738 226917
3739 226846
3740 226938
3741 227888
3742 226961
3743 227335
3744 226555
3745 227106
3746 226952
3747 226797
3748 227402
3749 227163
3750 226573
3751 227086
3752 227361
3753 226908
3754 227042
3755 227107
3756 226921
3757 226688
3758 226944
3759 227072
3760 226726
3761 227045
3762 227013
3763 226744
3764 226884
3765 226728
3766 226896
3767 226388
3768 226854
3769 226707
3770 226834
3771 226798
3772 226860
3773 227190
3774 226642
3775 226479
3776 227330
3777 226843
3778 226765
3779 226810
3780 226998
3781 227076
3782 226903
3783 226819
3784 226781
3785 226984
3786 226180
3787 227208
3788 226479
3789 227170
3790 227017
3791 226695
3792 226991
3793 226873
3794 226811
3795 226525
3796 226583
3797 227166
3798 226531
3799 226972
3800 227099
3801 226631
3802 227388
3803 226645
3804 227036
3805 227122
3806 226951
3807 227212
3808 226602
3809 226710
3810 226694
3811 226735
3812 227075
3813 227230
3814 226767
3815 226919
3816 226770
3817 226677
3818 226807
3819 226505
3820 226944
3821 226826
3822 227460
3823 226988
3824 227266
3825 226997
3826 226986
3827 226654
3828 227290
3829 226760
3830 226564
3831 226756
3832 226597
3833 227313
3834 226507
3835 227228
3836 227121
3837 227116
3838 227119
3839 226783
3840 226847
3841 227644
3842 226815
3843 226531
3844 226894
3845 227311
3846 226632
3847 226530
3848 226713
3849 227205
3850 227132
3851 226893
3852 226607
3853 226765
3854 226804
3855 226902
3856 227002
3857 226857
3858 226937
3859 227108
3860 226632
3861 226362
3862 226606
3863 226450
3864 226904
3865 227174
3866 227380
3867 226743
3868 226921
3869 226838
3870 226916
3871 226497
3872 226734
3873 227022
3874 227429
3875 226640
3876 227066
3877 226899
3878 227153
3879 226841
3880 226002
3881 226950
3882 227054
3883 227142
3884 227164
3885 227487
3886 227537
3887 226590
3888 227435
3889 227193
3890 227221
3891 227343
3892 226868
3893 227006
3894 227057
3895 226930
3896 227155
3897 226648
3898 226954
3899 227156
3900 227506
3901 227474
3902 227225
3903 227113
3904 227196
3905 226816
3906 227072
3907 227751
3908 227311
3909 227117
3910 227671
3911 227078
3912 227007
3913 226894
3914 227517
3915 227280
3916 227329
3917 227169
3918 227993
3919 227333
3920 227195
3921 227527
3922 227266
3923 227526
3924 227538
3925 227483
3926 227636
3927 227295
3928 227497
3929 226753
3930 227485
3931 227572
3932 227283
3933 227640
3934 227613
3935 227171
3936 227737
3937 227665
3938 227743
3939 228004
3940 227700
3941 227952
3942 227248
3943 228012
3944 227783
3945 227735
3946 227777
3947 227903
3948 228504
3949 227915
3950 228230
3951 227540
3952 227726
3953 227832
3954 227893
3955 228425
3956 227805
3957 227973
3958 227741
3959 227959
3960 227761
3961 228182
3962 228054
3963 227811
3964 227757
3965 228071
3966 227727
3967 227757
3968 227551
3969 228274
3970 227666
3971 227891
3972 228045
3973 228172
3974 228084
3975 227305
3976 227415
3977 227599
3978 227417
3979 228352
3980 228121
3981 227522
3982 227480
3983 227965
3984 227657
3985 227531
3986 227961
3987 227441
3988 227898
3989 227354
3990 227304
3991 228141
3992 228070
3993 227576
3994 227721
3995 227470
3996 227502
3997 227902
3998 227999
3999 227809
4000 227703
4001 227617
4002 227726
4003 227091
4004 227514
4005 227641
4006 227458
4007 227627
4008 227298
4009 227295
4010 227368
4011 227904
4012 227335
4013 228469
4014 227669
4015 227464
4016 227449
4017 226679
4018 227635
4019 227366
4020 227832
4021 227607
4022 228033
4023 227668
4024 227757
4025 227923
4026 227718
4027 227195
4028 227303
4029 227739
4030 227656
4031 227813
4032 227373
4033 227786
4034 227732
4035 228064
4036 228007
4037 227801
4038 227992
4039 227525
4040 228128
4041 228117
4042 227784
4043 228027
4044 227572
4045 228131
4046 227367
4047 227902
4048 228152
4049 227668
4050 227788
4051 227291
4052 227708
4053 227519
4054 226998
4055 227757
4056 228336
4057 227802
4058 227842
4059 227765
4060 227444
4061 227971
4062 227634
4063 227576
4064 228066
4065 227867
4066 227618
4067 227527
4068 227652
4069 227916
4070 227807
4071 227933
4072 227792
4073 227459
4074 227920
4075 227736
4076 227711
4077 227670
4078 227513
4079 227934
4080 227721
4081 227721
4082 227738
4083 227478
4084 227892
4085 227988
4086 227918
4087 227724
4088 227764
4089 227325
4090 227723
4091 227696
4092 227735
4093 227410
4094 227322
4095 227515
4096 227836
4097 227540
4098 227259
4099 227453
4100 228297
4101 227560
4102 227805
4103 228091
4104 227826
4105 228042
4106 227851
4107 227479
4108 228100
4109 227804
4110 227763
4111 227778
4112 228090
4113 227840
4114 227449
4115 228172
4116 227906
4117 228442
4118 227715
4119 228186
4120 227844
4121 228615
4122 228065
4123 228403
4124 228043
4125 227883
4126 227964
4127 227474
4128 227859
4129 227982
4130 227735
4131 227963
4132 227575
4133 227885
4134 227517
4135 227598
4136 227466
4137 227496
4138 227734
4139 228002
4140 227291
4141 227385
4142 227112
4143 227587
4144 227527
4145 227535
4146 227923
4147 227791
4148 228208
4149 228312
4150 227631
4151 228039
4152 227757
4153 227591
4154 227874
4155 228178
4156 227413
4157 227568
4158 227725
4159 227544
4160 227776
4161 227635
4162 228164
4163 227476
4164 227551
4165 227417
4166 227640
4167 227727
4168 227584
4169 228006
4170 227715
4171 227152
4172 227867
4173 227957
4174 227898
4175 227290
4176 227984
4177 227394
4178 227578
4179 227961
4180 227446
4181 227960
4182 227667
4183 227293
4184 227418
4185 227552
4186 227801
4187 227405
4188 227294
4189 228174
4190 227402
4191 227437
4192 227569
4193 227484
4194 227692
4195 227970
4196 227138
4197 227411
4198 227650
4199 227743
4200 227370
4201 227649
4202 227573
4203 227445
4204 227437
4205 227234
4206 227670
4207 227673
4208 226690
4209 227610
4210 227165
4211 227528
4212 227848
4213 227865
4214 227923
4215 227983
4216 227605
4217 227148
4218 227592
4219 226920
4220 227187
4221 227394
4222 227558
4223 227423
4224 227394
4225 227091
4226 226920
4227 227252
4228 227272
4229 227597
4230 227582
4231 227619
4232 227370
4233 227195
4234 227332
4235 226770
4236 227711
4237 226661
4238 227368
4239 227487
4240 227536
4241 227673
4242 227549
4243 227501
4244 227354
4245 227464
4246 227117
4247 227255
4248 227051
4249 227521
4250 227729
4251 227408
4252 227504
4253 228168
4254 227541
4255 227658
4256 227834
4257 226798
4258 227720
4259 227471
4260 227480
4261 227414
4262 226954
4263 227316
4264 227057
4265 227704
4266 227193
4267 227256
4268 227083
4269 226988
4270 227310
4271 227012
4272 227601
4273 226935
4274 226834
4275 227199
4276 227414
4277 227397
4278 227793
4279 227014
4280 227456
4281 227022
4282 227507
4283 227288
4284 227080
4285 227346
4286 227356
4287 227647
4288 227308
4289 227073
4290 227387
4291 227085
4292 226840
4293 227225
4294 227450
4295 227617
4296 226882
4297 226822
4298 227050
4299 227200
4300 227413
4301 227420
4302 227093
4303 227231
4304 227565
4305 227326
4306 226964
4307 227409
4308 227307
4309 227198
4310 226630
4311 227319
4312 226985
4313 226740
4314 227346
4315 226975
4316 227229
4317 227597
4318 226903
4319 227131
4320 227231
4321 227360
4322 227613
4323 227353
4324 227093
4325 227467
4326 227595
4327 227206
4328 227201
4329 226824
4330 226821
4331 227424
4332 227276
4333 227324
4334 227126
4335 227271
4336 227454
4337 226897
4338 227346
4339 227261
4340 226177
4341 227398
4342 227128
4343 227727
4344 227147
4345 226836
4346 227225
4347 226807
4348 227334
4349 226717
4350 227392
4351 227741
4352 227348
4353 227508
4354 227272
4355 226799
4356 226971
4357 227720
4358 227097
4359 227067
4360 227636
4361 226958
4362 227355
4363 227070
4364 227229
4365 227169
4366 227022
4367 227187
4368 227419
4369 227026
4370 227106
4371 227387
4372 227041
4373 227340
4374 227222
4375 227153
4376 227277
4377 226894
4378 227021
4379 226862
4380 227037
4381 227207
4382 227057
4383 226918
4384 226736
4385 227189
4386 226954
4387 226623
4388 227584
4389 226561
4390 226467
4391 226929
4392 226827
4393 226412
4394 226709
4395 226923
4396 226601
4397 227117
4398 226843
4399 226722
4400 226934
4401 227113
4402 227007
4403 227045
4404 227127
4405 227173
4406 226525
4407 226874
4408 226998
4409 226973
4410 226821
4411 226974
4412 227065
4413 227189
4414 226919
4415 226969
4416 226766
4417 227078
4418 227327
4419 226997
4420 226959
4421 227226
4422 227006
4423 227515
4424 227245
4425 226899
4426 226794
4427 227001
4428 227265
4429 227034
4430 227029
4431 226892
4432 226933
4433 227159
4434 226924
4435 226815
4436 226673
4437 226929
4438 226319
4439 227305
4440 226993
4441 226359
4442 226661
4443 227564
4444 226467
4445 226474
4446 227016
4447 227110
4448 227166
4449 227111
4450 226962
4451 227112
4452 226729
4453 227601
4454 226928
4455 227088
4456 226801
4457 227004
4458 226791
4459 226715
4460 226819
4461 227250
4462 226531
4463 227162
4464 226644
4465 226774
4466 226697
4467 226710
4468 226159
4469 227161
4470 226999
4471 226372
4472 226773
4473 226815
4474 227261
4475 227198
4476 226384
4477 226495
4478 226514
4479 226678
4480 226911
4481 226774
4482 227012
4483 227235
4484 226650
4485 226598
4486 227067
4487 226714
4488 226682
4489 226513
4490 227006
4491 226561
4492 227072
4493 226911
4494 227370
4495 227131
4496 226556
4497 226718
4498 226762
4499 227003
4500 227652
4501 227239
4502 226862
4503 227106
4504 226576
4505 227426
4506 226704
4507 226888
4508 227093
4509 226856
4510 226665
4511 227235
4512 226300
4513 226688
4514 226856
4515 226385
4516 226925
4517 226806
4518 227117
4519 227029
4520 226623
4521 226964
4522 226260
4523 227226
4524 226753
4525 227099
4526 227276
4527 226991
4528 226960
4529 226578
4530 226827
4531 227044
4532 226760
4533 226714
4534 226785
4535 227073
4536 226929
4537 226719
4538 226581
4539 226716
4540 226912
4541 227019
4542 227188
4543 227174
4544 227127
4545 227149
4546 226913
4547 226952
4548 227031
4549 226946
4550 226999
4551 226586
4552 227069
4553 226890
4554 226808
4555 226571
4556 226613
4557 227242
4558 226881
4559 226854
4560 226592
4561 227090
4562 226833
4563 226922
4564 226742
4565 226684
4566 227141
4567 227112
4568 227401
4569 227040
4570 226400
4571 227003
4572 226540
4573 226711
4574 226162
4575 227352
4576 226865
4577 226831
4578 227068
4579 227182
4580 226943
4581 226823
4582 226583
4583 226816
4584 226971
4585 226790
4586 226981
4587 226842
4588 226749
4589 226742
4590 226902
4591 226692
4592 226171
4593 226922
4594 227390
4595 227075
4596 226470
4597 226851
4598 226552
4599 227413
4600 226446
4601 226816
4602 226999
4603 226699
4604 227009
4605 226987
4606 226531
4607 226951
4608 226547
4609 226814
4610 226798
4611 226755
4612 226658
4613 226551
4614 227039
4615 226578
4616 226821
4617 226722
4618 226481
4619 226615
4620 226463
4621 226941
4622 226892
4623 226913
4624 226716
4625 227028
4626 226930
4627 226921
4628 226849
4629 226517
4630 226910
4631 226351
4632 226833
4633 226430
4634 226520
4635 226875
4636 226285
4637 226565
4638 226361
4639 226155
4640 226423
4641 226602
4642 227003
4643 226916
4644 226893
4645 226424
4646 226636
4647 226489
4648 226651
4649 226070
4650 226396
4651 226437
4652 226720
4653 226408
4654 226403
4655 226105
4656 225866
4657 226387
4658 226330
4659 226528
4660 226382
4661 226430
4662 226390
4663 226378
4664 226520
4665 226545
4666 226774
4667 226148
4668 226828
4669 226275
4670 226246
4671 226611
4672 226479
4673 226690
4674 226483
4675 226239
4676 226274
4677 226303
4678 226588
4679 226452
4680 226181
4681 225990
4682 226183
4683 226350
4684 226503
4685 226067
4686 226823
4687 226469
4688 226437
4689 226033
4690 226090
4691 226515
4692 226936
4693 226323
4694 226253
4695 226361
4696 226041
4697 226249
4698 226810
4699 226113
4700 226409
4701 225933
4702 226335
4703 226489
4704 226503
4705 226223
4706 225794
4707 226120
4708 226439
4709 226313
4710 226629
4711 226850
4712 226168
4713 225894
4714 226691
4715 226652
4716 226677
4717 226344
4718 226486
4719 226358
4720 226807
4721 226590
4722 226228
4723 226589
4724 226841
4725 226448
4726 226631
4727 226722
4728 226686
4729 226199
4730 226721
4731 226373
4732 226080
4733 226422
4734 226547
4735 226141
4736 226035
4737 226638
4738 226479
4739 226888
4740 225887
4741 225821
4742 226121
4743 226253
4744 226667
4745 226647
4746 226234
4747 226221
4748 226029
4749 226777
4750 226399
4751 226505
4752 226410
4753 226542
4754 226565
4755 226242
4756 226464
4757 226578
4758 226658
4759 226654
4760 226446
4761 226220
4762 226537
4763 226737
4764 226342
4765 226628
4766 226319
4767 226586
4768 225938
4769 226432
4770 226415
4771 226302
4772 226810
4773 226620
4774 226109
4775 226110
4776 225805
4777 225941
4778 226715
4779 226141
4780 226570
4781 226640
4782 226555
4783 226578
4784 226315
4785 226164
4786 226574
4787 226629
4788 226393
4789 226618
4790 226364
4791 226661
4792 226508
4793 226471
4794 226513
4795 226688
4796 226501
4797 226881
4798 226914
4799 226640
4800 226421
4801 226590
4802 226982
4803 226392
4804 226287
4805 226959
4806 226680
4807 226884
4808 227221
4809 226484
4810 226811
4811 226674
4812 226620
4813 226670
4814 226542
4815 226275
4816 226705
4817 226684
4818 226605
4819 226754
4820 226782
4821 226431
4822 227127
4823 226541
4824 227125
4825 226467
4826 226559
4827 226817
4828 226350
4829 226283
4830 227093
4831 226762
4832 226016
4833 226919
4834 226620
4835 226724
4836 226525
4837 226589
4838 226321
4839 226962
4840 226728
4841 226120
4842 226269
4843 226555
4844 226339
4845 226311
4846 227094
4847 227258
4848 226262
4849 226703
4850 226490
4851 226582
4852 226342
4853 226668
4854 226368
4855 226211
4856 226587
4857 226220
4858 226643
4859 226108
4860 226641
4861 226301
4862 227013
4863 227177
4864 226482
4865 226831
4866 226664
4867 226879
4868 226780
4869 226520
4870 226737
4871 226722
4872 226158
4873 226508
4874 226321
4875 226687
4876 226532
4877 226256
4878 226649
4879 226806
4880 226527
4881 226335
4882 226419
4883 226651
4884 226752
4885 226224
4886 226051
4887 226248
4888 226151
4889 226113
4890 225883
4891 226814
4892 225976
4893 226477
4894 226078
4895 225985
4896 226521
4897 226419
4898 225829
4899 226130
4900 226133
4901 226446
4902 226254
4903 225571
4904 226012
4905 225814
4906 225745
4907 225843
4908 226578
4909 226273
4910 226304
4911 225871
4912 225831
4913 225782
4914 225589
4915 226580
4916 226090
4917 225831
4918 225619
4919 225386
4920 225723
4921 225804
4922 225096
4923 225843
4924 226001
4925 226039
4926 226180
4927 226161
4928 225884
4929 226445
4930 226065
4931 225767
4932 225565
4933 225754
4934 225675
4935 225820
4936 225636
4937 225106
4938 225651
4939 225567
4940 225620
4941 225723
4942 226077
4943 225393
4944 225830
4945 225609
4946 226034
4947 225247
4948 225031
4949 225510
4950 225802
4951 225472
4952 225651
4953 225596
4954 225266
4955 225442
4956 226291
4957 225443
4958 225869
4959 225560
4960 225565
4961 225268
4962 225926
4963 225608
4964 225765
4965 225518
4966 225719
4967 225654
4968 225699
4969 225467
4970 225693
4971 225254
4972 225590
4973 225509
4974 225845
4975 225604
4976 225839
4977 225556
4978 225525
4979 225704
4980 225591
4981 225606
4982 225923
4983 225222
4984 225495
4985 225570
4986 225524
4987 225828
4988 225750
4989 225229
4990 225640
4991 225205
4992 225098
4993 225654
4994 225071
4995 225561
4996 225522
4997 225739
4998 225247
4999 225298
5000 225476
5001 225409
5002 225596
5003 225541
5004 225889
5005 225564
5006 225575
5007 226130
5008 225369
5009 225418
5010 225184
5011 224876
5012 225640
5013 225321
5014 225864
5015 225815
5016 225576
5017 226120
5018 225669
5019 225733
5020 226123
5021 225534
5022 225739
5023 225819
5024 225245
5025 225405
5026 225648
5027 225383
5028 225832
5029 225601
5030 225876
5031 225540
5032 225745
5033 225701
5034 225643
5035 225942
5036 225324
5037 225877
5038 225049
5039 226115
5040 225575
5041 225219
5042 225693
5043 225756
5044 226250
5045 225449
5046 225271
5047 226096
5048 225723
5049 225550
5050 226080
5051 225400
5052 225789
5053 225231
5054 225571
5055 225060
5056 225723
5057 224944
5058 225719
5059 225244
5060 225355
5061 225435
5062 225405
5063 225607
5064 225421
5065 225780
5066 225703
5067 225276
5068 225454
5069 225058
5070 225659
5071 225570
5072 225317
5073 225620
5074 225523
5075 225639
5076 225352
5077 225194
5078 225181
5079 225227
5080 225092
5081 225199
5082 225526
5083 225047
5084 225661
5085 225714
5086 224893
5087 225462
5088 225303
5089 225622
5090 225255
5091 225662
5092 225407
5093 225257
5094 225194
5095 225119
5096 225229
5097 225521
5098 225373
5099 225477
5100 224996
5101 225248
5102 225302
5103 225217
5104 225753
5105 224992
5106 224953
5107 225404
5108 225252
5109 225701
5110 225511
5111 225435
5112 225375
5113 225022
5114 225146
5115 225438
5116 225472
5117 224882
5118 225276
5119 225163
5120 225348
5121 225347
5122 224586
5123 225118
5124 224361
5125 225392
5126 224732
5127 225021
5128 225016
5129 225409
5130 224903
5131 225219
5132 225284
5133 224790
5134 225436
5135 225156
5136 224699
5137 225325
5138 224841
5139 224422
5140 224478
5141 224940
5142 224606
5143 224991
5144 225076
5145 225238
5146 224687
5147 224980
5148 225145
5149 225013
5150 225398
5151 224711
5152 225043
5153 224516
5154 225009
5155 224779
5156 224962
5157 224801
5158 225022
5159 225154
5160 224583
5161 224222
5162 224331
5163 224935
5164 224647
5165 224688
5166 224664
5167 225169
5168 224151
5169 224405
5170 224720
5171 224394
5172 225113
5173 225137
5174 224492
5175 224657
5176 224375
5177 224402
5178 224621
5179 224744
5180 224409
5181 224537
5182 224557
5183 223956
5184 224225
5185 224257
5186 224297
5187 224779
5188 224442
5189 224282
5190 224612
5191 224406
5192 224256
5193 224926
5194 224341
5195 224423
5196 224363
5197 224438
5198 224198
5199 224450
5200 224053
5201 224189
5202 224150
5203 224066
5204 224140
5205 224313
5206 224085
5207 224352
5208 224213
5209 224518
5210 223761
5211 224124
5212 223930
5213 223871
5214 224534
5215 223649
5216 224407
5217 224517
5218 224309
5219 223575
5220 223985
5221 223923
5222 223339
5223 224122
5224 224080
5225 223412
5226 223748
5227 223980
5228 224107
5229 223919
5230 223646
5231 223696
5232 224177
5233 223937
5234 224036
5235 223568
5236 224186
5237 224090
5238 223597
5239 223747
5240 223636
5241 223725
5242 224006
5243 223820
5244 223503
5245 223546
5246 223650
5247 223390
5248 223678
5249 224041
5250 223341
5251 223781
5252 223665
5253 223449
5254 223983
5255 223390
5256 223776
5257 223541
5258 223743
5259 223686
5260 223365
5261 223354
5262 223359
5263 223593
5264 222965
5265 223833
5266 224004
5267 223581
5268 223477
5269 223169
5270 223181
5271 223804
5272 223476
5273 223835
5274 223997
5275 223457
5276 223013
5277 222976
5278 223264
5279 223820
5280 223533
5281 223484
5282 222801
5283 223886
5284 223648
5285 223660
5286 223086
5287 222979
5288 223112
5289 223133
5290 222734
5291 223594
5292 223293
5293 222991
5294 223014
5295 223340
5296 222861
5297 223078
5298 222721
5299 222722
5300 223142
5301 222806
5302 222723
5303 223057
5304 222910
5305 222566
5306 223499
5307 222809
5308 222663
5309 222524
5310 223015
5311 222578
5312 223211
5313 222855
5314 222717
5315 223390
5316 222779
5317 222797
5318 222887
5319 222388
5320 222708
5321 222982
5322 222904
5323 223145
5324 222714
5325 222657
5326 222325
5327 222696
5328 222428
5329 222954
5330 222741
5331 222584
5332 222700
5333 222978
5334 222290
5335 222201
5336 222508
5337 222268
5338 222312
5339 222449
5340 222681
5341 223066
5342 223203
5343 222546
5344 222192
5345 222736
5346 222047
5347 222773
5348 222638
5349 222674
5350 222484
5351 222515
5352 222793
5353 222357
5354 223203
5355 222777
5356 222463
5357 222463
5358 222227
5359 221909
5360 222247
5361 222556
5362 222374
5363 222257
5364 222809
5365 221891
5366 222376
5367 222453
5368 222180
5369 222399
5370 222159
5371 222319
5372 221953
5373 222201
5374 221652
5375 222359
5376 222095
5377 222408
5378 222275
5379 222231
5380 221859
5381 222044
5382 222672
5383 221694
5384 221586
5385 221624
5386 221937
5387 222087
5388 222220
5389 221667
5390 221981
5391 221590
5392 221875
5393 221611
5394 222607
5395 221519
5396 222312
5397 221500
5398 221711
5399 221769
5400 221749
5401 221443
5402 221976
5403 221680
5404 221436
5405 222085
5406 221535
5407 221395
5408 221784
5409 221755
5410 221177
5411 221249
5412 221391
5413 221445
5414 221454
5415 221575
5416 221951
5417 221441
5418 221917
5419 221399
5420 221212
5421 221210
5422 221346
5423 221454
5424 221757
5425 221607
5426 221009
5427 220928
5428 221332
5429 221197
5430 221318
5431 221376
5432 221068
5433 221298
5434 220915
5435 220974
5436 220824
5437 220994
5438 220759
5439 221206
5440 221072
5441 221037
5442 221532
5443 221262
5444 220824
5445 221245
5446 220120
5447 220942
5448 220438
5449 220975
5450 220341
5451 221102
5452 220616
5453 220845
5454 220907
5455 220970
5456 220945
5457 221159
5458 220655
5459 220492
5460 220910
5461 220327
5462 221138
5463 221175
5464 221128
5465 220410
5466 220636
5467 220628
5468 220783
5469 220682
5470 220491
5471 220701
5472 221080
5473 220595
5474 220733
5475 220892
5476 221025
5477 220834
5478 220496
5479 220818
5480 220658
5481 220799
5482 220306
5483 220355
5484 221023
5485 220702
5486 221219
5487 220981
5488 220794
5489 220515
5490 221100
5491 220117
5492 220748
5493 220463
5494 220633
5495 220210
5496 220229
5497 220661
5498 220363
5499 220535
5500 220874
5501 220357
5502 219923
5503 220248
5504 219923
5505 220612
5506 219840
5507 220225
5508 220113
5509 220290
5510 219591
5511 219688
5512 220625
5513 220134
5514 220396
5515 220417
5516 220186
5517 220198
5518 220238
5519 220057
5520 220009
5521 219998
5522 220598
5523 220105
5524 220047
5525 220085
5526 220236
5527 219933
5528 220507
5529 219995
5530 220358
5531 220330
5532 219759
5533 220164
5534 220275
5535 220496
5536 220507
5537 220660
5538 220337
5539 219825
5540 220333
5541 219776
5542 219813
5543 220449
5544 220083
5545 219909
5546 220072
5547 219477
5548 219584
5549 219864
5550 220063
5551 219472
5552 219884
5553 220251
5554 219571
5555 219562
5556 219283
5557 219463
5558 219061
5559 219053
5560 219653
5561 219537
5562 219378
5563 219452
5564 219106
5565 219644
5566 219243
5567 219476
5568 218917
5569 219018
5570 219642
5571 218497
5572 219247
5573 219384
5574 219100
5575 219301
5576 219010
5577 218794
5578 218973
5579 219012
5580 219052
5581 218801
5582 219002
5583 218797
5584 219138
5585 219408
5586 218415
5587 218972
5588 218905
5589 218689
5590 219668
5591 218464
5592 218855
5593 219163
5594 219081
5595 218635
5596 218940
5597 218688
5598 219175
5599 219197
5600 218627
5601 218968
5602 219215
5603 218825
5604 218957
5605 218870
5606 218906
5607 219153
5608 218835
5609 218702
5610 219087
5611 218542
5612 218905
5613 219166
5614 218609
5615 218573
5616 218805
5617 218907
5618 218794
5619 219078
5620 218565
5621 219141
5622 218591
5623 218725
5624 218175
5625 218474
5626 218327
5627 218992
5628 218348
5629 217818
5630 218390
5631 218091
5632 218406
5633 218522
5634 218360
5635 218304
5636 218571
5637 218122
5638 217765
5639 218276
5640 218192
5641 218460
5642 218204
5643 218028
5644 218294
5645 217457
5646 218225
5647 218321
5648 217821
5649 217800
5650 218296
5651 217532
5652 217689
5653 217792
5654 218335
5655 217497
5656 217605
5657 217715
5658 217786
5659 218063
5660 217824
5661 217619
5662 218420
5663 217632
5664 218024
5665 217809
5666 217959
5667 217843
5668 217537
5669 218040
5670 217849
5671 218246
5672 218316
5673 217679
5674 217637
5675 217653
5676 218063
5677 217827
5678 217580
5679 217718
5680 217673
5681 217938
5682 218130
5683 218019
5684 218005
5685 217716
5686 217883
5687 218143
5688 218111
5689 217829
5690 217995
5691 218306
5692 218249
5693 217757
5694 217913
5695 217856
5696 218444
5697 218149
5698 218173
5699 217834
5700 217399
5701 218189
5702 217514
5703 217824
5704 217690
5705 218076
5706 217454
5707 217782
5708 217781
5709 217884
5710 217814
5711 217783
5712 217517
5713 218046
5714 217569
5715 217843
5716 217566
5717 217466
5718 217129
5719 217541
5720 217534
5721 217983
5722 218048
5723 218080
5724 217615
5725 218064
5726 217609
5727 218013
5728 217455
5729 217338
5730 217250
5731 217632
5732 218209
5733 218170
5734 218089
5735 217870
5736 218194
5737 217819
5738 218404
5739 217852
5740 218550
5741 218052
5742 217757
5743 217856
5744 217567
5745 217887
5746 217925
5747 217560
5748 218094
5749 218441
5750 217660
5751 218441
5752 217800
5753 217815
5754 217707
5755 217432
5756 217759
5757 217903
5758 217890
5759 217833
5760 217628
5761 217957
5762 218003
5763 217911
5764 217908
5765 217825
5766 217743
5767 217728
5768 217786
5769 217634
5770 217614
5771 217760
5772 217692
5773 217843
5774 218229
5775 217612
5776 218063
5777 217305
5778 217628
5779 217768
5780 217870
5781 217896
5782 217175
5783 217590
5784 217838
5785 217653
5786 217311
5787 217513
5788 217327
5789 217545
5790 217398
5791 217810
5792 217128
5793 217483
5794 217076
5795 217290
5796 217322
5797 217756
5798 217241
5799 217746
5800 217946
5801 217374
5802 217511
5803 217452
5804 217148
5805 217653
5806 217520
5807 217779
5808 217172
5809 217388
5810 217441
5811 217577
5812 217567
5813 217437
5814 217481
5815 217979
5816 217528
5817 217554
5818 217453
5819 217726
5820 216883
5821 217640
5822 216806
5823 217905
5824 217109
5825 218164
5826 217290
5827 217831
5828 217914
5829 217184
5830 218400
5831 217630
5832 217782
5833 217715
5834 218275
5835 218219
5836 217839
5837 217468
5838 218489
5839 217664
5840 217667
5841 217588
5842 217520
5843 217543
5844 217497
5845 217333
5846 217915
5847 217678
5848 217710
5849 217777
5850 217461
5851 218041
5852 218106
5853 217333
5854 217793
5855 217513
5856 217417
5857 217705
5858 217561
5859 217436
5860 217171
5861 217412
5862 217124
5863 217591
5864 216865
5865 217668
5866 217640
5867 217422
5868 217156
5869 217635
5870 217819
5871 217718
5872 217279
5873 216577
5874 217231
5875 216967
5876 217542
5877 217195
5878 217435
5879 217074
5880 217329
5881 217026
5882 216875
5883 217393
5884 217076
5885 217253
5886 217297
5887 217219
5888 216970
5889 217077
5890 217411
5891 217457
5892 216663
5893 217253
5894 217035
5895 217403
5896 217568
5897 216732
5898 217105
5899 216975
5900 217297
5901 217614
5902 217269
5903 217452
5904 216980
5905 217570
5906 217121
5907 216793
5908 216612
5909 216781
5910 217137
5911 217558
5912 217151
5913 217267
5914 217316
5915 216941
5916 217264
5917 216848
5918 217211
5919 216460
5920 217114
5921 217081
5922 217136
5923 216831
5924 217217
5925 216625
5926 216685
5927 217135
5928 217129
5929 216472
5930 216497
5931 217047
5932 216681
5933 216694
5934 216820
5935 217027
5936 216742
5937 216731
5938 216493
5939 216880
5940 216311
5941 216890
5942 216572
5943 216904
5944 216927
5945 216893
5946 217051
5947 216999
5948 216817
5949 216413
5950 216780
5951 217232
5952 216601
5953 216529
5954 216365
5955 216451
5956 216381
5957 216695
5958 216276
5959 216086
5960 216640
5961 217148
5962 216469
5963 217029
5964 216854
5965 216381
5966 216391
5967 216170
5968 216231
5969 216650
5970 216106
5971 216535
5972 216446
5973 216508
5974 216561
5975 216550
5976 216315
5977 216815
5978 217061
5979 216580
5980 216181
5981 216491
5982 216068
5983 216562
5984 217123
5985 216644
5986 216382
5987 216467
5988 216186
5989 216582
5990 216201
5991 216127
5992 216166
5993 216404
5994 216122
5995 216818
5996 216802
5997 216499
5998 216884
5999 216368
6000 216204
6001 215842
6002 216041
6003 216062
6004 216407
6005 216243
6006 216298
6007 216375
6008 216219
6009 215798
6010 216065
6011 216410
6012 215974
6013 216157
6014 215797
