H11890
GateTime 10
GateNumber 0
SN 30430302
0 226031
1 226787
2 226408
3 226236
4 225868
5 226096
6 226607
7 226609
8 226499
9 226347
10 226928
11 226275
12 226919
13 226329
14 226167
15 226170
16 226718
17 226367
18 225895
19 226196
20 226448
21 226592
22 226680
23 226750
24 226841
25 226512
26 226353
27 226363
28 226081
29 226507
30 226764
31 226835
32 227086
33 227052
34 226739
35 226632
36 226390
37 226996
38 226756
39 226608
40 227017
41 226631
42 226964
43 227019
44 227370
45 226847
46 227108
47 226779
48 226362
49 226964
50 226745
51 226918
52 226862
53 226994
54 227345
55 227181
56 227023
57 226542
58 226547
59 226643
60 226874
61 226588
62 226285
63 226785
64 226444
65 226957
66 226878
67 226514
68 226594
69 226397
70 226554
71 226013
72 226277
73 226472
74 225754
75 226343
76 226163
77 226422
78 226337
79 226305
80 226231
81 226362
82 226164
83 225941
84 226026
85 226391
86 225823
87 226290
88 225947
89 226023
90 226170
91 226146
92 225666
93 225939
94 226011
95 225897
96 225760
97 225842
98 225637
99 226211
100 226375
101 226562
102 226180
103 225612
104 225937
105 225659
106 226065
107 225515
108 226314
109 226424
110 225674
111 225746
112 225879
113 226425
114 226086
115 226354
116 226124
117 225809
118 225883
119 225709
120 225815
121 226310
122 225811
123 225405
124 225852
125 225868
126 225778
127 226184
128 226060
129 225889
130 226352
131 226456
132 226049
133 225893
134 225556
135 225791
136 226216
137 225920
138 226413
139 226216
140 226114
141 225761
142 225626
143 226264
144 225418
145 226145
146 225960
147 225871
148 225663
149 225804
150 226125
151 226393
152 226242
153 225961
154 225977
155 225750
156 225852
157 225987
158 225982
159 225636
160 225896
161 226071
162 226575
163 225931
164 226152
165 225466
166 225512
167 225961
168 225734
169 225626
170 225875
171 225478
172 226239
173 225790
174 225923
175 225874
176 225962
177 225973
178 225674
179 226497
180 225684
181 225345
182 225354
183 225738
184 225884
185 225438
186 225884
187 225326
188 225818
189 225970
190 226009
191 225782
192 225944
193 225785
194 225986
195 225474
196 225432
197 225733
198 226043
199 225197
200 225604
201 225693
202 225971
203 225559
204 225747
205 225778
206 225697
207 225419
208 225465
209 225459
210 226043
211 225506
212 225278
213 225573
214 225652
215 225687
216 225785
217 225807
218 226173
219 225572
220 225967
221 225857
222 225649
223 225863
224 225542
225 226011
226 225853
227 225732
228 225867
229 225819
230 225731
231 225969
232 225971
233 226142
234 225502
235 225981
236 226107
237 225843
238 225953
239 225776
240 225492
241 225963
242 226189
243 225314
244 225998
245 225449
246 226236
247 225944
248 225897
249 225786
250 225631
251 225620
252 225716
253 226154
254 225524
255 225691
256 225611
257 226079
258 225459
259 225536
260 225590
261 226308
262 225418
263 226491
264 225658
265 225887
266 225636
267 225962
268 225518
269 225529
270 226145
271 225734
272 225440
273 225698
274 225632
275 225673
276 225654
277 225625
278 226096
279 225905
280 225473
281 225786
282 226273
283 225542
284 225801
285 225348
286 225583
287 226044
288 226231
289 226046
290 225856
291 225678
292 225743
293 225953
294 225899
295 225852
296 225731
297 225345
298 225761
299 225687
300 226066
301 225298
302 225353
303 224928
304 225864
305 225549
306 225465
307 225610
308 225791
309 225838
310 225666
311 225773
312 225622
313 225601
314 225626
315 225419
316 225920
317 225459
318 225406
319 225603
320 225505
321 226095
322 225577
323 225836
324 225426
325 225630
326 225591
327 225409
328 225785
329 226058
330 225387
331 225838
332 225062
333 225839
334 225699
335 225545
336 225502
337 225250
338 225530
339 225531
340 225523
341 225888
342 225737
343 225753
344 225964
345 225909
346 225634
347 225471
348 225995
349 225913
350 225555
351 225730
352 225590
353 225263
354 225762
355 225478
356 225921
357 225781
358 225233
359 225985
360 225700
361 225594
362 225769
363 225695
364 225576
365 225844
366 225784
367 226089
368 224948
369 225787
370 225490
371 226174
372 225903
373 225828
374 226115
375 225608
376 226230
377 225873
378 225731
379 226110
380 225641
381 225984
382 226241
383 225782
384 225997
385 225901
386 226128
387 225912
388 225730
389 225943
390 225424
391 225794
392 225867
393 226112
394 226119
395 226027
396 225644
397 226079
398 225925
399 225676
400 225930
401 225925
402 226020
403 225846
404 225665
405 225682
406 225217
407 225682
408 225232
409 225761
410 225769
411 226014
412 225795
413 225834
414 225553
415 225779
416 226231
417 226038
418 225991
419 225851
420 225940
421 225562
422 226049
423 226716
424 226695
425 225919
426 226461
427 226263
428 226543
429 226658
430 226322
431 225751
432 226533
433 226004
434 226755
435 225988
436 226325
437 226668
438 226365
439 226313
440 226348
441 226309
442 226453
443 226153
444 225651
445 226183
446 226419
447 226347
448 226582
449 226131
450 226344
451 226937
452 227013
453 226078
454 226056
455 226283
456 226493
457 226474
458 226523
459 226000
460 226438
461 226028
462 226362
463 226213
464 226154
465 225785
466 226233
467 226906
468 226701
469 226509
470 226228
471 225772
472 226015
473 226099
474 226030
475 226180
476 225797
477 225927
478 226151
479 226081
480 225948
481 226357
482 226118
483 225440
484 225819
485 226374
486 226134
487 226351
488 226045
489 226276
490 226165
491 226076
492 225959
493 226721
494 226771
495 226470
496 226765
497 226442
498 226475
499 226178
500 226186
501 226598
502 226289
503 226316
504 226433
505 226382
506 226468
507 226708
508 226751
509 225992
510 226666
511 226598
512 226536
513 226561
514 226328
515 226372
516 226049
517 226273
518 226835
519 226615
520 226825
521 226589
522 227002
523 226347
524 227112
525 226585
526 226460
527 226796
528 227334
529 227063
530 226518
531 227158
532 226675
533 227125
534 226642
535 226536
536 227005
537 226906
538 226989
539 226880
540 226692
541 227062
542 227665
543 227486
544 227350
545 227272
546 227017
547 227241
548 227318
549 227235
550 227118
551 226732
552 227022
553 227426
554 227724
555 226965
556 227259
557 227111
558 227706
559 227315
560 227409
561 227422
562 227494
563 227259
564 227408
565 227937
566 227276
567 227082
568 226980
569 226889
570 227415
571 227077
572 226817
573 227450
574 226960
575 226919
576 227109
577 227020
578 226881
579 226973
580 226990
581 227125
582 227348
583 227197
584 226529
585 226830
586 226804
587 227193
588 227060
589 227080
590 227036
591 227248
592 226567
593 227067
594 226719
595 226695
596 226670
597 226603
598 227321
599 227272
600 226909
601 226885
602 226786
603 227129
604 226932
605 227358
606 226636
607 227337
608 226643
609 226690
610 226938
611 226768
612 226346
613 227216
614 227236
615 226993
616 226291
617 226508
618 226931
619 226893
620 226913
621 226320
622 226461
623 226758
624 226842
625 226777
626 227141
627 226928
628 227308
629 226229
630 226276
631 227039
632 226628
633 226661
634 226974
635 226956
636 226801
637 226624
638 226288
639 226253
640 226447
641 226837
642 227090
643 226867
644 227053
645 227084
646 227042
647 226740
648 226598
649 227028
650 226999
651 226470
652 226747
653 226967
654 226734
655 226911
656 227124
657 226783
658 227069
659 227336
660 227038
661 226640
662 226674
663 226548
664 226748
665 227088
666 226996
667 227149
668 226987
669 226967
670 226298
671 227387
672 226702
673 226766
674 226622
675 226719
676 227247
677 227268
678 226982
679 226499
680 226533
681 227005
682 227179
683 226943
684 226585
685 226722
686 227119
687 226894
688 226885
689 227055
690 227266
691 226702
692 226775
693 226801
694 227067
695 226952
696 226770
697 227189
698 226881
699 226648
700 227140
701 226741
702 227071
703 227007
704 227213
705 226777
706 226408
707 227094
708 226718
709 226860
710 227367
711 227052
712 226479
713 226766
714 226577
715 227266
716 226760
717 226806
718 227056
719 226781
720 227210
721 227049
722 227160
723 227011
724 226695
725 227074
726 226871
727 227197
728 226591
729 226769
730 226936
731 227153
732 226988
733 226849
734 226823
735 227150
736 226681
737 226777
738 227365
739 226932
740 226861
741 226647
742 226394
743 227545
744 226883
745 226774
746 227088
747 227165
748 226620
749 227033
750 226648
751 226908
752 226470
753 226883
754 226991
755 226880
756 227256
757 227263
758 226914
759 226873
760 227181
761 226698
762 226421
763 227292
764 227154
765 227211
766 226943
767 226387
768 226493
769 226956
770 227062
771 227205
772 226371
773 227380
774 227175
775 226967
776 227294
777 226523
778 226839
779 227329
780 227177
781 227031
782 227170
783 226800
784 227003
785 227052
786 227734
787 226855
788 226922
789 227517
790 227449
791 227177
792 226830
793 227422
794 227196
795 227311
796 227558
797 227891
798 227832
799 227113
800 227343
801 227442
802 227463
803 226936
804 227419
805 227457
806 227716
807 227733
808 227242
809 227773
810 227540
811 227926
812 227820
813 227645
814 228097
815 227803
816 227637
817 227897
818 227123
819 227347
820 226882
821 227590
822 227055
823 227165
824 227009
825 227163
826 227183
827 226842
828 227745
829 227499
830 227204
831 227326
832 227057
833 226972
834 226714
835 227476
836 226951
837 227471
838 226954
839 226970
840 227466
841 227408
842 227246
843 227239
844 227422
845 226740
846 227248
847 226801
848 227398
849 227191
850 227186
851 226896
852 227031
853 227135
854 226742
855 226732
856 227103
857 227181
858 226951
859 226906
860 227116
861 226563
862 226901
863 226205
864 227006
865 227404
866 226749
867 227153
868 226897
869 227139
870 226772
871 227153
872 226473
873 226699
874 227227
875 226747
876 226611
877 226440
878 226892
879 227071
880 226789
881 227184
882 226889
883 226652
884 226942
885 226662
886 226749
887 226752
888 226865
889 226899
890 226881
891 226455
892 226842
893 227110
894 226232
895 226898
896 226356
897 226756
898 226723
899 227015
900 226203
901 226646
902 226421
903 226863
904 226411
905 226483
906 226829
907 226650
908 226751
909 227097
910 226391
911 226787
912 226496
913 227065
914 227293
915 226538
916 226805
917 226418
918 226697
919 227023
920 226639
921 226840
922 226975
923 226605
924 226539
925 227211
926 226255
927 227463
928 226101
929 226906
930 227325
931 226667
932 226783
933 227282
934 226985
935 226976
936 227478
937 226827
938 227290
939 226788
940 227256
941 227037
942 227277
943 227002
944 226881
945 227252
946 227337
947 227103
948 227206
949 227380
950 227721
951 227154
952 227198
953 226693
954 227554
955 227650
956 227523
957 227662
958 227429
959 226982
960 227460
961 227123
962 227302
963 227365
964 227653
965 227212
966 227150
967 227242
968 226334
969 226944
970 227566
971 227083
972 226846
973 227008
974 227246
975 226845
976 227466
977 227049
978 227122
979 227157
980 227694
981 227446
982 227222
983 226774
984 227279
985 227275
986 227401
987 227059
988 227343
989 227424
990 226892
991 227378
992 227519
993 226975
994 226948
995 226449
996 227072
997 227025
998 227220
999 226791
1000 227240
1001 227011
1002 226788
1003 226635
1004 227250
1005 226195
1006 226562
1007 227074
1008 226348
1009 226628
1010 227064
1011 226846
1012 226532
1013 226790
1014 226505
1015 226477
1016 226700
1017 226777
1018 226552
1019 226751
1020 226678
1021 226633
1022 226729
1023 226458
1024 226595
1025 226692
1026 227102
1027 226873
1028 226699
1029 226817
1030 226428
1031 226556
1032 226755
1033 226976
1034 226919
1035 226845
1036 226853
1037 226925
1038 226954
1039 227259
1040 226686
1041 226162
1042 226680
1043 226790
1044 226605
1045 226791
1046 226831
1047 226523
1048 227257
1049 226664
1050 226552
1051 227400
1052 226677
1053 226688
1054 226667
1055 227070
1056 226827
1057 227061
1058 226806
1059 226764
1060 227294
1061 226240
1062 227060
1063 226313
1064 226468
1065 226213
1066 226472
1067 226222
1068 226416
1069 226804
1070 226536
1071 226654
1072 226534
1073 225433
1074 226674
1075 226627
1076 225963
1077 226413
1078 226236
1079 225755
1080 226048
1081 226024
1082 226385
1083 226096
1084 226350
1085 226198
1086 226167
1087 226025
1088 226312
1089 226103
1090 226309
1091 226268
1092 225575
1093 226320
1094 226627
1095 226106
1096 226375
1097 226385
1098 226148
1099 225658
1100 225966
1101 225675
1102 225293
1103 226354
1104 225926
1105 225686
1106 226217
1107 226147
1108 226415
1109 225975
1110 226620
1111 226316
1112 226182
1113 226362
1114 226234
1115 226018
1116 226202
1117 225628
1118 226136
1119 225969
1120 225942
1121 224983
1122 225783
1123 225932
1124 226555
1125 225881
1126 225787
1127 226127
1128 225913
1129 225421
1130 226107
1131 225963
1132 225774
1133 225572
1134 225710
1135 226022
1136 226108
1137 225730
1138 225898
1139 226046
1140 226269
1141 225699
1142 225801
1143 225938
1144 226270
1145 225490
1146 225818
1147 226086
1148 225873
1149 226079
1150 226086
1151 226024
1152 226334
1153 225763
1154 226211
1155 225485
1156 225883
1157 225346
1158 225507
1159 226005
1160 226200
1161 225871
1162 226106
1163 226309
1164 225580
1165 226063
1166 225988
1167 225857
1168 225745
1169 225788
1170 226084
1171 225600
1172 225911
1173 225193
1174 226042
1175 225614
1176 225775
1177 226100
1178 225802
1179 225585
1180 225917
1181 225871
1182 225531
1183 225740
1184 225367
1185 225670
1186 225294
1187 225636
1188 225939
1189 225842
1190 225248
1191 225861
1192 225432
1193 225542
1194 225677
1195 225337
1196 225766
1197 225888
1198 225470
1199 225346
1200 226010
1201 225247
1202 225511
1203 225333
1204 225557
1205 225418
1206 225218
1207 225926
1208 225701
1209 225335
1210 225619
1211 225384
1212 224974
1213 225704
1214 225737
1215 225731
1216 225699
1217 225305
1218 225081
1219 225833
1220 225195
1221 225405
1222 225297
1223 225273
1224 225529
1225 225623
1226 225237
1227 225289
1228 225144
1229 225433
1230 225620
1231 225383
1232 225762
1233 225605
1234 225129
1235 225356
1236 225231
1237 225372
1238 225120
1239 225377
1240 225430
1241 225211
1242 225280
1243 225622
1244 225281
1245 225428
1246 225596
1247 225527
1248 225120
1249 225455
1250 225966
1251 225669
1252 225120
1253 225061
1254 225461
1255 225135
1256 224951
1257 225461
1258 224864
1259 225435
1260 225161
1261 224898
1262 225988
1263 225404
1264 225475
1265 225437
1266 225392
1267 225430
1268 225806
1269 225480
1270 225961
1271 225990
1272 225668
1273 225282
1274 225815
1275 225506
1276 225505
1277 225758
1278 225542
1279 225708
1280 225788
1281 226048
1282 225923
1283 225335
1284 225753
1285 226027
1286 225040
1287 224846
1288 225629
1289 225237
1290 225040
1291 225590
1292 225325
1293 225180
1294 225237
1295 225468
1296 225504
1297 225477
1298 224976
1299 225588
1300 225422
1301 225283
1302 225102
1303 225434
1304 225155
1305 225340
1306 225676
1307 225052
1308 225823
1309 225060
1310 225632
1311 224632
1312 225088
1313 224822
1314 225620
1315 225209
1316 225325
1317 225236
1318 225378
1319 225885
1320 225172
1321 225009
1322 225168
1323 225195
1324 225486
1325 225096
1326 225500
1327 225519
1328 224903
1329 225000
1330 225445
1331 225381
1332 225240
1333 225100
1334 225445
1335 225555
1336 225212
1337 225614
1338 225287
1339 224717
1340 225531
1341 225489
1342 225042
1343 224928
1344 224854
1345 225236
1346 225236
1347 225844
1348 225283
1349 225161
1350 225650
1351 225914
1352 225160
1353 225860
1354 225489
1355 225358
1356 225477
1357 225409
1358 225899
1359 225496
1360 225063
1361 224940
1362 225265
1363 225049
1364 225208
1365 225531
1366 225780
1367 225053
1368 225303
1369 225111
1370 225482
1371 224895
1372 224929
1373 225117
1374 225771
1375 225630
1376 225509
1377 225424
1378 225274
1379 225279
1380 225466
1381 225346
1382 225251
1383 225210
1384 225277
1385 225299
1386 224810
1387 224804
1388 225287
1389 224729
1390 224907
1391 224822
1392 224777
1393 225437
1394 225389
1395 225422
1396 225547
1397 225620
1398 224998
1399 225146
1400 225202
1401 225106
1402 225266
1403 225353
1404 225546
1405 225476
1406 225575
1407 225284
1408 225170
1409 224806
1410 225773
1411 225581
1412 225284
1413 225700
1414 225445
1415 225587
1416 225296
1417 225040
1418 225125
1419 224925
1420 225181
1421 225606
1422 225276
1423 225152
1424 225169
1425 225236
1426 225826
1427 225603
1428 225530
1429 225551
1430 225794
1431 225454
1432 225790
1433 226002
1434 225863
1435 225630
1436 225540
1437 226131
1438 225724
1439 225412
1440 226036
1441 226066
1442 225428
1443 225395
1444 225919
1445 225749
1446 225691
1447 225153
1448 225763
1449 225592
1450 225633
1451 225892
1452 225591
1453 225865
1454 226215
1455 226041
1456 225482
1457 225955
1458 226234
1459 226114
1460 225973
1461 225615
1462 225716
1463 226129
1464 226406
1465 225953
1466 226147
1467 226258
1468 225977
1469 225710
1470 225952
1471 226196
1472 225944
1473 226005
1474 226213
1475 226012
1476 226335
1477 226224
1478 225821
1479 225722
1480 226395
1481 226031
1482 225782
1483 225988
1484 225662
1485 226404
1486 226167
1487 226207
1488 226443
1489 225982
1490 226539
1491 226448
1492 226042
1493 226515
1494 226369
1495 226190
1496 226329
1497 226423
1498 226131
1499 227097
1500 226886
1501 226566
1502 226549
1503 226436
1504 226590
1505 226112
1506 226348
1507 226575
1508 226550
1509 226346
1510 226146
1511 226316
1512 226490
1513 226700
1514 226480
1515 226395
1516 226394
1517 226424
1518 226657
1519 225701
1520 226391
1521 226570
1522 226306
1523 226360
1524 226292
1525 226433
1526 226164
1527 226484
1528 226376
1529 226449
1530 226514
1531 226924
1532 226467
1533 227059
1534 227079
1535 226615
1536 226961
1537 227273
1538 227101
1539 227302
1540 227185
1541 226762
1542 227099
1543 226586
1544 227345
1545 226795
1546 226945
1547 227050
1548 227174
1549 226713
1550 227311
1551 227472
1552 226811
1553 227276
1554 226741
1555 227590
1556 227314
1557 226809
1558 226937
1559 226775
1560 227443
1561 226682
1562 227273
1563 227450
1564 227569
1565 227416
1566 227080
1567 227559
1568 227174
1569 226981
1570 227558
1571 227076
1572 227136
1573 226746
1574 227245
1575 226867
1576 227047
1577 227128
1578 227430
1579 227306
1580 227066
1581 227042
1582 226945
1583 227030
1584 227129
1585 227152
1586 226885
1587 227087
1588 227566
1589 227795
1590 226934
1591 227573
1592 226728
1593 226986
1594 227007
1595 227055
1596 227165
1597 227040
1598 227182
1599 227364
1600 227388
1601 226810
1602 227090
1603 227406
1604 227045
1605 227043
1606 227301
1607 226732
1608 227528
1609 227053
1610 227108
1611 226973
1612 227410
1613 227095
1614 227347
1615 227139
1616 226973
1617 226977
1618 227235
1619 227089
1620 227319
1621 226935
1622 226949
1623 227319
1624 227080
1625 227195
1626 227342
1627 227860
1628 227239
1629 226848
1630 226874
1631 227116
1632 227093
1633 227721
1634 226737
1635 227277
1636 227080
1637 227617
1638 227965
1639 228037
1640 227309
1641 227242
1642 227874
1643 227408
1644 227526
1645 227396
1646 227028
1647 226903
1648 227414
1649 227153
1650 227127
1651 227446
1652 227156
1653 227052
1654 227748
1655 227495
1656 227496
1657 227259
1658 227483
1659 227398
1660 227524
1661 227555
1662 227243
1663 227712
1664 227500
1665 227177
1666 227613
1667 227523
1668 227544
1669 227638
1670 226894
1671 227087
1672 227414
1673 226806
1674 227269
1675 227477
1676 227410
1677 227185
1678 227246
1679 227700
1680 227444
1681 227523
1682 226778
1683 227298
1684 227414
1685 227337
1686 227773
1687 227169
1688 227256
1689 227434
1690 227070
1691 227612
1692 227477
1693 227512
1694 227414
1695 227615
1696 227154
1697 227623
1698 227269
1699 227450
1700 227698
1701 227895
1702 227175
1703 227504
1704 227358
1705 227831
1706 227624
1707 227311
1708 227600
1709 228030
1710 227249
1711 227246
1712 227269
1713 227579
1714 227758
1715 227536
1716 227823
1717 227782
1718 227192
1719 228168
1720 227665
1721 227787
1722 227496
1723 227442
1724 227994
1725 228145
1726 227796
1727 227665
1728 227492
1729 227364
1730 227903
1731 227524
1732 227391
1733 227755
1734 227677
1735 227709
1736 227818
1737 227715
1738 228122
1739 227788
1740 227635
1741 227462
1742 228142
1743 227741
1744 228103
1745 227828
1746 227786
1747 227966
1748 227327
1749 227734
1750 227882
1751 227903
1752 227989
1753 228160
1754 227748
1755 227724
1756 228246
1757 228108
1758 227032
1759 227750
1760 228057
1761 227559
1762 227818
1763 227816
1764 228075
1765 227529
1766 227999
1767 227614
1768 227910
1769 227936
1770 227919
1771 227749
1772 228035
1773 227856
1774 228214
1775 227974
1776 227765
1777 227938
1778 227171
1779 227508
1780 227273
1781 227713
1782 227961
1783 227911
1784 227666
1785 228041
1786 227898
1787 228488
1788 227574
1789 227831
1790 227968
1791 227961
1792 227979
1793 228073
1794 227897
1795 227509
1796 228637
1797 228056
1798 227857
1799 228030
1800 227544
1801 227651
1802 228017
1803 227899
1804 227856
1805 227468
1806 227653
1807 227589
1808 227820
1809 227738
1810 228032
1811 227075
1812 227515
1813 227860
1814 227916
1815 227923
1816 227637
1817 227892
1818 227407
1819 228015
1820 227779
1821 227735
1822 227277
1823 227932
1824 228078
1825 227651
1826 227911
1827 227299
1828 227597
1829 228040
1830 227608
1831 227564
1832 227479
1833 226873
1834 227450
1835 227463
1836 227539
1837 227306
1838 227565
1839 227844
1840 226683
1841 227076
1842 227459
1843 227566
1844 227980
1845 227196
1846 227543
1847 226610
1848 227505
1849 227333
1850 227982
1851 227605
1852 227443
1853 227032
1854 227158
1855 227443
1856 227202
1857 227315
1858 227204
1859 227468
1860 227656
1861 226813
1862 227311
1863 227292
1864 227665
1865 227587
1866 227188
1867 227113
1868 226859
1869 227584
1870 227315
1871 227693
1872 227586
1873 227230
1874 227233
1875 227248
1876 227282
1877 227332
1878 227196
1879 227364
1880 227388
1881 226508
1882 227062
1883 227154
1884 227668
1885 226972
1886 227352
1887 227499
1888 227076
1889 227185
1890 227245
1891 227122
1892 227197
1893 227783
1894 227214
1895 227275
1896 226949
1897 227354
1898 226938
1899 226614
1900 227001
1901 227200
1902 227056
1903 227288
1904 227158
1905 226974
1906 227211
1907 226911
1908 227217
1909 227063
1910 227172
1911 227289
1912 227252
1913 226859
1914 227651
1915 226810
1916 227195
1917 226687
1918 226867
1919 227321
1920 226565
1921 227028
1922 227143
1923 227322
1924 226360
1925 226725
1926 227590
1927 226946
1928 226811
1929 226681
1930 227324
1931 227112
1932 227419
1933 226955
1934 226892
1935 226807
1936 227557
1937 226459
1938 227430
1939 226824
1940 226603
1941 226780
1942 226573
1943 227091
1944 226869
1945 227233
1946 227510
1947 227300
1948 227275
1949 226713
1950 226266
1951 227280
1952 227108
1953 227623
1954 227079
1955 227038
1956 226810
1957 226864
1958 227057
1959 226859
1960 226924
1961 227211
1962 226661
1963 226546
1964 226295
1965 227016
1966 226938
1967 226669
1968 227015
1969 226771
1970 226262
1971 226738
1972 226954
1973 226834
1974 226584
1975 227044
1976 226387
1977 227309
1978 226650
1979 226543
1980 226768
1981 226645
1982 227046
1983 227042
1984 226816
1985 227239
1986 226502
1987 226293
1988 226143
1989 226780
1990 226138
1991 226763
1992 226660
1993 226624
1994 226620
1995 226289
1996 226304
1997 226901
1998 226865
1999 226703
2000 226390
2001 227067
2002 227087
2003 226023
2004 227359
2005 226894
2006 226395
2007 226378
2008 227112
2009 226561
2010 226753
2011 226655
2012 227171
2013 226797
2014 226548
2015 227035
2016 226878
2017 226756
2018 226661
2019 227002
2020 226414
2021 226589
2022 226868
2023 227122
2024 226453
2025 226911
2026 226782
2027 226704
2028 227051
2029 226998
2030 227043
2031 226633
2032 226821
2033 226714
2034 226822
2035 227221
2036 226757
2037 227248
2038 227041
2039 227163
2040 226839
2041 227137
2042 227700
2043 227133
2044 227092
2045 227278
2046 227286
2047 227562
2048 227369
2049 227391
2050 227386
2051 226571
2052 227180
2053 226966
2054 227297
2055 227055
2056 226636
2057 227341
2058 227073
2059 226787
2060 227112
2061 226964
2062 226736
2063 226695
2064 226544
2065 227093
2066 227018
2067 226775
2068 226916
2069 226206
2070 226648
2071 226172
2072 227101
2073 226710
2074 226718
2075 226888
2076 226645
2077 226183
2078 226010
2079 226341
2080 226239
2081 226431
2082 226577
2083 226564
2084 226575
2085 226538
2086 226087
2087 226050
2088 225774
2089 226321
2090 225870
2091 225762
2092 226051
2093 225794
2094 226133
2095 226043
2096 226360
2097 225692
2098 226352
2099 225850
2100 226299
2101 225992
2102 226112
2103 226053
2104 226381
2105 226194
2106 226080
2107 226090
2108 225751
2109 225777
2110 225881
2111 225518
2112 226130
2113 225933
2114 225664
2115 226245
2116 225890
2117 225494
2118 225930
2119 225908
2120 225928
2121 226270
2122 225913
2123 225891
2124 225914
2125 225724
2126 225545
2127 225698
2128 225707
2129 225739
2130 225580
2131 225625
2132 225501
2133 225652
2134 226029
2135 226021
2136 225453
2137 225668
2138 225859
2139 225622
2140 225598
2141 225111
2142 225826
2143 225334
2144 225481
2145 225589
2146 225657
2147 226129
2148 225609
2149 225477
2150 225921
2151 225615
2152 225254
2153 225433
2154 226016
2155 225460
2156 225620
2157 225099
2158 225480
2159 225569
2160 225481
2161 225657
2162 225490
2163 225451
2164 225798
2165 225365
2166 225472
2167 225553
2168 225616
2169 225121
2170 225621
2171 225417
2172 225350
2173 225536
2174 225733
2175 225725
2176 225177
2177 224926
2178 225448
2179 225871
2180 225804
2181 224911
2182 225696
2183 225090
2184 225342
2185 225316
2186 225406
2187 225317
2188 225546
2189 225239
2190 225429
2191 225529
2192 225543
2193 225359
2194 225605
2195 225469
2196 225735
2197 225264
2198 225322
2199 225234
2200 225250
2201 225299
2202 225356
2203 224966
2204 225795
2205 225971
2206 225389
2207 225650
2208 225144
2209 225272
2210 225626
2211 225451
2212 225387
2213 225496
2214 225389
2215 225419
2216 225566
2217 225148
2218 225104
2219 225219
2220 225532
2221 225654
2222 225222
2223 225754
2224 225359
2225 225375
2226 225659
2227 225432
2228 225128
2229 225238
2230 225589
2231 225145
2232 225598
2233 224949
2234 225520
2235 225804
2236 224790
2237 225459
2238 225885
2239 225549
2240 225509
2241 225211
2242 224511
2243 225551
2244 225130
2245 225238
2246 225420
2247 225224
2248 225436
2249 225092
2250 225380
2251 225303
2252 225608
2253 224313
2254 225043
2255 225218
2256 224819
2257 224799
2258 225166
2259 225118
2260 225034
2261 225409
2262 224939
2263 225108
2264 225243
2265 225324
2266 225285
2267 225390
2268 224839
2269 224694
2270 225389
2271 224926
2272 224855
2273 225162
2274 225104
2275 225366
2276 224676
2277 225166
2278 225220
2279 224732
2280 225139
2281 225044
2282 224980
2283 225349
2284 224898
2285 225430
2286 225315
2287 225097
2288 225174
2289 224991
2290 224799
2291 224989
2292 225053
2293 225160
2294 225014
2295 225605
2296 225168
2297 225615
2298 224877
2299 224850
2300 225411
2301 225598
2302 224696
2303 225017
2304 225081
2305 225637
2306 225376
2307 225386
2308 224978
2309 225190
2310 225104
2311 225067
2312 225558
2313 225522
2314 225440
2315 225050
2316 224953
2317 225621
2318 225215
2319 225177
2320 225338
2321 225453
2322 225663
2323 224878
2324 225584
2325 225282
2326 225606
2327 225277
2328 225214
2329 225036
2330 225867
2331 225373
2332 225239
2333 225493
2334 225466
2335 225327
2336 225848
2337 225101
2338 225199
2339 225603
2340 224953
2341 225324
2342 225807
2343 224843
2344 225229
2345 224876
2346 225542
2347 225228
2348 224286
2349 225788
2350 225486
2351 225478
2352 225774
2353 225680
2354 225737
2355 225213
2356 225838
2357 225198
2358 225620
2359 225720
2360 225597
2361 225371
2362 225622
2363 225861
2364 225831
2365 225564
2366 225616
2367 226041
2368 225814
2369 225847
2370 225652
2371 225422
2372 225852
2373 226295
2374 225971
2375 225459
2376 226087
2377 225701
2378 226048
2379 225823
2380 225775
2381 226106
2382 225881
2383 226187
2384 226028
2385 226104
2386 225618
2387 226091
2388 225983
2389 226219
2390 226024
2391 226173
2392 226118
2393 226119
2394 226176
2395 225976
2396 226249
2397 225774
2398 225963
2399 226539
2400 225749
2401 226093
2402 226498
2403 225665
2404 225810
2405 226343
2406 226007
2407 226535
2408 226488
2409 226101
2410 226201
2411 226344
2412 226388
2413 226329
2414 226372
2415 226766
2416 226159
2417 226012
2418 225612
2419 226074
2420 226497
2421 225931
2422 226305
2423 225922
2424 226050
2425 226355
2426 225978
2427 226415
2428 226158
2429 226247
2430 226315
2431 226564
2432 226281
2433 226477
2434 226056
2435 225974
2436 226609
2437 226073
2438 226519
2439 226477
2440 226521
2441 226152
2442 226274
2443 226597
2444 225879
2445 225986
2446 226346
2447 226096
2448 226319
2449 226408
2450 225988
2451 226626
2452 226477
2453 226473
2454 226157
2455 226542
2456 226568
2457 226528
2458 226671
2459 226554
2460 226343
2461 226429
2462 226150
2463 226853
2464 226417
2465 226624
2466 226888
2467 226711
2468 226876
2469 226816
2470 227359
2471 226593
2472 227365
2473 226101
2474 226997
2475 226487
2476 226847
2477 227102
2478 226418
2479 227110
2480 226803
2481 226966
2482 226352
2483 227251
2484 227220
2485 227093
2486 227340
2487 227142
2488 226963
2489 226713
2490 226653
2491 227057
2492 226840
2493 227015
2494 227318
2495 226933
2496 226902
2497 226651
2498 227064
2499 226883
2500 226884
2501 226850
2502 227049
2503 226733
2504 226905
2505 226770
2506 226834
2507 226917
2508 227278
2509 227477
2510 226693
2511 227025
2512 226873
2513 226496
2514 226646
2515 226576
2516 227123
2517 227111
2518 227412
2519 227233
2520 227056
2521 227309
2522 226879
2523 227344
2524 227462
2525 227662
2526 227210
2527 227060
2528 227095
2529 227056
2530 227113
2531 227219
2532 227837
2533 227860
2534 227153
2535 227376
2536 227029
2537 227567
2538 227751
2539 227662
2540 227475
2541 227891
2542 227891
2543 227389
2544 228032
2545 228021
2546 227738
2547 227760
2548 227670
2549 227815
2550 227443
2551 228199
2552 228128
2553 227614
2554 228102
2555 228358
2556 227760
2557 227828
2558 227878
2559 227880
2560 228069
2561 228128
2562 227920
2563 227976
2564 228046
2565 227627
2566 227865
2567 228617
2568 227606
2569 227651
2570 227654
2571 228224
2572 227523
2573 228082
2574 228498
2575 227973
2576 228009
2577 227812
2578 227728
2579 228286
2580 227682
2581 227800
2582 227988
2583 227406
2584 227373
2585 226916
2586 227763
2587 227787
2588 227584
2589 226942
2590 227602
2591 227145
2592 227685
2593 227517
2594 227975
2595 227002
2596 227387
2597 227277
2598 227367
2599 227458
2600 227483
2601 227782
2602 227402
2603 227670
2604 227577
2605 227033
2606 227102
2607 227322
2608 227806
2609 227140
2610 227169
2611 227207
2612 227421
2613 227283
2614 227507
2615 226911
2616 227392
2617 227960
2618 227193
2619 226954
2620 227539
2621 227540
2622 227143
2623 227361
2624 227509
2625 227211
2626 227678
2627 227202
2628 227661
2629 227280
2630 227084
2631 227076
2632 226964
2633 227246
2634 227926
2635 227210
2636 227196
2637 227327
2638 227806
2639 227540
2640 227179
2641 226763
2642 227383
2643 227584
2644 227004
2645 227702
2646 227099
2647 227165
2648 227492
2649 226808
2650 227289
2651 227502
2652 227284
2653 227390
2654 227607
2655 227622
2656 227602
2657 227579
2658 227710
2659 227713
2660 227137
2661 227513
2662 227027
2663 227663
2664 227528
2665 227585
2666 227591
2667 227324
2668 227832
2669 227393
2670 227673
2671 227544
2672 227968
2673 227763
2674 227904
2675 227684
2676 227199
2677 227634
2678 227893
2679 227394
2680 227614
2681 227575
2682 227521
2683 227841
2684 227982
2685 227796
2686 227437
2687 227587
2688 227937
2689 228391
2690 227477
2691 227803
2692 227455
2693 227569
2694 227466
2695 227559
2696 227467
2697 227155
2698 227188
2699 228159
2700 227517
2701 227831
2702 227264
2703 227519
2704 227363
2705 227572
2706 227526
2707 227546
2708 227468
2709 227209
2710 227424
2711 227243
2712 227577
2713 227476
2714 227005
2715 227680
2716 227341
2717 227657
2718 227846
2719 227510
2720 227181
2721 227380
2722 227295
2723 227704
2724 227638
2725 227766
2726 227816
2727 227344
2728 227946
2729 227747
2730 227600
2731 227623
2732 227505
2733 227863
2734 227581
2735 227649
2736 227720
2737 227890
2738 227487
2739 227267
2740 227487
2741 227894
2742 227616
2743 227725
2744 227481
2745 227671
2746 227477
2747 227628
2748 227584
2749 227591
2750 227729
2751 227599
2752 227581
2753 228224
2754 227401
2755 227643
2756 227840
2757 227849
2758 227706
2759 227739
2760 227545
2761 227461
2762 227776
2763 227362
2764 228010
2765 227239
2766 227798
2767 228004
2768 227571
2769 227678
2770 227888
2771 227187
2772 227710
2773 227873
2774 227534
2775 227341
2776 227908
2777 228404
2778 227609
2779 227948
2780 227873
2781 227673
2782 227729
2783 227979
2784 228325
2785 227596
2786 227471
2787 227833
2788 227863
2789 227555
2790 228049
2791 227951
2792 227451
2793 227705
2794 227600
2795 228163
2796 227480
2797 227770
2798 228380
2799 227587
2800 228060
2801 227984
2802 228178
2803 227730
2804 227987
2805 228181
2806 227975
2807 228289
2808 227767
2809 227313
2810 228379
2811 227880
2812 227576
2813 227461
2814 228065
2815 227684
2816 227876
2817 227990
2818 227672
2819 228486
2820 227308
2821 228091
2822 227865
2823 228156
2824 228305
2825 228120
2826 227590
2827 227872
2828 227878
2829 227859
2830 228334
2831 227653
2832 228073
2833 227986
2834 227826
2835 227931
2836 228100
2837 227547
2838 228194
2839 227657
2840 228210
2841 227943
2842 228444
2843 227751
2844 227107
2845 227745
2846 227562
2847 228064
2848 227647
2849 227688
2850 227789
2851 228237
2852 228055
2853 228266
2854 227826
2855 228367
2856 227708
2857 227517
2858 227861
2859 227674
2860 227588
2861 227939
2862 228176
2863 228121
2864 227640
2865 228013
2866 227536
2867 228467
2868 227969
2869 228141
2870 228577
2871 227723
2872 227966
2873 227694
2874 227742
2875 227991
2876 227518
2877 227947
2878 227557
2879 227692
2880 228378
2881 227933
2882 228194
2883 228198
2884 228049
2885 228012
2886 227923
2887 227689
2888 227981
2889 228219
2890 228140
2891 227936
2892 228011
2893 227651
2894 227707
2895 228163
2896 227747
2897 227882
2898 227401
2899 227376
2900 227597
2901 227754
2902 227512
2903 227876
2904 227828
2905 227313
2906 227840
2907 227487
2908 227319
2909 227776
2910 227612
2911 227371
2912 227602
2913 227106
2914 227823
2915 227443
2916 227458
2917 227189
2918 227781
2919 227814
2920 227774
2921 227620
2922 227497
2923 227705
2924 227460
2925 227706
2926 227879
2927 227388
2928 227465
2929 227367
2930 227272
2931 227473
2932 227445
2933 227021
2934 227192
2935 227928
2936 227600
2937 227550
2938 227525
2939 227290
2940 227571
2941 227196
2942 227198
2943 227691
2944 228127
2945 227042
2946 227325
2947 227690
2948 227274
2949 227427
2950 227558
2951 227206
2952 227907
2953 227081
2954 227144
2955 227510
2956 227366
2957 227819
2958 228158
2959 228099
2960 227011
2961 227365
2962 227944
2963 227296
2964 227621
2965 227343
2966 227630
2967 227735
2968 227749
2969 227068
2970 227699
2971 227445
2972 227383
2973 227457
2974 227607
2975 227469
2976 227268
2977 227493
2978 227351
2979 227139
2980 227685
2981 227059
2982 227047
2983 226992
2984 227607
2985 226954
2986 227386
2987 227632
2988 227261
2989 227642
2990 227170
2991 227348
2992 227433
2993 227203
2994 227424
2995 227604
2996 227261
2997 227346
2998 227277
2999 227696
3000 226834
3001 227322
3002 227288
3003 227160
3004 227273
3005 227621
3006 227254
3007 227535
3008 227230
3009 227643
3010 227279
3011 227455
3012 227367
3013 227283
3014 227504
3015 227197
3016 227586
3017 228453
3018 227685
3019 227188
3020 227341
3021 227177
3022 227565
3023 227054
3024 227474
3025 227239
3026 227471
3027 227519
3028 228133
3029 227480
3030 227848
3031 226933
3032 227778
3033 227541
3034 227780
3035 227447
3036 227729
3037 227762
3038 227760
3039 227348
3040 228183
3041 228460
3042 228092
3043 227700
3044 227654
3045 228287
3046 227620
3047 227953
3048 228073
3049 228110
3050 228176
3051 228007
3052 227805
3053 227733
3054 227913
3055 227965
3056 227798
3057 227893
3058 227487
3059 227310
3060 228155
3061 227844
3062 227894
3063 227951
3064 227212
3065 227795
3066 227640
3067 226836
3068 227484
3069 227324
3070 227651
3071 227890
3072 227925
3073 226965
3074 227266
3075 227494
3076 227569
3077 226788
3078 227258
3079 227138
3080 227251
3081 226974
3082 227236
3083 227327
3084 226813
3085 226991
3086 226525
3087 226282
3088 227016
3089 226588
3090 226371
3091 226574
3092 226604
3093 226709
3094 226557
3095 226470
3096 227208
3097 226347
3098 226945
3099 226417
3100 227265
3101 226447
3102 226550
3103 227253
3104 226472
3105 226933
3106 226920
3107 226430
3108 226912
3109 226057
3110 227114
3111 226664
3112 226433
3113 226221
3114 226030
3115 226457
3116 226465
3117 226555
3118 226135
3119 226422
3120 226296
3121 226678
3122 226590
3123 226158
3124 225789
3125 226315
3126 226218
3127 226098
3128 226406
3129 226091
3130 226595
3131 226720
3132 226307
3133 226280
3134 226465
3135 226149
3136 226425
3137 226159
3138 226253
3139 225813
3140 226209
3141 226485
3142 226009
3143 226368
3144 226426
3145 226411
3146 226445
3147 226387
3148 226677
3149 226092
3150 225865
3151 226284
3152 226280
3153 226382
3154 225860
3155 226941
3156 226670
3157 226142
3158 226252
3159 226138
3160 226193
3161 226159
3162 225904
3163 225838
3164 225989
3165 225881
3166 226115
3167 226048
3168 226104
3169 225670
3170 225828
3171 225567
3172 225763
3173 225845
3174 225827
3175 226188
3176 225802
3177 225615
3178 225781
3179 226101
3180 225896
3181 226225
3182 225930
3183 225397
3184 226235
3185 225941
3186 225252
3187 226299
3188 225848
3189 226177
3190 225681
3191 226213
3192 225645
3193 225651
3194 225616
3195 225436
3196 225187
3197 226346
3198 225915
3199 225898
3200 225589
3201 225728
3202 225714
3203 225384
3204 225678
3205 226313
3206 225801
3207 225582
3208 225149
3209 225532
3210 225816
3211 226022
3212 225543
3213 225425
3214 225314
3215 225272
3216 225358
3217 225126
3218 225843
3219 225704
3220 225304
3221 226261
3222 225566
3223 225662
3224 224954
3225 225219
3226 225723
3227 225414
3228 225636
3229 225666
3230 225426
3231 225156
3232 225847
3233 225207
3234 225433
3235 224767
3236 225566
3237 225184
3238 225406
3239 225314
3240 225147
3241 225023
3242 225195
3243 225332
3244 225214
3245 225101
3246 225508
3247 225251
3248 225067
3249 225439
3250 225156
3251 225920
3252 225528
3253 225224
3254 226043
3255 225590
3256 225592
3257 225292
3258 225501
3259 225103
3260 225406
3261 225387
3262 225562
3263 225238
3264 225224
3265 225065
3266 225254
3267 225192
3268 224917
3269 225556
3270 225008
3271 225206
3272 225033
3273 225489
3274 225244
3275 225791
3276 225807
3277 224944
3278 225369
3279 225093
3280 225403
3281 225476
3282 225142
3283 224764
3284 225016
3285 225262
3286 224992
3287 225320
3288 224679
3289 225312
3290 225480
3291 225320
3292 225398
3293 225360
3294 225635
3295 224714
3296 225176
3297 225097
3298 225137
3299 225200
3300 225438
3301 224742
3302 225340
3303 224966
3304 225045
3305 225267
3306 224857
3307 224791
3308 225258
3309 224814
3310 225277
3311 224749
3312 225352
3313 224918
3314 224624
3315 225207
3316 225164
3317 225200
3318 225061
3319 225155
3320 224927
3321 224925
3322 225379
3323 225296
3324 225075
3325 225077
3326 225140
3327 225118
3328 225018
3329 225201
3330 225086
3331 225171
3332 225062
3333 224902
3334 225117
3335 224756
3336 224708
3337 224762
3338 225145
3339 225349
3340 224734
3341 225081
3342 224930
3343 225442
3344 224787
3345 225202
3346 224781
3347 225124
3348 225362
3349 225320
3350 224583
3351 224997
3352 225179
3353 225079
3354 225163
3355 224958
3356 224792
3357 225208
3358 225173
3359 225292
3360 224981
3361 225140
3362 225322
3363 224936
3364 224832
3365 225149
3366 225161
3367 225472
3368 225093
3369 225251
3370 225182
3371 225161
3372 225112
3373 225037
3374 225177
3375 224839
3376 225270
3377 225555
3378 224926
3379 225471
3380 225253
3381 225069
3382 225397
3383 225445
3384 225006
3385 225295
3386 224915
3387 225396
3388 225029
3389 224847
3390 224832
3391 224725
3392 225396
3393 224977
3394 225543
3395 224815
3396 224939
3397 224864
3398 225475
3399 225086
3400 225361
3401 225292
3402 224860
3403 225761
3404 225258
3405 225481
3406 224693
3407 224887
3408 225183
3409 225518
3410 225042
3411 225110
3412 224957
3413 224788
3414 224778
3415 225218
3416 225334
3417 225751
3418 225292
3419 225163
3420 225454
3421 224447
3422 225337
3423 224971
3424 225735
3425 224779
3426 225532
3427 225405
3428 225664
3429 225372
3430 224810
3431 225187
3432 224790
3433 224746
3434 225312
3435 224897
3436 225144
3437 225180
3438 224854
3439 225323
3440 225621
3441 225640
3442 224841
3443 224461
3444 225202
3445 224909
3446 225328
3447 225590
3448 225257
3449 225230
3450 224690
3451 225037
3452 225363
3453 225615
3454 225198
3455 225527
3456 225204
3457 225919
3458 225105
3459 225408
3460 225480
3461 225610
3462 225496
3463 225810
3464 225695
3465 225546
3466 225443
3467 225490
3468 225640
3469 225941
3470 226022
3471 225684
3472 225247
3473 225587
3474 225440
3475 225481
3476 225467
3477 225802
3478 225578
3479 225168
3480 225458
3481 225458
3482 225686
3483 226237
3484 225017
3485 225941
3486 224946
3487 225462
3488 225003
3489 225704
3490 225277
3491 226090
3492 225531
3493 225473
3494 225416
3495 225570
3496 225800
3497 225634
3498 225393
3499 225833
3500 225857
3501 225868
3502 226017
3503 225868
3504 225675
3505 225997
3506 225283
3507 225562
3508 225448
3509 225768
3510 225682
3511 225913
3512 225666
3513 225664
3514 225803
3515 225797
3516 225493
3517 225706
3518 225576
3519 225636
3520 225859
3521 226282
3522 225643
3523 225535
3524 225956
3525 225718
3526 226326
3527 225496
3528 225535
3529 225674
3530 225586
3531 225642
3532 225736
3533 226068
3534 226123
3535 225605
3536 226021
3537 226201
3538 226337
3539 226164
3540 226047
3541 226146
3542 226513
3543 225907
3544 226283
3545 226624
3546 226823
3547 226485
3548 226568
3549 226355
3550 226054
3551 226255
3552 226388
3553 226503
3554 226867
3555 226631
3556 225777
3557 226930
3558 226564
3559 226800
3560 226881
3561 225995
3562 227079
3563 226777
3564 226376
3565 226619
3566 226183
3567 226223
3568 226509
3569 227093
3570 226200
3571 226821
3572 226094
3573 226434
3574 226631
3575 226455
3576 226550
3577 226254
3578 226094
3579 225935
3580 226434
3581 226081
3582 226140
3583 226030
3584 226208
3585 226169
3586 226207
3587 225988
3588 225425
3589 225500
3590 226125
3591 226361
3592 225766
3593 225870
3594 226046
3595 226197
3596 225970
3597 225734
3598 226294
3599 225555
3600 226296
3601 225841
3602 225715
3603 225553
3604 225439
3605 225602
3606 225878
3607 225707
3608 225870
3609 226484
3610 226357
3611 225892
3612 226043
3613 225802
3614 226029
3615 225982
3616 225529
3617 225711
3618 226052
3619 225718
3620 225521
3621 226055
3622 225512
3623 225646
3624 226266
3625 226190
3626 226124
3627 226134
3628 225834
3629 225922
3630 225908
3631 225662
3632 225720
3633 225821
3634 226033
3635 225982
3636 226442
3637 225843
3638 226135
3639 226045
3640 226219
3641 225947
3642 225991
3643 226077
3644 226424
3645 226016
3646 226226
3647 226288
3648 226148
3649 225881
3650 226344
3651 226328
3652 225897
3653 225582
3654 226095
3655 225976
3656 226066
3657 225927
3658 226182
3659 226355
3660 225820
3661 226556
3662 225578
3663 226250
3664 226207
3665 225816
3666 226161
3667 226787
3668 225872
3669 225343
3670 226537
3671 226003
3672 226329
3673 225673
3674 225822
3675 225674
3676 225380
3677 226300
3678 225989
3679 226059
3680 225579
3681 225873
3682 225411
3683 225496
3684 225815
3685 225966
3686 225907
3687 225411
3688 225981
3689 225835
3690 225633
3691 225855
3692 225647
3693 225449
3694 226188
3695 225960
3696 225426
3697 226068
3698 226061
3699 225678
3700 225789
3701 226074
3702 226060
3703 225590
3704 225469
3705 225907
3706 225762
3707 226302
3708 225849
3709 226020
3710 225997
3711 225696
3712 225638
3713 225906
3714 225934
3715 225643
3716 226106
3717 225516
3718 225710
3719 225216
3720 225843
3721 226087
3722 226170
3723 225903
3724 226420
3725 225838
3726 226044
3727 225957
3728 226224
3729 226325
3730 225678
3731 226123
3732 226689
3733 226516
3734 226087
3735 226118
3736 226674
3737 226384
3738 226378
3739 226122
3740 225783
3741 225674
3742 225858
3743 225954
3744 226076
3745 225312
3746 225450
3747 225605
3748 225850
3749 225877
3750 225585
3751 225694
3752 225871
3753 225706
3754 225824
3755 225847
3756 226002
3757 226045
3758 225975
3759 225690
3760 225812
3761 225699
3762 226175
3763 225375
3764 225308
3765 225448
3766 225913
3767 226032
3768 226400
3769 225681
3770 226079
3771 226211
3772 225596
3773 225399
3774 225412
3775 225419
3776 225643
3777 225887
3778 226170
3779 225801
3780 225471
3781 225145
3782 225587
3783 225945
3784 226249
3785 225752
3786 226919
3787 225973
3788 226631
3789 226137
3790 226297
3791 225531
3792 226374
3793 226558
3794 226437
3795 226423
3796 226003
3797 226462
3798 226132
3799 226575
3800 225932
3801 226519
3802 226078
3803 226411
3804 226380
3805 226228
3806 226180
3807 225966
3808 226369
3809 225624
3810 226600
3811 226217
3812 225534
3813 226064
3814 226112
3815 226059
3816 225364
3817 226247
3818 225813
3819 225573
3820 225811
3821 225820
3822 225917
3823 225881
3824 226276
3825 225396
3826 226095
3827 226172
3828 225321
3829 225619
3830 226232
3831 225629
3832 225723
3833 225794
3834 225522
3835 225333
3836 225713
3837 225878
3838 225783
3839 225986
3840 225192
3841 225799
3842 225427
3843 225538
3844 225823
3845 225618
3846 225267
3847 225685
3848 225107
3849 225519
3850 225585
3851 225583
3852 225164
3853 225006
3854 225853
3855 225343
3856 225596
3857 225727
3858 225486
3859 225277
3860 225050
3861 225529
3862 225015
3863 225321
3864 225385
3865 225103
3866 225493
3867 225562
3868 225752
3869 225780
3870 225696
3871 225627
3872 225631
3873 225488
3874 225539
3875 225794
3876 225660
3877 225287
3878 225604
3879 225411
3880 225943
3881 225650
3882 225761
3883 225832
3884 225534
3885 225713
3886 225791
3887 225471
3888 225957
3889 225368
3890 225840
3891 225913
3892 225483
3893 225767
3894 226208
3895 226138
3896 225696
3897 225565
3898 225206
3899 226048
3900 225805
3901 225777
3902 225527
3903 225054
3904 226056
3905 226286
3906 225883
3907 225563
3908 225824
3909 225475
3910 225639
3911 225698
3912 225697
3913 225979
3914 225483
3915 225336
3916 225488
3917 225539
3918 225702
3919 225630
3920 225491
3921 226073
3922 225959
3923 225466
3924 225852
3925 226281
3926 225609
3927 225315
3928 225989
3929 225695
3930 225392
3931 225372
3932 225772
3933 225977
3934 225197
3935 224833
3936 225286
3937 225294
3938 225025
3939 225380
3940 225013
3941 225417
3942 225241
3943 225440
3944 225151
3945 225032
3946 225458
3947 226015
3948 224813
3949 225174
3950 225088
3951 224999
3952 225298
3953 225346
3954 224823
3955 225518
3956 224742
3957 224762
3958 225567
3959 224952
3960 225137
3961 225217
3962 225155
3963 224726
3964 224913
3965 224975
3966 224784
3967 225307
3968 224778
3969 224611
3970 224740
3971 224799
3972 224641
3973 224947
3974 225073
3975 225009
3976 225019
3977 224815
3978 225305
3979 225390
3980 224649
3981 225165
3982 225167
3983 225310
3984 225158
3985 225318
3986 225724
3987 225196
3988 224700
3989 225306
3990 225166
3991 225290
3992 225091
3993 225168
3994 225667
3995 224995
3996 225569
3997 225473
3998 225021
3999 225832
4000 225155
4001 225301
4002 225300
4003 224995
4004 225765
4005 225168
4006 226011
4007 225635
4008 225840
4009 225826
4010 225620
4011 224953
4012 225149
4013 225634
4014 225735
4015 225457
4016 225147
4017 225551
4018 225894
4019 225864
4020 225643
4021 225921
4022 226151
4023 226008
4024 225480
4025 225866
4026 226168
4027 226483
4028 225867
4029 226467
4030 226110
4031 226393
4032 226530
4033 226334
4034 226778
4035 226829
4036 226502
4037 226920
4038 226725
4039 226860
4040 226575
4041 226769
4042 226729
4043 226637
4044 226029
4045 226866
4046 226388
4047 226193
4048 225726
4049 225994
4050 225854
4051 226277
4052 226258
4053 226168
4054 226031
4055 226113
4056 225859
4057 225727
4058 225995
4059 226109
4060 225693
4061 225615
4062 226085
4063 225969
4064 225359
4065 225451
4066 225483
4067 225393
4068 225436
4069 225473
4070 225254
4071 225115
4072 225439
4073 225140
4074 224807
4075 224767
4076 224837
4077 224449
4078 224991
4079 224369
4080 224423
4081 224817
4082 224367
4083 224617
4084 224303
4085 224616
4086 224696
4087 224814
4088 224782
4089 223955
4090 224194
4091 224155
4092 224168
4093 224557
4094 224466
4095 224341
4096 224461
4097 224811
4098 224025
4099 224284
4100 224225
4101 223954
4102 223642
4103 224220
4104 224114
4105 223859
4106 224048
4107 224185
4108 223083
4109 223700
4110 223771
4111 224075
4112 223796
4113 223853
4114 223922
4115 223696
4116 224108
4117 224423
4118 224036
4119 223913
4120 223297
4121 224323
4122 224306
4123 223842
4124 224046
4125 224107
4126 223586
4127 223496
4128 223872
4129 224018
4130 224078
4131 224190
4132 224179
4133 223911
4134 224279
4135 223510
4136 224382
4137 224066
4138 224122
4139 224089
4140 224006
4141 223690
4142 224250
4143 223698
4144 223962
4145 224294
4146 224238
4147 223980
4148 223987
4149 223491
4150 224134
4151 223773
4152 223639
4153 223977
4154 223696
4155 224057
4156 223300
4157 223431
4158 223667
4159 224003
4160 223994
4161 223353
4162 223304
4163 223736
4164 223543
4165 223781
4166 223747
4167 223347
4168 223492
4169 223829
4170 224058
4171 223722
4172 224320
4173 223977
4174 223638
4175 223419
4176 223895
4177 224172
4178 223683
4179 223939
4180 223917
4181 223404
4182 223468
4183 223140
4184 224056
4185 223971
4186 223018
4187 223317
4188 223462
4189 223014
4190 223145
4191 223011
4192 223854
4193 223041
4194 223162
4195 223145
4196 223576
4197 223744
4198 223250
4199 223260
4200 223216
4201 224117
4202 223328
4203 223312
4204 223597
4205 223609
4206 223295
4207 223433
4208 223482
4209 223579
4210 223494
4211 223596
4212 223803
4213 223229
4214 223960
4215 223898
4216 223506
4217 223348
4218 223063
4219 223491
4220 223854
4221 223911
4222 223466
4223 222598
4224 223606
4225 223939
4226 223224
4227 223412
4228 223853
4229 223698
4230 223490
4231 223857
4232 223640
4233 223417
4234 223636
4235 223517
4236 223174
4237 223479
4238 223662
4239 223369
4240 223309
4241 223297
4242 223743
4243 222879
4244 223192
4245 223466
4246 223373
4247 223371
4248 223926
4249 223951
4250 222815
4251 223117
4252 223039
4253 223107
4254 222975
4255 223294
4256 223347
4257 223536
4258 222683
4259 223928
4260 223153
4261 223276
4262 223009
4263 223716
4264 223424
4265 223164
4266 223251
4267 223712
4268 223307
4269 223240
4270 223275
4271 222899
4272 223401
4273 223052
4274 222753
4275 223372
4276 223437
4277 222942
4278 223172
4279 223349
4280 222585
4281 223313
4282 223266
4283 222848
4284 222944
4285 223289
4286 223384
4287 223146
4288 222977
4289 223131
4290 222667
4291 223229
4292 222888
4293 223284
4294 223254
4295 223398
4296 223206
4297 222845
4298 223358
4299 223231
4300 223142
4301 223031
4302 222644
4303 222833
4304 222990
4305 222893
4306 223331
4307 222755
4308 222919
4309 223050
4310 222853
4311 222584
4312 222917
4313 223433
4314 223456
4315 223204
4316 222793
4317 223448
4318 222910
4319 223216
4320 223223
4321 222799
4322 223167
4323 222941
4324 223101
4325 223490
4326 223313
4327 223936
4328 222615
4329 222575
4330 223542
4331 223658
4332 223427
4333 223245
4334 223414
4335 222982
4336 223301
4337 223314
4338 222781
4339 223279
4340 223915
4341 222826
4342 222876
4343 222857
4344 223061
4345 223173
4346 222849
4347 223192
4348 222967
4349 223104
4350 223068
4351 222737
4352 222835
4353 222455
4354 222238
4355 222852
4356 223333
4357 222838
4358 222928
4359 222937
4360 223295
4361 223518
4362 223090
4363 222537
4364 223185
4365 223031
4366 222963
4367 222983
4368 223537
4369 222885
4370 223187
4371 223419
4372 223049
4373 223570
4374 223066
4375 223278
4376 223092
4377 222998
4378 223071
4379 223158
4380 223334
4381 223326
4382 223366
4383 223546
4384 223389
4385 223084
4386 223904
4387 223850
4388 223657
4389 223720
4390 223407
4391 223829
4392 223808
4393 223430
4394 223739
4395 223663
4396 223989
4397 223671
4398 223702
4399 224167
4400 223687
4401 223610
4402 223349
4403 223416
4404 223468
4405 223334
4406 224144
4407 223891
4408 223301
4409 223204
4410 223573
4411 223269
4412 223780
4413 223366
4414 223629
4415 223813
4416 223381
4417 223341
4418 223682
4419 223910
4420 223906
4421 223426
4422 224424
4423 223484
4424 223635
4425 223859
4426 223870
4427 223537
4428 223563
4429 223822
4430 223936
4431 223818
4432 223966
4433 223797
4434 223177
4435 223736
4436 223912
4437 223277
4438 223230
4439 223814
4440 223762
4441 222852
4442 223365
4443 223155
4444 223417
4445 223014
4446 223323
4447 223228
4448 223706
4449 223151
4450 223804
4451 223488
4452 223747
4453 223766
4454 223796
4455 223519
4456 223731
4457 223758
4458 223395
4459 223975
4460 223738
4461 223512
4462 223508
4463 223898
4464 223928
4465 224298
4466 223649
4467 223925
4468 223735
4469 223544
4470 223574
4471 224155
4472 224061
4473 223845
4474 224242
4475 224090
4476 223762
4477 223794
4478 224073
4479 223787
4480 223578
4481 223811
4482 224328
4483 224441
4484 224104
4485 223922
4486 224140
4487 224216
4488 223965
4489 223931
4490 223911
4491 223674
4492 224397
4493 224105
4494 223955
4495 223801
4496 223941
4497 223543
4498 223846
4499 223755
4500 224230
4501 223745
4502 223875
4503 224250
4504 223755
4505 224298
4506 224436
4507 223971
4508 224410
4509 224177
4510 224397
4511 223865
4512 224318
4513 223773
4514 224248
4515 223946
4516 223847
4517 223765
4518 223695
4519 223943
4520 224047
4521 224051
4522 223658
4523 223850
4524 224880
4525 224092
4526 224380
4527 224220
4528 223503
4529 224784
4530 224285
4531 223973
4532 224469
4533 224301
4534 224169
4535 223817
4536 224406
4537 224712
4538 224282
4539 224326
4540 224209
4541 224479
4542 224617
4543 224187
4544 224415
4545 224209
4546 224998
4547 224788
4548 224156
4549 223980
4550 224403
4551 224315
4552 224671
4553 224700
4554 224680
4555 224712
4556 224569
4557 224216
4558 224724
4559 224042
4560 224802
4561 224259
4562 224402
4563 225010
4564 224679
4565 224258
4566 224259
4567 224698
4568 224618
4569 224196
4570 224432
4571 224208
4572 224519
4573 224286
4574 223916
4575 224428
4576 224079
4577 224190
4578 224276
4579 224604
4580 224168
4581 223838
4582 223790
4583 224154
4584 224197
4585 224006
4586 224555
4587 224589
4588 224281
4589 224106
4590 224614
4591 224008
4592 224259
4593 224339
4594 224625
4595 224205
4596 224630
4597 223683
4598 224927
4599 224844
4600 224321
4601 224057
4602 224190
4603 224025
4604 224808
4605 224096
4606 224186
4607 224252
4608 224552
4609 224663
4610 224038
4611 224881
4612 224754
4613 224405
4614 224297
4615 224356
4616 223985
4617 223983
4618 224924
4619 224515
4620 224155
4621 224049
4622 224601
4623 224302
4624 224249
4625 224579
4626 224626
4627 224578
4628 224271
4629 224372
4630 224695
4631 224302
4632 223824
4633 224732
4634 224128
4635 224334
4636 224310
4637 224397
4638 224237
4639 224681
4640 224423
4641 223755
4642 224939
4643 224355
4644 224579
4645 224475
4646 224704
4647 224788
4648 224668
4649 224023
4650 224648
4651 224310
4652 224236
4653 224915
4654 224382
4655 224434
4656 224100
4657 224451
4658 224741
4659 224115
4660 224629
4661 224540
4662 224222
4663 224545
4664 224041
4665 224880
4666 224287
4667 224418
4668 224763
4669 224762
4670 224810
4671 224575
4672 224064
4673 224805
4674 224416
4675 224765
4676 224337
4677 224944
4678 224536
4679 224977
4680 224523
4681 224039
4682 224451
4683 224700
4684 224241
4685 224860
4686 224542
4687 223917
4688 224734
4689 224575
4690 224292
4691 224466
4692 224512
4693 224587
4694 224547
4695 224548
4696 224567
4697 224425
4698 224321
4699 224302
4700 224633
4701 224425
4702 224286
4703 224257
4704 224202
4705 224188
4706 224383
4707 224443
4708 224865
4709 224368
4710 224327
4711 224359
4712 224549
4713 224136
4714 224234
4715 224474
4716 224307
4717 224113
4718 225146
4719 224352
4720 224137
4721 224232
4722 224059
4723 224748
4724 224661
4725 224658
4726 225029
4727 224745
4728 224880
4729 224752
4730 224635
4731 224752
4732 224792
4733 224474
4734 224743
4735 224776
4736 225118
4737 224862
4738 224682
4739 224682
4740 224526
4741 224622
4742 225059
4743 224542
4744 225458
4745 225145
4746 225134
4747 224823
4748 224572
4749 225368
4750 225518
4751 224876
4752 224944
4753 224963
4754 224822
4755 225622
4756 224754
4757 225051
4758 225114
4759 225437
4760 225471
4761 225106
4762 225061
4763 224943
4764 224974
4765 225374
4766 225202
4767 224978
4768 225091
4769 225343
4770 225317
4771 224954
4772 225214
4773 224786
4774 226007
4775 225013
4776 225334
4777 225120
4778 225192
4779 224986
4780 225240
4781 225778
4782 224877
4783 224924
4784 224963
4785 224749
4786 225137
4787 225686
4788 225428
4789 225048
4790 225292
4791 224718
4792 224961
4793 225028
4794 224718
4795 225005
4796 224816
4797 225239
4798 224803
4799 225122
4800 225501
4801 224955
4802 225333
4803 224878
4804 225135
4805 225009
4806 225175
4807 224963
4808 225058
4809 224857
4810 225260
4811 224968
4812 225240
4813 224828
4814 225096
4815 224493
4816 224880
4817 225023
4818 225054
4819 225132
4820 224830
4821 225212
4822 225122
4823 225251
4824 224351
4825 225176
4826 224744
4827 225367
4828 225076
4829 224589
4830 225227
4831 224269
4832 224315
4833 225001
4834 224848
4835 224745
4836 224875
4837 225382
4838 224900
4839 224576
4840 224426
4841 224489
4842 224659
4843 224829
4844 224724
4845 224918
4846 224678
4847 225167
4848 224563
4849 224688
4850 224565
4851 224970
4852 224931
4853 224477
4854 224188
4855 224740
4856 224569
4857 224632
4858 224704
4859 225145
4860 224794
4861 224832
4862 224643
4863 225185
4864 224728
4865 224951
4866 224676
4867 224844
4868 224935
4869 224946
4870 224685
4871 224285
4872 224427
4873 225007
4874 225346
4875 224778
4876 224672
4877 224799
4878 224784
4879 224255
4880 224624
4881 224109
4882 224735
4883 224341
4884 224523
4885 224232
4886 224248
4887 224117
4888 224248
4889 223944
4890 224340
4891 225189
4892 224848
4893 224410
4894 224531
4895 224194
4896 224523
4897 224082
4898 224544
4899 224696
4900 224150
4901 224588
4902 224663
4903 224391
4904 224796
4905 224379
4906 224627
4907 224550
4908 224108
4909 224243
4910 224264
4911 224184
4912 224619
4913 223713
4914 224315
4915 224331
4916 224746
4917 224116
4918 224061
4919 224237
4920 224533
4921 224167
4922 224385
4923 224794
4924 224200
4925 224336
4926 224367
4927 224038
4928 224288
4929 224592
4930 224574
4931 223995
4932 224281
4933 224284
4934 224297
4935 223861
4936 223904
4937 224568
4938 224601
4939 224643
4940 224375
4941 224140
4942 224838
4943 223868
4944 224402
4945 224044
4946 224620
4947 224079
4948 224362
4949 224374
4950 224453
4951 223689
4952 223811
4953 224329
4954 224465
4955 224394
4956 224628
4957 223910
4958 224028
4959 224228
4960 224567
4961 224279
4962 224411
4963 224589
4964 224177
4965 224041
4966 224041
4967 223878
4968 224088
4969 223850
4970 223981
4971 224181
4972 224419
4973 223968
4974 224199
4975 224000
4976 224302
4977 224375
4978 224104
4979 224087
4980 224063
4981 223981
4982 224345
4983 224285
4984 223911
4985 223717
4986 223725
4987 224004
4988 224601
4989 223833
4990 224091
4991 224125
4992 223629
4993 224263
4994 223798
4995 223844
4996 224612
4997 224024
4998 223360
4999 223917
5000 224243
5001 224211
5002 223946
5003 224478
5004 223479
5005 223822
5006 223941
5007 223836
5008 224096
5009 224629
5010 223684
5011 223650
5012 224204
5013 224254
5014 224126
5015 224543
5016 223829
5017 224566
5018 224160
5019 224490
5020 224083
5021 224565
5022 223951
5023 224202
5024 224185
5025 223932
5026 224190
5027 224332
5028 224694
5029 224299
5030 224641
5031 224962
5032 224662
5033 224418
5034 224164
5035 224556
5036 224461
5037 224521
5038 225020
5039 224330
5040 224473
5041 224917
5042 224590
5043 224112
5044 224774
5045 224977
5046 225055
5047 224898
5048 224088
5049 224636
5050 225116
5051 224612
5052 224302
5053 224378
5054 224429
5055 224486
5056 224549
5057 224319
5058 224206
5059 224802
5060 224117
5061 224576
5062 223969
5063 224180
5064 224349
5065 223930
5066 224650
5067 224290
5068 224319
5069 223876
5070 223732
5071 223889
5072 224144
5073 224021
5074 223673
5075 223894
5076 223771
5077 223904
5078 224398
5079 223802
5080 223829
5081 223568
5082 223800
5083 224093
5084 223673
5085 223345
5086 222988
5087 223679
5088 224001
5089 223597
5090 223785
5091 223643
5092 223634
5093 224329
5094 224226
5095 224287
5096 223968
5097 223811
5098 223908
5099 224136
5100 223897
5101 223465
5102 223741
5103 223871
5104 224042
5105 223685
5106 223840
5107 223605
5108 223844
5109 223960
5110 223305
5111 223558
5112 224011
5113 223667
5114 223830
5115 223475
5116 223450
5117 223330
5118 223227
5119 223650
5120 223754
5121 223697
5122 223797
5123 223309
5124 223895
5125 223690
5126 223130
5127 223419
5128 223453
5129 223555
5130 223840
5131 223288
5132 224034
5133 223647
5134 224406
5135 223844
5136 223478
5137 223744
5138 223746
5139 223587
5140 223451
5141 224044
5142 223776
5143 223990
5144 223768
5145 224002
5146 223942
5147 223275
5148 223531
5149 223818
5150 223490
5151 223139
5152 223203
5153 223631
5154 223833
5155 223796
5156 224015
5157 223862
5158 223669
5159 224228
5160 223716
5161 223534
5162 223810
5163 223942
5164 223620
5165 223840
5166 223413
5167 223833
5168 223861
5169 223461
5170 223965
5171 224209
5172 223773
5173 223860
5174 223838
5175 223891
5176 223719
5177 223417
5178 223793
5179 224002
5180 223485
5181 223595
5182 223763
5183 223510
5184 223796
5185 223058
5186 223835
5187 223808
5188 223816
5189 223764
5190 224238
5191 223556
5192 223981
5193 223617
5194 223628
5195 223996
5196 223427
5197 223707
5198 223173
5199 223989
5200 223739
5201 224018
5202 223808
5203 223959
5204 223315
5205 223733
5206 223689
5207 223530
5208 223671
5209 223484
5210 223503
5211 223365
5212 223275
5213 223353
5214 223687
5215 223584
5216 223768
5217 223284
5218 223475
5219 223679
5220 223111
5221 223610
5222 223426
5223 223987
5224 223808
5225 223652
5226 223494
5227 223975
5228 224200
5229 223375
5230 223814
5231 223742
5232 223668
5233 224272
5234 223819
5235 223848
5236 224175
5237 224161
5238 223810
5239 224033
5240 224272
5241 223624
5242 223995
5243 223202
5244 223797
5245 224058
5246 223701
5247 223466
5248 223476
5249 223922
5250 223802
5251 223499
5252 223809
5253 223769
5254 224047
5255 223856
5256 223338
5257 223954
5258 223617
5259 223617
5260 223709
5261 223671
5262 223377
5263 223578
5264 224103
5265 223286
5266 223935
5267 223618
5268 223683
5269 223474
5270 223499
5271 224239
5272 223924
5273 223669
5274 224328
5275 223945
5276 224059
5277 223949
5278 224082
5279 223622
5280 224210
5281 223383
5282 223795
5283 223452
5284 223858
5285 223678
5286 223556
5287 224309
5288 223962
5289 224016
5290 224189
5291 224162
5292 223787
5293 223665
5294 223808
5295 224016
5296 224475
5297 223719
5298 223876
5299 223697
5300 223433
5301 224188
5302 223604
5303 224181
5304 224189
5305 223564
5306 223613
5307 223937
5308 223637
5309 223509
5310 223664
5311 223289
5312 223336
5313 223846
5314 223851
5315 223548
5316 223845
5317 223894
5318 223285
5319 224111
5320 223790
5321 223992
5322 224166
5323 223922
5324 224162
5325 224295
5326 223869
5327 223867
5328 223654
5329 223896
5330 224312
5331 223929
5332 224334
5333 224135
5334 223638
5335 224268
5336 224265
5337 223671
5338 224375
5339 223904
5340 224296
5341 224155
5342 223975
5343 224264
5344 223866
5345 224387
5346 224114
5347 224349
5348 224256
5349 224019
5350 224373
5351 224219
5352 224231
5353 224212
5354 223838
5355 223854
5356 224020
5357 224561
5358 224545
5359 224104
5360 224579
5361 224111
5362 224328
5363 224364
5364 224350
5365 223904
5366 224170
5367 224175
5368 224085
5369 224731
5370 224520
5371 225016
5372 224513
5373 224205
5374 224526
5375 224157
5376 224177
5377 224572
5378 224358
5379 224610
5380 224571
5381 224738
5382 224150
5383 224396
5384 224304
5385 224782
5386 225003
5387 224352
5388 225087
5389 224292
5390 224680
5391 225054
5392 224718
5393 224506
5394 224538
5395 224657
5396 224715
5397 225047
5398 224890
5399 224773
5400 225160
5401 224174
5402 224863
5403 224742
5404 224519
5405 224826
5406 224671
5407 225109
5408 224331
5409 224371
5410 224652
5411 224924
5412 224481
5413 224604
5414 224356
5415 224899
5416 224728
5417 224469
5418 224553
5419 224334
5420 224358
5421 224393
5422 224319
5423 224668
5424 224638
5425 224495
5426 224830
5427 224865
5428 224462
5429 224935
5430 224902
5431 224868
5432 224918
5433 224800
5434 224806
5435 224768
5436 224965
5437 224867
5438 225032
5439 224855
5440 224601
5441 225030
5442 224351
5443 225322
5444 225250
5445 224879
5446 224789
5447 225196
5448 224782
5449 224967
5450 225040
5451 224655
5452 225143
5453 225005
5454 225056
5455 225568
5456 224784
5457 224767
5458 224789
5459 225390
5460 225106
5461 224857
5462 225171
5463 225486
5464 225094
5465 224927
5466 225034
5467 225307
5468 224898
5469 224964
5470 225208
5471 225072
5472 225591
5473 225378
5474 225275
5475 225605
5476 225422
5477 225186
5478 225420
5479 224629
5480 224991
5481 225581
5482 225560
5483 224695
5484 225235
5485 224895
5486 225329
5487 225645
5488 225093
5489 225580
5490 225403
5491 225893
5492 225524
5493 225394
5494 225378
5495 225342
5496 225741
5497 225245
5498 225517
5499 225259
5500 225452
5501 225529
5502 225165
5503 225090
5504 225569
5505 225755
5506 225484
5507 225212
5508 225412
5509 225255
5510 225530
5511 225300
5512 225562
5513 225520
5514 226061
5515 225641
5516 225240
5517 225194
5518 226045
5519 225349
5520 225542
5521 226345
5522 225366
5523 225382
5524 225620
5525 225774
5526 225605
5527 225850
5528 226467
5529 225735
5530 225783
5531 225702
5532 225550
5533 226082
5534 225901
5535 226323
5536 226680
5537 226151
5538 226254
5539 226051
5540 226532
5541 226534
5542 226163
5543 226721
5544 225961
5545 226767
5546 226439
5547 226506
5548 226854
5549 226573
5550 226850
5551 226106
5552 226855
5553 226445
5554 226683
5555 226965
5556 226888
5557 227201
5558 226641
5559 226365
5560 226875
5561 227216
5562 227043
5563 226451
5564 226788
5565 227092
5566 226857
5567 227077
5568 227058
5569 227281
5570 227210
5571 226794
5572 226353
5573 226670
5574 226652
5575 226530
5576 226645
5577 227039
5578 226810
5579 226394
5580 226671
5581 227114
5582 226340
5583 226534
5584 226626
5585 226607
5586 226254
5587 226569
5588 226907
5589 226800
5590 226801
5591 226323
5592 226696
5593 226400
5594 226433
5595 226494
5596 226806
5597 226372
5598 226343
5599 227350
5600 226407
5601 226220
5602 226354
5603 226291
5604 226382
5605 226386
5606 226494
5607 226272
5608 226451
5609 226503
5610 226779
5611 226163
5612 226527
5613 226532
5614 226856
5615 226678
5616 226487
5617 226257
5618 227145
5619 226887
5620 226231
5621 226704
5622 226591
5623 226506
5624 226710
5625 226707
5626 226825
5627 226379
5628 226787
5629 225942
5630 226639
5631 226397
5632 226667
5633 226791
5634 227132
5635 226475
5636 227080
5637 226901
5638 226948
5639 226815
5640 227054
5641 226612
5642 226464
5643 226665
5644 226797
5645 226820
5646 227367
5647 226775
5648 227120
5649 226667
5650 227364
5651 227099
5652 227063
5653 227033
5654 227070
5655 226734
5656 226658
5657 226894
5658 226740
5659 226273
5660 226605
5661 226421
5662 226210
5663 226466
5664 226452
5665 226613
5666 226445
5667 226399
5668 226499
5669 226072
5670 226123
5671 226155
5672 226244
5673 226461
5674 226848
5675 226898
5676 226741
5677 226667
5678 226645
5679 226627
5680 227149
5681 226926
5682 226687
5683 227143
5684 227248
5685 226989
5686 226930
5687 227033
5688 226980
5689 227248
5690 226499
5691 227182
5692 226705
5693 227288
5694 227793
5695 227201
5696 227322
5697 227133
5698 226939
5699 227589
5700 227330
5701 227362
5702 227022
5703 227457
5704 227241
5705 227406
5706 227127
5707 227547
5708 227214
5709 226904
5710 227778
5711 226905
5712 227283
5713 227088
5714 227204
5715 228006
5716 227145
5717 227200
5718 227152
5719 227246
5720 227581
5721 227111
5722 227527
5723 227588
5724 227136
5725 227551
5726 227831
5727 227752
5728 227501
5729 227358
5730 227644
5731 227398
5732 227254
5733 227463
5734 227660
5735 227877
5736 227257
5737 227421
5738 227900
5739 227974
5740 227909
5741 227497
5742 227128
5743 227549
5744 227769
5745 227783
5746 228007
5747 227484
5748 227529
5749 227325
5750 228236
5751 227080
5752 227103
5753 228008
5754 227271
5755 227493
5756 227151
5757 227454
5758 227008
5759 227921
5760 227658
5761 227270
5762 227766
5763 227619
5764 227344
5765 227129
5766 227800
5767 227515
5768 227412
5769 227295
5770 227221
5771 228371
5772 227505
5773 226987
5774 227050
5775 227748
5776 227644
5777 227994
5778 227799
5779 227543
5780 227392
5781 227519
5782 228062
5783 228063
5784 227671
5785 227775
5786 227941
5787 227745
5788 227543
5789 227111
5790 227502
5791 227932
5792 227311
5793 228259
5794 227916
5795 228067
5796 228068
5797 228279
5798 227813
5799 227703
5800 227333
5801 228108
5802 227842
5803 227864
5804 227735
5805 228048
5806 228241
5807 227876
5808 228418
5809 227853
5810 228261
5811 228188
5812 228104
5813 228366
5814 228238
5815 227958
5816 228669
5817 228522
5818 227895
5819 228408
5820 228370
5821 227899
5822 228548
5823 227944
5824 228165
5825 228032
5826 227543
5827 228318
5828 227904
5829 227836
5830 228060
5831 228057
5832 228591
5833 228304
5834 228070
5835 227954
5836 228143
5837 228332
5838 227975
5839 228606
5840 228273
5841 228443
5842 228100
5843 228723
5844 228163
5845 228520
5846 228178
5847 228146
5848 227594
5849 228300
5850 227852
5851 228236
5852 227767
5853 227611
5854 227780
5855 228269
5856 228073
5857 228537
5858 227675
5859 228285
5860 228399
5861 228021
5862 227919
5863 227785
5864 228516
5865 228507
5866 227889
5867 228188
5868 227966
5869 228184
5870 227467
5871 228218
5872 227521
5873 227963
5874 228439
5875 228408
5876 228280
5877 228113
5878 227814
5879 228466
5880 228533
5881 228081
5882 228115
5883 228052
5884 227732
5885 227735
5886 228159
5887 228076
5888 227991
5889 228071
5890 227943
5891 227855
5892 227628
5893 227672
5894 227930
5895 227939
5896 228216
5897 227984
5898 227923
5899 227426
5900 228069
5901 227896
5902 228152
5903 228167
5904 228224
5905 228161
5906 227813
5907 227751
5908 227922
5909 227516
5910 227711
5911 227793
5912 227424
5913 227993
5914 227659
5915 227844
5916 227840
5917 227730
5918 228163
5919 228298
5920 228059
5921 227797
5922 228120
5923 227814
5924 227638
5925 228090
5926 227860
5927 227961
5928 228388
5929 228091
5930 227714
5931 227850
5932 228053
5933 227711
5934 227897
5935 227790
5936 227900
5937 228077
5938 227433
5939 228169
5940 227860
5941 227909
5942 228141
5943 228061
5944 228077
5945 227965
5946 227849
5947 228306
5948 227696
5949 228326
5950 228024
5951 228238
5952 228259
5953 227958
5954 227827
5955 228233
5956 228352
5957 227853
5958 228242
5959 227638
5960 228160
5961 227743
5962 227987
5963 228156
5964 227743
5965 228078
5966 227989
5967 228142
5968 227974
5969 227489
5970 228228
5971 228135
5972 228318
5973 228235
5974 227850
5975 228078
5976 228007
5977 228208
5978 227876
5979 228079
5980 228093
5981 227983
5982 227725
5983 228041
5984 227682
5985 227741
5986 227862
5987 227514
5988 228083
5989 227725
5990 227446
5991 227762
5992 227895
5993 228244
5994 228087
5995 227994
5996 228098
5997 227473
5998 228329
5999 227676
6000 228020
6001 228061
6002 228269
6003 227608
6004 228158
6005 228013
6006 227532
6007 227810
6008 227507
6009 228274
6010 228002
6011 227862
6012 228151
6013 228121
6014 228075
6015 228338
6016 228409
6017 228010
6018 227971
6019 228243
6020 228641
6021 228574
6022 228438
6023 228115
6024 228283
6025 228965
6026 227949
6027 228319
6028 228884
6029 228481
6030 228619
6031 228888
6032 229107
6033 229485
6034 229231
6035 228547
6036 228318
6037 228371
6038 228670
6039 228837
6040 228762
6041 228426
6042 229009
6043 228980
6044 228453
6045 229168
6046 228644
6047 228889
6048 229208
6049 228663
6050 228667
6051 229339
6052 228745
6053 228738
6054 228462
6055 228383
6056 228288
6057 229240
6058 228496
6059 228783
6060 228672
6061 228041
6062 228243
6063 228374
6064 228123
6065 228620
6066 228587
6067 228532
6068 227853
6069 228623
6070 227746
6071 228155
6072 228523
6073 227873
6074 227853
6075 227690
6076 228060
6077 227548
6078 227522
6079 227734
6080 226989
6081 227307
6082 227550
6083 227169
6084 226895
6085 227397
6086 227537
6087 227374
6088 227196
6089 227409
6090 227272
6091 227670
6092 227180
6093 226830
6094 227741
6095 227409
6096 227555
6097 227471
6098 226780
6099 227440
6100 227844
6101 227582
6102 227479
6103 227248
6104 227257
6105 227399
6106 226878
6107 227358
6108 227598
6109 227498
6110 227483
6111 227167
6112 227388
6113 226739
6114 227292
6115 227011
6116 227344
6117 227212
6118 227583
6119 227514
6120 227114
6121 227623
6122 227545
6123 227484
6124 227021
6125 227244
6126 227367
6127 227275
6128 227341
6129 227597
6130 227336
6131 227200
6132 227269
6133 227344
6134 227061
