H11890
GateTime 10
GateNumber 0
SN 30430302
0 207927
1 208912
2 208486
3 208276
4 207752
5 208905
6 208437
7 208271
8 208664
9 208772
10 208589
11 208507
12 208791
13 208261
14 208888
15 208670
16 208631
17 208389
18 209011
19 208845
20 208277
21 208932
22 208413
23 208172
24 208210
25 209280
26 208752
27 208852
28 208302
29 208499
30 208723
31 208434
32 208747
33 208038
34 208107
35 208925
36 208850
37 208731
38 208995
39 208641
40 208650
41 208277
42 209064
43 208375
44 208615
45 208149
46 208364
47 208730
48 208425
49 208461
50 208663
51 208383
52 208393
53 208145
54 208315
55 208061
56 208371
57 208581
58 208158
59 208846
60 208705
61 208715
62 208910
63 208452
64 208313
65 208773
66 208175
67 208600
68 208400
69 208091
70 208871
71 208668
72 209243
73 208748
74 207931
75 207885
76 208586
77 209066
78 208648
79 208740
80 208608
81 208543
82 208771
83 208866
84 208541
85 207985
86 208469
87 208292
88 208224
89 208518
90 208501
91 208377
92 208721
93 208736
94 208411
95 208689
96 208889
97 208909
98 208652
99 208992
100 209012
101 208571
102 208785
103 208727
104 208660
105 208972
106 208991
107 209063
108 209276
109 209103
110 208908
111 208776
112 209312
113 208891
114 209264
115 209055
116 208621
117 209318
118 208779
119 209305
120 209960
121 209059
122 209110
123 209208
124 209436
125 208796
126 209551
127 209487
128 209367
129 209680
130 209725
131 209651
132 209815
133 209563
134 209335
135 208915
136 209845
137 209653
138 209773
139 209180
140 209167
141 209761
142 209634
143 209578
144 208898
145 209646
146 209608
147 209782
148 209304
149 209676
150 210006
151 209763
152 209923
153 209607
154 209594
155 209918
156 210456
157 209391
158 210203
159 209427
160 209802
161 209887
162 209384
163 209731
164 209924
165 209627
166 209741
167 209576
168 210320
169 210046
170 209811
171 209899
172 210878
173 210084
174 209635
175 209992
176 210447
177 210059
178 210052
179 209894
180 209936
181 210908
182 210473
183 210048
184 210245
185 210084
186 210491
187 210145
188 210288
189 210548
190 210692
191 210553
192 210465
193 210262
194 209920
195 210564
196 210443
197 210461
198 210674
199 210346
200 209701
201 210323
202 210265
203 210362
204 210754
205 210346
206 211015
207 211176
208 210421
209 211090
210 210595
211 210306
212 211208
213 210886
214 210314
215 211152
216 210411
217 210852
218 210384
219 210182
220 210170
221 210689
222 210338
223 210781
224 210834
225 211084
226 210893
227 211250
228 211009
229 211020
230 211194
231 211080
232 210900
233 210993
234 211028
235 210640
236 211177
237 210866
238 211555
239 211312
240 211187
241 211179
242 211154
243 211124
244 211093
245 210892
246 210373
247 210751
248 211411
249 211295
250 211324
251 211450
252 211505
253 211318
254 211632
255 211701
256 211732
257 211234
258 211249
259 211455
260 211025
261 211470
262 211876
263 211817
264 211911
265 211580
266 211304
267 211493
268 211333
269 211801
270 212216
271 211797
272 211203
273 211390
274 211593
275 211908
276 211343
277 211081
278 211016
279 211658
280 211022
281 211299
282 212137
283 211362
284 211359
285 210883
286 211414
287 211355
288 211445
289 211351
290 211444
291 211519
292 211357
293 211750
294 211093
295 211735
296 211808
297 211483
298 211276
299 211695
300 211497
301 211676
302 211827
303 211419
304 211583
305 211383
306 211248
307 211424
308 211596
309 211150
310 212208
311 211847
312 211480
313 211810
314 211495
315 212072
316 211918
317 211718
318 211704
319 211539
320 212191
321 211796
322 211858
323 211758
324 211822
325 212339
326 211744
327 211817
328 211936
329 212114
330 212141
331 212312
332 211886
333 212712
334 211710
335 211867
336 211830
337 211723
338 211926
339 211889
340 212147
341 211857
342 212143
343 211771
344 211953
345 211870
346 212087
347 212042
348 212148
349 212385
350 212439
351 211811
352 212002
353 211788
354 211872
355 211543
356 211893
357 211742
358 212379
359 212167
360 211925
361 212083
362 211906
363 211763
364 212633
365 212398
366 211986
367 211937
368 212033
369 212296
370 211827
371 212117
372 212374
373 211657
374 211898
375 212094
376 211972
377 212108
378 211825
379 211894
380 211990
381 211588
382 212076
383 211514
384 211942
385 212330
386 212198
387 212178
388 211935
389 212019
390 212441
391 211839
392 212585
393 211882
394 212777
395 211795
396 211771
397 212356
398 212167
399 212065
400 212459
401 212333
402 212169
403 212525
404 212187
405 212625
406 211818
407 212511
408 212018
409 212069
410 211887
411 212543
412 212391
413 212527
414 211839
415 212337
416 212203
417 212263
418 212477
419 211670
420 212032
421 212870
422 212050
423 213005
424 212653
425 212660
426 212871
427 212309
428 212357
429 212029
430 211948
431 212300
432 211978
433 212179
434 212469
435 212713
436 211713
437 212824
438 212201
439 212125
440 213041
441 212490
442 212643
443 212201
444 212088
445 212459
446 212841
447 212001
448 212354
449 212594
450 212570
451 212508
452 212191
453 212622
454 211916
455 212641
456 212573
457 212100
458 212674
459 213150
460 212203
461 212518
462 212279
463 212329
464 212725
465 212923
466 212643
467 212312
468 212814
469 212505
470 212526
471 212592
472 212368
473 212392
474 212313
475 212875
476 212759
477 212935
478 212780
479 212601
480 212242
481 213190
482 213104
483 212892
484 212836
485 212772
486 212905
487 212282
488 212491
489 212399
490 212569
491 212797
492 212452
493 213299
494 212692
495 212509
496 212810
497 212644
498 212378
499 212572
500 212624
501 212455
502 212130
503 212509
504 212410
505 212441
506 212254
507 212216
508 212159
509 212289
510 212246
511 212803
512 212679
513 212639
514 212999
515 212497
516 212138
517 212858
518 212248
519 212535
520 212530
521 212494
522 212676
523 212031
524 211973
525 212275
526 212773
527 212107
528 212990
529 212766
530 212534
531 212292
532 212211
533 212049
534 212529
535 212083
536 212899
537 212495
538 212176
539 212537
540 211940
541 211902
542 211944
543 212392
544 212195
545 212388
546 212138
547 212296
548 212725
549 212330
550 212204
551 211855
552 212094
553 211964
554 212308
555 212059
556 212409
557 212443
558 211952
559 211908
560 212299
561 211644
562 211771
563 211854
564 212163
565 212288
566 211716
567 212273
568 212080
569 212025
570 211838
571 211435
572 212520
573 212026
574 211737
575 211925
576 211991
577 211851
578 211646
579 211589
580 212080
581 211896
582 212008
583 211692
584 211279
585 211817
586 211277
587 211776
588 211437
589 212069
590 211780
591 211726
592 211682
593 211874
594 211693
595 211701
596 211701
597 211849
598 211991
599 211244
600 211907
601 211717
602 211576
603 211762
604 211728
605 211635
606 211673
607 212265
608 211729
609 211906
610 211242
611 211761
612 211682
613 211685
614 211629
615 211363
616 211606
617 211360
618 211215
619 211538
620 211648
621 211601
622 211356
623 211272
624 211132
625 211696
626 211750
627 211584
628 211790
629 211396
630 211314
631 211409
632 211877
633 211754
634 211848
635 211545
636 211803
637 211412
638 211288
639 211677
640 211090
641 211391
642 211658
643 211121
644 211350
645 211602
646 211544
647 211419
648 211551
649 211523
650 211195
651 210610
652 211497
653 211301
654 211407
655 211324
656 211894
657 211754
658 211182
659 211587
660 211004
661 210634
662 211441
663 211215
664 210553
665 211188
666 211140
667 211320
668 211143
669 211360
670 210595
671 210577
672 210988
673 210536
674 210803
675 210639
676 210496
677 211302
678 210599
679 210343
680 210372
681 210809
682 210543
683 210649
684 210197
685 210484
686 211005
687 210347
688 210584
689 210710
690 210835
691 210410
692 210864
693 210899
694 210512
695 210255
696 211042
697 210593
698 210471
699 210168
700 210641
701 210703
702 211140
703 211020
704 210847
705 211153
706 210439
707 210952
708 210719
709 210774
710 210947
711 210241
712 211397
713 211128
714 210697
715 210382
716 210782
717 210244
718 210752
719 210807
720 210823
721 211042
722 210583
723 210972
724 210918
725 210720
726 210764
727 210898
728 210922
729 210829
730 210485
731 210617
732 210700
733 210815
734 211084
735 210526
736 210801
737 210590
738 210755
739 211231
740 210819
741 210610
742 210951
743 210515
744 210474
745 210793
746 210581
747 210761
748 210400
749 210391
750 210626
751 210313
752 210884
753 211106
754 210677
755 210417
756 210244
757 210810
758 210534
759 210868
760 210991
761 210817
762 209946
763 210442
764 210495
765 211123
766 210863
767 211528
768 210734
769 210562
770 210710
771 210500
772 210414
773 210561
774 210611
775 210336
776 210370
777 209954
778 209906
779 209932
780 209933
781 210384
782 210392
783 210341
784 210617
785 210007
786 210274
787 210504
788 210041
789 210670
790 210156
791 210835
792 210382
793 210393
794 209698
795 210244
796 210020
797 210196
798 210035
799 210055
800 210480
801 209832
802 210085
803 209692
804 209892
805 209874
806 210257
807 209901
808 210062
809 210266
810 210108
811 210644
812 210336
813 209448
814 209875
815 209867
816 209938
817 209668
818 209956
819 210155
820 209707
821 209770
822 209553
823 209440
824 209995
825 209998
826 210344
827 209940
828 209886
829 210154
830 209430
831 209429
832 210228
833 209560
834 209298
835 209867
836 209952
837 210009
838 210052
839 209384
840 210111
841 209464
842 209733
843 209719
844 209711
845 209675
846 210010
847 209543
848 209183
849 209821
850 209932
851 209329
852 209823
853 209728
854 210090
855 209578
856 210229
857 209704
858 209800
859 209540
860 209867
861 209483
862 209584
863 209808
864 209816
865 209387
866 209785
867 209649
868 209403
869 209926
870 209433
871 209405
872 209891
873 209207
874 209513
875 209367
876 208796
877 209906
878 209222
879 209002
880 209433
881 209825
882 209667
883 209642
884 210087
885 209611
886 209716
887 209922
888 209841
889 209935
890 209950
891 209828
892 209877
893 209804
894 209830
895 209512
896 209175
897 209536
898 209356
899 209645
900 209857
901 209381
902 209401
903 209681
904 209712
905 209466
906 209860
907 209737
908 209718
909 209440
910 209634
911 209757
912 209555
913 209484
914 209381
915 209512
916 209476
917 208786
918 209800
919 209579
920 209512
921 209176
922 209884
923 208489
924 209586
925 209321
926 209368
927 209482
928 209744
929 209236
930 209385
931 209830
932 209710
933 209529
934 209587
935 209458
936 209891
937 209999
938 209545
939 209577
940 209524
941 209307
942 209401
943 210024
944 209493
945 209746
946 209176
947 209557
948 209570
949 209471
950 209777
951 209485
952 210011
953 209377
954 209280
955 209582
956 209558
957 209911
958 209654
959 209472
960 209335
961 209450
962 209747
963 209481
964 209634
965 209580
966 209248
967 209710
968 209412
969 209770
970 209053
971 209994
972 209520
973 209827
974 209788
975 209454
976 209897
977 209857
978 209801
979 209379
980 209507
981 209591
982 209758
983 209201
984 209862
985 209537
986 209171
987 209358
988 210000
989 209700
990 209370
991 209795
992 209910
993 209720
994 209239
995 209483
996 209114
997 209651
998 208975
999 209586
1000 209725
1001 209812
1002 210032
1003 209844
1004 209486
1005 209648
1006 209907
1007 209208
1008 210246
1009 209910
1010 209747
1011 209105
1012 209845
1013 209615
1014 209711
1015 208873
1016 209645
1017 209673
1018 209641
1019 210063
1020 209950
1021 209724
1022 209695
1023 210025
1024 210144
1025 209740
1026 209915
1027 209834
1028 210225
1029 210292
1030 209972
1031 210377
1032 210247
1033 210462
1034 209838
1035 210089
1036 210580
1037 210761
1038 210165
1039 209516
1040 210448
1041 210771
1042 210072
1043 210584
1044 210082
1045 210977
1046 210568
1047 210851
1048 210269
1049 211065
1050 210769
1051 210457
1052 210854
1053 210684
1054 210725
1055 210300
1056 210633
1057 210817
1058 210769
1059 210689
1060 210813
1061 211035
1062 210294
1063 210443
1064 210972
1065 210689
1066 211034
1067 211201
1068 211107
1069 210853
1070 210758
1071 210949
1072 210902
1073 210662
1074 210318
1075 210699
1076 211204
1077 210689
1078 211275
1079 210525
1080 210530
1081 210842
1082 210382
1083 211116
1084 211320
1085 210703
1086 210851
1087 210945
1088 211100
1089 210804
1090 210985
1091 211062
1092 210707
1093 210960
1094 210497
1095 211211
1096 210645
1097 210829
1098 211486
1099 210958
1100 210854
1101 210786
1102 211064
1103 211184
1104 210904
1105 211178
1106 211131
1107 211352
1108 211214
1109 211129
1110 211184
1111 211205
1112 211457
1113 211080
1114 211177
1115 211470
1116 211419
1117 210810
1118 211334
1119 210858
1120 211657
1121 211267
1122 211165
1123 211022
1124 211352
1125 211161
1126 211163
1127 210931
1128 211116
1129 211500
1130 211065
1131 211257
1132 211136
1133 211450
1134 211631
1135 211495
1136 211158
1137 211103
1138 211495
1139 211216
1140 211791
1141 211478
1142 211539
1143 211548
1144 211259
1145 211100
1146 211641
1147 211702
1148 212161
1149 211562
1150 211741
1151 211389
1152 211099
1153 211785
1154 211668
1155 211708
1156 211431
1157 211442
1158 211579
1159 211917
1160 211919
1161 211589
1162 211169
1163 211701
1164 211845
1165 211265
1166 212135
1167 211812
1168 212033
1169 211907
1170 211818
1171 211839
1172 212467
1173 211993
1174 212200
1175 212428
1176 211750
1177 212605
1178 211633
1179 212499
1180 212132
1181 211717
1182 211974
1183 212381
1184 212059
1185 212327
1186 212051
1187 212379
1188 212249
1189 212368
1190 212419
1191 212042
1192 212689
1193 212914
1194 212798
1195 212265
1196 212921
1197 212852
1198 212070
1199 212894
1200 212664
1201 212531
1202 212745
1203 212611
1204 212941
1205 212235
1206 212554
1207 212649
1208 213034
1209 212961
1210 213047
1211 213319
1212 212957
1213 212839
1214 213033
1215 212991
1216 213064
1217 212957
1218 212677
1219 213219
1220 213386
1221 212927
1222 212678
1223 213559
1224 213142
1225 212934
1226 213735
1227 213094
1228 213363
1229 213358
1230 213523
1231 212596
1232 213006
1233 213346
1234 213234
1235 212799
1236 213701
1237 213592
1238 213408
1239 213391
1240 213154
1241 213938
1242 213287
1243 213560
1244 213008
1245 213921
1246 213704
1247 213867
1248 212984
1249 213574
1250 213493
1251 213879
1252 213653
1253 213989
1254 213259
1255 214000
1256 214062
1257 213591
1258 213895
1259 213653
1260 213796
1261 213794
1262 213513
1263 213904
1264 213954
1265 213934
1266 214024
1267 213393
1268 214016
1269 213891
1270 213961
1271 214294
1272 213907
1273 213654
1274 213965
1275 214283
1276 214215
1277 214510
1278 214347
1279 213817
1280 214255
1281 214437
1282 214453
1283 213953
1284 213888
1285 214334
1286 213789
1287 213939
1288 213895
1289 214014
1290 214153
1291 214313
1292 213755
1293 214019
1294 213863
1295 214230
1296 214022
1297 214357
1298 214349
1299 214101
1300 213802
1301 214108
1302 214621
1303 214138
1304 214374
1305 214188
1306 214095
1307 214047
1308 213747
1309 214607
1310 214514
1311 214165
1312 214268
1313 214476
1314 213988
1315 214598
1316 214020
1317 213887
1318 214648
1319 214196
1320 214152
1321 214246
1322 214689
1323 214132
1324 214617
1325 214372
1326 214890
1327 214399
1328 214313
1329 214355
1330 214929
1331 214599
1332 214553
1333 214837
1334 214746
1335 214849
1336 214993
1337 214526
1338 214623
1339 215125
1340 215177
1341 215075
1342 214429
1343 214501
1344 214679
1345 214815
1346 214750
1347 214748
1348 214971
1349 215464
1350 215309
1351 214934
1352 214883
1353 214958
1354 215254
1355 214971
1356 215086
1357 214892
1358 215246
1359 215386
1360 215494
1361 215633
1362 215458
1363 215771
1364 215081
1365 215030
1366 215938
1367 215618
1368 215873
1369 215652
1370 215707
1371 215467
1372 215708
1373 215323
1374 215491
1375 215326
1376 215331
1377 215448
1378 215751
1379 215346
1380 215557
1381 215168
1382 215771
1383 215506
1384 215845
1385 215755
1386 215611
1387 215770
1388 215911
1389 215669
1390 215954
1391 215994
1392 215933
1393 215591
1394 215428
1395 214738
1396 215382
1397 215688
1398 215586
1399 216027
1400 215789
1401 215881
1402 216210
1403 215743
1404 215455
1405 216463
1406 215861
1407 216038
1408 216267
1409 216133
1410 216275
1411 215818
1412 216292
1413 216360
1414 216238
1415 215562
1416 216094
1417 215976
1418 216633
1419 215711
1420 216015
1421 216393
1422 216655
1423 216336
1424 216282
1425 216299
1426 216279
1427 216072
1428 216344
1429 215827
1430 216404
1431 216091
1432 216480
1433 216405
1434 216506
1435 216335
1436 216836
1437 216637
1438 216104
1439 216351
1440 216215
1441 216943
1442 217004
1443 216454
1444 216752
1445 216957
1446 216225
1447 216452
1448 216983
1449 216831
1450 217109
1451 217474
1452 217113
1453 216862
1454 217150
1455 216525
1456 216827
1457 216987
1458 217177
1459 217301
1460 216440
1461 216593
1462 217363
1463 216994
1464 216944
1465 217199
1466 217182
1467 217292
1468 217281
1469 217209
1470 217219
1471 217596
1472 217288
1473 217463
1474 217400
1475 217184
1476 217151
1477 217259
1478 217176
1479 216890
1480 217165
1481 217179
1482 217136
1483 217462
1484 217750
1485 217689
1486 217017
1487 217158
1488 217800
1489 217790
1490 217220
1491 217779
1492 217359
1493 216958
1494 217188
1495 217658
1496 217628
1497 217637
1498 217386
1499 217614
1500 218010
1501 218050
1502 218061
1503 218432
1504 218171
1505 218325
1506 217995
1507 218273
1508 218240
1509 217983
1510 217684
1511 218052
1512 218158
1513 217706
1514 217630
1515 217540
1516 218335
1517 217792
1518 217629
1519 217542
1520 217478
1521 217874
1522 218770
1523 218069
1524 218233
1525 218060
1526 217837
1527 217753
1528 217955
1529 218053
1530 217439
1531 217693
1532 218095
1533 218103
1534 217795
1535 217834
1536 217767
1537 217543
1538 217990
1539 217944
1540 217999
1541 217784
1542 218111
1543 217919
1544 217494
1545 217912
1546 217765
1547 218354
1548 217856
1549 217650
1550 217884
1551 217686
1552 217689
1553 218374
1554 218767
1555 218074
1556 218224
1557 218433
1558 218417
1559 218388
1560 218821
1561 218012
1562 218160
1563 218427
1564 217975
1565 218132
1566 218333
1567 217820
1568 218089
1569 218604
1570 218627
1571 218304
1572 218182
1573 217846
1574 217926
1575 217770
1576 217692
1577 217896
1578 218364
1579 218176
1580 218191
1581 218343
1582 218632
1583 218217
1584 218570
1585 218133
1586 218016
1587 218204
1588 218339
1589 218668
1590 218206
1591 218148
1592 218349
1593 218341
1594 218665
1595 218359
1596 218141
1597 218303
1598 218119
1599 217742
1600 217892
1601 218582
1602 218062
1603 218034
1604 218302
1605 218016
1606 218856
1607 218089
1608 218508
1609 217888
1610 218172
1611 218176
1612 218177
1613 218262
1614 218038
1615 218318
1616 217929
1617 218182
1618 217810
1619 218158
1620 218362
1621 218631
1622 218682
1623 218229
1624 218472
1625 218546
1626 218498
1627 218598
1628 218242
1629 218576
1630 217590
1631 218194
1632 219084
1633 218058
1634 218454
1635 218176
1636 218507
1637 218496
1638 217844
1639 218195
1640 218709
1641 218749
1642 217533
1643 218210
1644 218339
1645 218229
1646 218640
1647 218402
1648 218410
1649 218359
1650 218146
1651 218387
1652 217579
1653 218449
1654 218249
1655 218229
1656 218090
1657 218060
1658 217837
1659 218175
1660 217860
1661 217221
1662 218030
1663 218349
1664 217675
1665 217921
1666 218331
1667 217716
1668 217798
1669 217886
1670 217886
1671 218335
1672 217836
1673 218045
1674 217969
1675 217869
1676 217407
1677 217801
1678 218711
1679 218164
1680 218228
1681 217793
1682 218796
1683 218066
1684 218425
1685 218356
1686 218037
1687 218551
1688 218242
1689 218683
1690 218495
1691 218602
1692 218346
1693 218445
1694 218624
1695 218335
1696 218537
1697 218477
1698 218975
1699 218383
1700 218379
1701 218571
1702 218712
1703 218505
1704 218724
1705 219016
1706 219232
1707 218808
1708 219371
1709 218759
1710 218872
1711 219495
1712 219150
1713 219202
1714 219057
1715 218766
1716 219081
1717 218601
1718 218234
1719 219170
1720 219244
1721 219082
1722 218958
1723 218690
1724 218983
1725 218620
1726 218975
1727 218578
1728 218911
1729 218927
1730 218980
1731 219020
1732 218751
1733 218814
1734 218910
1735 218925
1736 219103
1737 219064
1738 219072
1739 219350
1740 218788
1741 219072
1742 218837
1743 218918
1744 218826
1745 219572
1746 219327
1747 219616
1748 219196
1749 219373
1750 219577
1751 219519
1752 219060
1753 219864
1754 219796
1755 219762
1756 219669
1757 219928
1758 219622
1759 219655
1760 219601
1761 220115
1762 219516
1763 219619
1764 219981
1765 219417
1766 219215
1767 219437
1768 219019
1769 219437
1770 219600
1771 219388
1772 219199
1773 219342
1774 219370
1775 219310
1776 219309
1777 219171
1778 219570
1779 219400
1780 219375
1781 218899
1782 219674
1783 219289
1784 219302
1785 218869
1786 219104
1787 219020
1788 218874
1789 218875
1790 219102
1791 219388
1792 219676
1793 219318
1794 219009
1795 219276
1796 219529
1797 218927
1798 219438
1799 218645
1800 219559
1801 219643
1802 219558
1803 219896
1804 219535
1805 219766
1806 219600
1807 219508
1808 219463
1809 219559
1810 219437
1811 219467
1812 218969
1813 219075
1814 219085
1815 219453
1816 219618
1817 219384
1818 219077
1819 219383
1820 219319
1821 219596
1822 219007
1823 219326
1824 219125
1825 218726
1826 219282
1827 219596
1828 219339
1829 218995
1830 218888
1831 218761
1832 219220
1833 219131
1834 219429
1835 219173
1836 219082
1837 219534
1838 219509
1839 219175
1840 219372
1841 219372
1842 219199
1843 219061
1844 219435
1845 219780
1846 219921
1847 219062
1848 219774
1849 220184
1850 219542
1851 220130
1852 219693
1853 219247
1854 219742
1855 219629
1856 219495
1857 219344
1858 219565
1859 219576
1860 219459
1861 219451
1862 219480
1863 220015
1864 219512
1865 219675
1866 219366
1867 219682
1868 219779
1869 219102
1870 219734
1871 220309
1872 219528
1873 219306
1874 219822
1875 219040
1876 219733
1877 219495
1878 219272
1879 219619
1880 219654
1881 219464
1882 219557
1883 219580
1884 219626
1885 219483
1886 219846
1887 219839
1888 220155
1889 219948
1890 219591
1891 220152
1892 219473
1893 220186
1894 219779
1895 219817
1896 219796
1897 219995
1898 219734
1899 219879
1900 219530
1901 220197
1902 219939
1903 219981
1904 220201
1905 219849
1906 219987
1907 219573
1908 219827
1909 219610
1910 219776
1911 220478
1912 220160
1913 219893
1914 220654
1915 220436
1916 220323
1917 220720
1918 220357
1919 220832
1920 220144
1921 220394
1922 220404
1923 220619
1924 220989
1925 220299
1926 220824
1927 220572
1928 220716
1929 220535
1930 220727
1931 220796
1932 220033
1933 220224
1934 221041
1935 220072
1936 220567
1937 220295
1938 220538
1939 220645
1940 221207
1941 220741
1942 220552
1943 220650
1944 220608
1945 220604
1946 219922
1947 220727
1948 220425
1949 220814
1950 219886
1951 220517
1952 220379
1953 220533
1954 219930
1955 220495
1956 219969
1957 220221
1958 220396
1959 220286
1960 220729
1961 220574
1962 221042
1963 220324
1964 220394
1965 220319
1966 220575
1967 220387
1968 220240
1969 220576
1970 220709
1971 220839
1972 220962
1973 220952
1974 220690
1975 221064
1976 220899
1977 221063
1978 221039
1979 221118
1980 221214
1981 220711
1982 221337
1983 220560
1984 220646
1985 220844
1986 220254
1987 220561
1988 220477
1989 220665
1990 220911
1991 220567
1992 220533
1993 220158
1994 220309
1995 220669
1996 221053
1997 220788
1998 220838
1999 220411
2000 220607
2001 220767
2002 220331
2003 220331
2004 220342
2005 220069
2006 220111
2007 220134
2008 220431
2009 220283
2010 220256
2011 220254
2012 220419
2013 220456
2014 220814
2015 220878
2016 220516
2017 220721
2018 221060
2019 220871
2020 221197
2021 220976
2022 220940
2023 221478
2024 220915
2025 221412
2026 221347
2027 221605
2028 221508
2029 221578
2030 221587
2031 221284
2032 221311
2033 221694
2034 221151
2035 221731
2036 221549
2037 221477
2038 221220
2039 221256
2040 221212
2041 221332
2042 221521
2043 221821
2044 222126
2045 221985
2046 221773
2047 221620
2048 221716
2049 221671
2050 221745
2051 222129
2052 221904
2053 221990
2054 221489
2055 221585
2056 221616
2057 221702
2058 221258
2059 221969
2060 221349
2061 221601
2062 221538
2063 221640
2064 221683
2065 221663
2066 221162
2067 222028
2068 221267
2069 221645
2070 222042
2071 222151
2072 221283
2073 221855
2074 221791
2075 221590
2076 221894
2077 221537
2078 221914
2079 221371
2080 221751
2081 221669
2082 222067
2083 221603
2084 221621
2085 222084
2086 222248
2087 222644
2088 222376
2089 221437
2090 222394
2091 221807
2092 221842
2093 222427
2094 221653
2095 221917
2096 222550
2097 222388
2098 222167
2099 222736
2100 222201
2101 222286
2102 222555
2103 222226
2104 222366
2105 222590
2106 222544
2107 223127
2108 222888
2109 222223
2110 222291
2111 222267
2112 222851
2113 222497
2114 222295
2115 222388
2116 222996
2117 222895
2118 223174
2119 223316
2120 222914
2121 222266
2122 223222
2123 222952
2124 223082
2125 223381
2126 223496
2127 223160
2128 223551
2129 223433
2130 223502
2131 223826
2132 223631
2133 223711
2134 223115
2135 223369
2136 223034
2137 223070
2138 223225
2139 222649
2140 223208
2141 222763
2142 223274
2143 223303
2144 223129
2145 223279
2146 223794
2147 223291
2148 222887
2149 222818
2150 223330
2151 223532
2152 223507
2153 223406
2154 223309
2155 223258
2156 222892
2157 222737
2158 223310
2159 222791
2160 222986
2161 222879
2162 223440
2163 223277
2164 223179
2165 223106
2166 222743
2167 223254
2168 223333
2169 223322
2170 223081
2171 222849
2172 223373
2173 223651
2174 223408
2175 223530
2176 222877
2177 223082
2178 223360
2179 222799
2180 223767
2181 223811
2182 223713
2183 223643
2184 223542
2185 223522
2186 223957
2187 223227
2188 223816
2189 223563
2190 223502
2191 223697
2192 223676
2193 223689
2194 223807
2195 223663
2196 223728
2197 224035
2198 223635
2199 223436
2200 224161
2201 223867
2202 223907
2203 224414
2204 223659
2205 223995
2206 223981
2207 224390
2208 223986
2209 223909
2210 224107
2211 223827
2212 224276
2213 224425
2214 223995
2215 224256
2216 224324
2217 224355
2218 224342
2219 224512
2220 224898
2221 224516
2222 224531
2223 224497
2224 224985
2225 224337
2226 224346
2227 224517
2228 224356
2229 224615
2230 224564
2231 224741
2232 225148
2233 224759
2234 224536
2235 224678
2236 224809
2237 225347
2238 224917
2239 225419
2240 224681
2241 225278
2242 225439
2243 225608
2244 225596
2245 225788
2246 225888
2247 225943
2248 226108
2249 225934
2250 225649
2251 226331
2252 225448
2253 225839
2254 225613
2255 225606
2256 225622
2257 225613
2258 225512
2259 225908
2260 225770
2261 225794
2262 225322
2263 225482
2264 225448
2265 225363
2266 224910
2267 225656
2268 225473
2269 226081
2270 225627
2271 225767
2272 225430
2273 225798
2274 225758
2275 225796
2276 225707
2277 225605
2278 225169
2279 225225
2280 225679
2281 225114
2282 225810
2283 225797
2284 225186
2285 224870
2286 225271
2287 225039
2288 225366
2289 224930
2290 225200
2291 225213
2292 225244
2293 224953
2294 225197
2295 224938
2296 224690
2297 225261
2298 225499
2299 225385
2300 225430
2301 225624
2302 224902
2303 224570
2304 225208
2305 225277
2306 224963
2307 225174
2308 224987
2309 225506
2310 226015
2311 225257
2312 226035
2313 225100
2314 225298
2315 225443
2316 225696
2317 225671
2318 225493
2319 225286
2320 225857
2321 225323
2322 225375
2323 225475
2324 225480
2325 225996
2326 225701
2327 225774
2328 225347
2329 225605
2330 225743
2331 225655
2332 225829
2333 225537
2334 226061
2335 225765
2336 226247
2337 225964
2338 226242
2339 226281
2340 226005
2341 225378
2342 226346
2343 225720
2344 226075
2345 226315
2346 226394
2347 226258
2348 226111
2349 226025
2350 226406
2351 225521
2352 226228
2353 226624
2354 226145
2355 226318
2356 226677
2357 227108
2358 227144
2359 227242
2360 226886
2361 226926
2362 226575
2363 227445
2364 227143
2365 226679
2366 227126
2367 226880
2368 227466
2369 227245
2370 227029
2371 227648
2372 227057
2373 227030
2374 227524
2375 226984
2376 227251
2377 227640
2378 227366
2379 226983
2380 226986
2381 227325
2382 226859
2383 226894
2384 227003
2385 227145
2386 227205
2387 227538
2388 226978
2389 227067
2390 226787
2391 227007
2392 226844
2393 226851
2394 227478
2395 227289
2396 226863
2397 226821
2398 227107
2399 227077
2400 226944
2401 227058
2402 227443
2403 226214
2404 226596
2405 226724
2406 227218
2407 226525
2408 226580
2409 226086
2410 226604
2411 226062
2412 226321
2413 226783
2414 226618
2415 226432
2416 226434
2417 226500
2418 226088
2419 226511
2420 226470
2421 225466
2422 226038
2423 226228
2424 226428
2425 226194
2426 226478
2427 226269
2428 226592
2429 226223
2430 226313
2431 226541
2432 226438
2433 225972
2434 226284
2435 226655
2436 226537
2437 225814
2438 226912
2439 225973
2440 226258
2441 226280
2442 226190
2443 226409
2444 226586
2445 226301
2446 226538
2447 226692
2448 226274
2449 226325
2450 225947
2451 226122
2452 226943
2453 226258
2454 226455
2455 226614
2456 226463
2457 226157
2458 226473
2459 226473
2460 226259
2461 226037
2462 226277
2463 225807
2464 226353
2465 226348
2466 226950
2467 226401
2468 226935
2469 226838
2470 226489
2471 226494
2472 226597
2473 226496
2474 226817
2475 226106
2476 226561
2477 226764
2478 226941
2479 227203
2480 226764
2481 226828
2482 226587
2483 226810
2484 226633
2485 226827
2486 227059
2487 226471
2488 226814
2489 227445
2490 226938
2491 226818
2492 226609
2493 226693
2494 226912
2495 227027
2496 226935
2497 227100
2498 226760
2499 226472
2500 226736
2501 227093
2502 226958
2503 226795
2504 227069
2505 226892
2506 227164
2507 227375
2508 226861
2509 227037
2510 227137
2511 226937
2512 227313
2513 227257
2514 227361
2515 226980
2516 227621
2517 227029
2518 227176
2519 227297
2520 226585
2521 227508
2522 227034
2523 227397
2524 227295
2525 226816
2526 226498
2527 227096
2528 227423
2529 228054
2530 226704
2531 227027
2532 226998
2533 227053
2534 226993
2535 227127
2536 226533
2537 226870
2538 226952
2539 226808
2540 227090
2541 226814
2542 227014
2543 226933
2544 227063
2545 227751
2546 227218
2547 227155
2548 227253
2549 227160
2550 227285
2551 226816
2552 227077
2553 227311
2554 226963
2555 226946
2556 226909
2557 226832
2558 227080
2559 226769
2560 226717
2561 227092
2562 227109
2563 226888
2564 227037
2565 227229
2566 226503
2567 226959
2568 227486
2569 227087
2570 226777
2571 226607
2572 227247
2573 226381
2574 226724
2575 226674
2576 227202
2577 227001
2578 226849
2579 227036
2580 226750
2581 226947
2582 226930
2583 226964
2584 226904
2585 226788
2586 226647
2587 226447
2588 226585
2589 226736
2590 226909
2591 226794
2592 226357
2593 227108
2594 226843
2595 226922
2596 226743
2597 226939
2598 226908
2599 226513
2600 226481
2601 226645
2602 226778
2603 226709
2604 226499
2605 226695
2606 226710
2607 226787
2608 226680
2609 227025
2610 226799
2611 227076
2612 226917
2613 227291
2614 226691
2615 226737
2616 226643
2617 226659
2618 227049
2619 227109
2620 226757
2621 226831
2622 226469
2623 226659
2624 226483
2625 226502
2626 226615
2627 226665
2628 227001
2629 226701
2630 227235
2631 226767
2632 226566
2633 226463
2634 226626
2635 226550
2636 227311
2637 226736
2638 226954
2639 226804
2640 226232
2641 226763
2642 227178
2643 227288
2644 226940
2645 226809
2646 226990
2647 227250
2648 226788
2649 227025
2650 227270
2651 226918
2652 226966
2653 226964
2654 226727
2655 227567
2656 226641
2657 227495
2658 226801
2659 226693
2660 227268
2661 226980
2662 227114
2663 227205
2664 226941
2665 226631
2666 226543
2667 226694
2668 226463
2669 226882
2670 226850
2671 226962
2672 227143
2673 226743
2674 227064
2675 226421
2676 226956
2677 227179
2678 227106
2679 226902
2680 227380
2681 226934
2682 227371
2683 226631
2684 226703
2685 226796
2686 227142
2687 226979
2688 227238
2689 226977
2690 227340
2691 226923
2692 227495
2693 227137
2694 227319
2695 227295
2696 226491
2697 226860
2698 226873
2699 227006
2700 226821
2701 227334
2702 226768
2703 226661
2704 227196
2705 227085
2706 226440
2707 226464
2708 226931
2709 227096
2710 226425
2711 226814
2712 226083
2713 226778
2714 226466
2715 226228
2716 226730
2717 226202
2718 226545
2719 226414
2720 227413
2721 226808
2722 226884
2723 227113
2724 226660
2725 226778
2726 226748
2727 226717
2728 226701
2729 226364
2730 226802
2731 226651
2732 226546
2733 227220
2734 226887
2735 226540
2736 226692
2737 226632
2738 226347
2739 227023
2740 227304
2741 226462
2742 227015
2743 226785
2744 227106
2745 226963
2746 226868
2747 227413
2748 227217
2749 226397
2750 226985
2751 226814
2752 226993
2753 227466
2754 227905
2755 227063
2756 227069
2757 227215
2758 227149
2759 227177
2760 227118
2761 226786
2762 226996
2763 226961
2764 227233
2765 227570
2766 227382
2767 227161
2768 227109
2769 227210
2770 227087
2771 227222
2772 227141
2773 227122
2774 226838
2775 226927
2776 226592
2777 226580
2778 227119
2779 226995
2780 226875
2781 226758
2782 226981
2783 226843
2784 226855
2785 226459
2786 226676
2787 227020
2788 226210
2789 226113
2790 226669
2791 226494
2792 226332
2793 226057
2794 226343
2795 226386
2796 226578
2797 226223
2798 226508
2799 226290
2800 226345
2801 226262
2802 226091
2803 226431
2804 226318
2805 226201
2806 226417
2807 226270
2808 227019
2809 226127
2810 226160
2811 226608
2812 225962
2813 226331
2814 226202
2815 226279
2816 226204
2817 226365
2818 226607
2819 226272
2820 226099
2821 226117
2822 226469
2823 225754
2824 226138
2825 226131
2826 225988
2827 226385
2828 225821
2829 226558
2830 225592
2831 226075
2832 225972
2833 225622
2834 226261
2835 226299
2836 226233
2837 225796
2838 225833
2839 226080
2840 226069
2841 225918
2842 226106
2843 226032
2844 225936
2845 226222
2846 225494
2847 226066
2848 225685
2849 225845
2850 226129
2851 226043
2852 226116
2853 226016
2854 225419
2855 225525
2856 225803
2857 226165
2858 225885
2859 226296
2860 225594
2861 226511
2862 225979
2863 225978
2864 225389
2865 226221
2866 226056
2867 226010
2868 225913
2869 225528
2870 225740
2871 225656
2872 225808
2873 225930
2874 225707
2875 225795
2876 225759
2877 225720
2878 225854
2879 225894
2880 225899
2881 225371
2882 225634
2883 225527
2884 225776
2885 225742
2886 225517
2887 225231
2888 225617
2889 225736
2890 225588
2891 225601
2892 225417
2893 226049
2894 226160
2895 225514
2896 224842
2897 225650
2898 225867
2899 225345
2900 225944
2901 225743
2902 225556
2903 225658
2904 226059
2905 226236
2906 225942
2907 225824
2908 225805
2909 225775
2910 225808
2911 226176
2912 226120
2913 225297
2914 225689
2915 225679
2916 226320
2917 226155
2918 225157
2919 225797
2920 225731
2921 225769
2922 225600
2923 225101
2924 226154
2925 225629
2926 225666
2927 226063
2928 225563
2929 225851
2930 225792
2931 225481
2932 225866
2933 225522
2934 225585
2935 225992
2936 225890
2937 225722
2938 226130
2939 225548
2940 225719
2941 225841
2942 225257
2943 226106
2944 225382
2945 225812
2946 224849
2947 225394
2948 225633
2949 224971
2950 224914
2951 225178
2952 225770
2953 225604
2954 225347
2955 225824
2956 225630
2957 226263
2958 225493
2959 225285
2960 225371
2961 225332
2962 225564
2963 225265
2964 225196
2965 225074
2966 225214
2967 225614
2968 225025
2969 225811
2970 225320
2971 224988
2972 225808
2973 225175
2974 225022
2975 224971
2976 225229
2977 225247
2978 224878
2979 224976
2980 224697
2981 224937
2982 224821
2983 224830
2984 225189
2985 225473
2986 225124
2987 224605
2988 225142
2989 225119
2990 224973
2991 224988
2992 224553
2993 224842
2994 224515
2995 224537
2996 224969
2997 225284
2998 225005
2999 224797
3000 224622
3001 225007
3002 224876
3003 224947
3004 224698
3005 224679
3006 224713
3007 224430
3008 224922
3009 224566
3010 224325
3011 224735
3012 224813
3013 225064
3014 224672
3015 224821
3016 224732
3017 224842
3018 224194
3019 224426
3020 225043
3021 225078
3022 224947
3023 224341
3024 224008
3025 224764
3026 224474
3027 224879
3028 224784
3029 224795
3030 224536
3031 224298
3032 224164
3033 224433
3034 224966
3035 224505
3036 224700
3037 224494
3038 224348
3039 224697
3040 224233
3041 224621
3042 224920
3043 224643
3044 224627
3045 224800
3046 224320
3047 224350
3048 224591
3049 224205
3050 224501
3051 224580
3052 224340
3053 224416
3054 224641
3055 224568
3056 224436
3057 224499
3058 224543
3059 225390
3060 224521
3061 224802
3062 224401
3063 224639
3064 224059
3065 224845
3066 224442
3067 224672
3068 224487
3069 224650
3070 224541
3071 224711
3072 224569
3073 224601
3074 224378
3075 224197
3076 224809
3077 224159
3078 224296
3079 224999
3080 224550
3081 224497
3082 224590
3083 224790
3084 224764
3085 224753
3086 224426
3087 224817
3088 224971
3089 224909
3090 224507
3091 224832
3092 224773
3093 224732
3094 224770
3095 224977
3096 224758
3097 225077
3098 224608
3099 224850
3100 225001
3101 224865
3102 224669
3103 224668
3104 224634
3105 224885
3106 224758
3107 224841
3108 224660
3109 224640
3110 224954
3111 224963
3112 224596
3113 224611
3114 224720
3115 224980
3116 224859
3117 224898
3118 224407
3119 224434
3120 224654
3121 224775
3122 224846
3123 224590
3124 224969
3125 225394
3126 224963
3127 224582
3128 224511
3129 225206
3130 224591
3131 224620
3132 225210
3133 224447
3134 224876
3135 224771
3136 224288
3137 224681
3138 225063
3139 225255
3140 224363
3141 225121
3142 224634
3143 225074
3144 225185
3145 225397
3146 225053
3147 225031
3148 224643
3149 225630
3150 224726
3151 224863
3152 224862
3153 224898
3154 225391
3155 225424
3156 224779
3157 224505
3158 225148
3159 225211
3160 224826
3161 224872
3162 224749
3163 224962
3164 225000
3165 224122
3166 224757
3167 224714
3168 224564
3169 224808
3170 224903
3171 224740
3172 224824
3173 225116
3174 224680
3175 225083
3176 225018
3177 224914
3178 225071
3179 224794
3180 225043
3181 225468
3182 225060
3183 224597
3184 225434
3185 225302
3186 224988
3187 224958
3188 225263
3189 225167
3190 224608
3191 225058
3192 224957
3193 225393
3194 225302
3195 225475
3196 225223
3197 225395
3198 225176
3199 225001
3200 225454
3201 225119
3202 225443
3203 225909
3204 225335
3205 225620
3206 225764
3207 225806
3208 225853
3209 225962
3210 226035
3211 226232
3212 226130
3213 226250
3214 226130
3215 226453
3216 226725
3217 225965
3218 226369
3219 226526
3220 226615
3221 226210
3222 226585
3223 225629
3224 226688
3225 225949
3226 226104
3227 225861
3228 226054
3229 226108
3230 225805
3231 226178
3232 226141
3233 225294
3234 225804
3235 226121
3236 225537
3237 225635
3238 225402
3239 225778
3240 225521
3241 225621
3242 226039
3243 225083
3244 225940
3245 225885
3246 226169
3247 225817
3248 225770
3249 225658
3250 225926
3251 226411
3252 226108
3253 226031
3254 226378
3255 225997
3256 226037
3257 226497
3258 225868
3259 226106
3260 226028
3261 226245
3262 226221
3263 225791
3264 226027
3265 225945
3266 225787
3267 225899
3268 226872
3269 225292
3270 226316
3271 225998
3272 225957
3273 226077
3274 226416
3275 225903
3276 226138
3277 225685
3278 225561
3279 225897
3280 226292
3281 225950
3282 225875
3283 225704
3284 226136
3285 226024
3286 226309
3287 225652
3288 225798
3289 225611
3290 225923
3291 225578
3292 225774
3293 225753
3294 225688
3295 225533
3296 226129
3297 225784
3298 225713
3299 225565
3300 225728
3301 225840
3302 226038
3303 226257
3304 225893
3305 225499
3306 225544
3307 226035
3308 226042
3309 225951
3310 225535
3311 225575
3312 225769
3313 225803
3314 225617
3315 225758
3316 225694
3317 225855
3318 225816
3319 225331
3320 225882
3321 225594
3322 225760
3323 225970
3324 225382
3325 225361
3326 225342
3327 225622
3328 225547
3329 225216
3330 226003
3331 225606
3332 225529
3333 225302
3334 225434
3335 225479
3336 225190
3337 225556
3338 225307
3339 225687
3340 225030
3341 226301
3342 225694
3343 225607
3344 225559
3345 225354
3346 225524
3347 225409
3348 225318
3349 225625
3350 225255
3351 225465
3352 225744
3353 225827
3354 225936
3355 225618
3356 225004
3357 225695
3358 225730
3359 225974
3360 224965
3361 225739
3362 225322
3363 225512
3364 225391
3365 225316
3366 225156
3367 226007
3368 225503
3369 225905
3370 225039
3371 225155
3372 225587
3373 225558
3374 225025
3375 225568
3376 225548
3377 225262
3378 224968
3379 225418
3380 225785
3381 225908
3382 225241
3383 226099
3384 225648
3385 225686
3386 225371
3387 225821
3388 225543
3389 225648
3390 225441
3391 225446
3392 225681
3393 224995
3394 225643
3395 225873
3396 225097
3397 225666
3398 225217
3399 225541
3400 225359
3401 225523
3402 225805
3403 225910
3404 225720
3405 225772
3406 225913
3407 225829
3408 225922
3409 225969
3410 225886
3411 225375
3412 225525
3413 226203
3414 225657
3415 225632
3416 225655
3417 225568
3418 225425
3419 225742
3420 225231
3421 225810
3422 225694
3423 225376
3424 225703
3425 225054
3426 225108
3427 225477
3428 225025
3429 225319
3430 225252
3431 226175
3432 225298
3433 225898
3434 225926
3435 225415
3436 225548
3437 225653
3438 225255
3439 226118
3440 225839
3441 225478
3442 225688
3443 226088
3444 226196
3445 226064
3446 226264
3447 226076
3448 225664
3449 225241
3450 225835
3451 225778
3452 225746
3453 225507
3454 225459
3455 224936
3456 225369
3457 225383
3458 225189
3459 225399
3460 225084
3461 224657
3462 224867
3463 225068
3464 224992
3465 225515
3466 224866
3467 225583
3468 225340
3469 225528
3470 225780
3471 225674
3472 225912
3473 226495
3474 226516
3475 226905
3476 226591
3477 226854
3478 226614
3479 226749
3480 225636
3481 226523
3482 226570
3483 225907
3484 225920
3485 226198
3486 226117
3487 225874
3488 226234
3489 226275
3490 226703
3491 226262
3492 226189
3493 225985
3494 226241
3495 226080
3496 226209
3497 226136
3498 226899
3499 226953
3500 226914
3501 226831
3502 226670
3503 226645
3504 227447
3505 226920
3506 227072
3507 227164
3508 227208
3509 226951
3510 227486
3511 227651
3512 227704
3513 227451
3514 227818
3515 227910
3516 227614
3517 227353
3518 227906
3519 227745
3520 227724
3521 227392
3522 227011
3523 227369
3524 227057
3525 227605
3526 227763
3527 227448
3528 226614
3529 227204
3530 227205
3531 226424
3532 227164
3533 226642
3534 225837
3535 227019
3536 226265
3537 226298
3538 226501
3539 226203
3540 226498
3541 226654
3542 226221
3543 226130
3544 226415
3545 226657
3546 226202
3547 226383
3548 226856
3549 226505
3550 226527
3551 226550
3552 226516
3553 226306
3554 226492
3555 226055
3556 226415
3557 226725
3558 225849
3559 226964
3560 226502
3561 226497
3562 226217
3563 226771
3564 226131
3565 226544
3566 226640
3567 226206
3568 226491
3569 226615
3570 226416
3571 226306
3572 226290
3573 226439
3574 226249
3575 226044
3576 226361
3577 225792
3578 225996
3579 225992
3580 226194
3581 226505
3582 226049
3583 226103
3584 226123
3585 225542
3586 226600
3587 226897
3588 225910
3589 226126
3590 226223
3591 226387
3592 226688
3593 226055
3594 226600
3595 226427
3596 226575
3597 226232
3598 226670
3599 226331
3600 226083
3601 226227
3602 226557
3603 226346
3604 226001
3605 226010
3606 226252
3607 226212
3608 226473
3609 226722
3610 226630
3611 226345
3612 226696
3613 226580
3614 226144
3615 226602
3616 226410
3617 226208
3618 225970
3619 226541
3620 226441
3621 225957
3622 225575
3623 226324
3624 226340
3625 226279
3626 225916
3627 226368
3628 226554
3629 226243
3630 226612
3631 226272
3632 226654
3633 226577
3634 226068
3635 226490
3636 226031
3637 226108
3638 226143
3639 226464
3640 226445
3641 226495
3642 226764
3643 226347
3644 226645
3645 226468
3646 226667
3647 226614
3648 226518
3649 225832
3650 226749
3651 226313
3652 226800
3653 226792
3654 226924
3655 226914
3656 226762
3657 226533
3658 227025
3659 226627
3660 226092
3661 226802
3662 227170
3663 226306
3664 226305
3665 226683
3666 227123
3667 226592
3668 226496
3669 226350
3670 226540
3671 226805
3672 226525
3673 226592
3674 226473
3675 226564
3676 226265
3677 226275
3678 226108
3679 225903
3680 226223
3681 226273
3682 226328
3683 226588
3684 226555
3685 226696
3686 226644
3687 226066
3688 226380
3689 226423
3690 226236
3691 226160
3692 226203
3693 226446
3694 226100
3695 226218
3696 226702
3697 226520
3698 226029
3699 226222
3700 226024
3701 226711
3702 226838
3703 226882
3704 227025
3705 226205
3706 226683
3707 226892
3708 226770
3709 226537
3710 226711
3711 227082
3712 226429
3713 226199
3714 226516
3715 226469
3716 226603
3717 226468
3718 226302
3719 226827
3720 226534
3721 226958
3722 226627
3723 226852
3724 226932
3725 226885
3726 226951
3727 227130
3728 227134
3729 227188
3730 227328
3731 226765
3732 226895
3733 226806
3734 226548
3735 226647
3736 226991
3737 226497
3738 226636
3739 226972
3740 226905
3741 226430
3742 226757
3743 226890
3744 227100
3745 226763
3746 226937
3747 226734
3748 227076
3749 226630
3750 226735
3751 226902
3752 227226
3753 226918
3754 227585
3755 227019
3756 227206
3757 226973
3758 227211
3759 227136
3760 227283
3761 227589
3762 227392
3763 227306
3764 227343
3765 227900
3766 227169
3767 227277
3768 227224
3769 227713
3770 227678
3771 227162
3772 227613
3773 227487
3774 227467
3775 227603
3776 227209
3777 227377
3778 227108
3779 227598
3780 227654
3781 227820
3782 227428
3783 227290
3784 227554
3785 227299
3786 226657
3787 227784
3788 227330
3789 226851
3790 227055
3791 226768
3792 227052
3793 227462
3794 227567
3795 227087
3796 227195
3797 226871
3798 227105
3799 227220
3800 227235
3801 227052
3802 227272
3803 227029
3804 226822
3805 227238
3806 227138
3807 227045
3808 227110
3809 227170
3810 227037
3811 226541
3812 226884
3813 227834
3814 226829
3815 226777
3816 227450
3817 226815
3818 227735
3819 227141
3820 227785
3821 226960
3822 227199
3823 227097
3824 227510
3825 226901
3826 227102
3827 227117
3828 226926
3829 226854
3830 226903
3831 226792
3832 227280
3833 227112
3834 226207
3835 226877
3836 227046
3837 226764
3838 226880
3839 227488
3840 226996
3841 226957
3842 226596
3843 227079
3844 226768
3845 227148
3846 226464
3847 227020
3848 226610
3849 226984
3850 226571
3851 226225
3852 227295
3853 227215
3854 226846
3855 226544
3856 226748
3857 226527
3858 227264
3859 226661
3860 226856
3861 226461
3862 226675
3863 226700
3864 226430
3865 226737
3866 226809
3867 226928
3868 226443
3869 226686
3870 226638
3871 227321
3872 226805
3873 226637
3874 226987
3875 227029
3876 226624
3877 227152
3878 226874
3879 226719
3880 227084
3881 227094
3882 227237
3883 226852
3884 226769
3885 227065
3886 226742
3887 227071
3888 226698
3889 226401
3890 226560
3891 226985
3892 226531
3893 226897
3894 226882
3895 226893
3896 226440
3897 226321
3898 226789
3899 226821
3900 226688
3901 226734
3902 226440
3903 226503
3904 226792
3905 226392
3906 226480
3907 226737
3908 226272
3909 226906
3910 226937
3911 226567
3912 226076
3913 226711
3914 225848
3915 226784
3916 226728
3917 226429
3918 226561
3919 227121
3920 226031
3921 226249
3922 226625
3923 226566
3924 226828
3925 226226
3926 226348
3927 226717
3928 226517
3929 226298
3930 226366
3931 226000
3932 226483
3933 226289
3934 226272
3935 226138
3936 226211
3937 226164
3938 225760
3939 226608
3940 226125
3941 226118
3942 226441
3943 226461
3944 226153
3945 226567
3946 225939
3947 226384
3948 226819
3949 226798
3950 226241
3951 227347
3952 227042
3953 226681
3954 226932
3955 226736
3956 227155
3957 226784
3958 226784
3959 226331
3960 226393
3961 226612
3962 226756
3963 226308
3964 226387
3965 226525
3966 226584
3967 226454
3968 226322
3969 226237
3970 226094
3971 226268
3972 226089
3973 226182
3974 226197
3975 226038
3976 226667
3977 226111
3978 225809
3979 225628
3980 225742
3981 226129
3982 226230
3983 225863
3984 226599
3985 226439
3986 225788
3987 226227
3988 225890
3989 226347
3990 226076
3991 225886
3992 226200
3993 226272
3994 226232
3995 225706
3996 225839
3997 226171
3998 225428
3999 225868
4000 225744
4001 226036
4002 225924
4003 226322
4004 226004
4005 226276
4006 225908
4007 225747
4008 226135
4009 225700
4010 226000
4011 226014
4012 225630
4013 225473
4014 225891
4015 225576
4016 226118
4017 225565
4018 225941
4019 225943
4020 225813
4021 225925
4022 225919
4023 225297
4024 226020
4025 226017
4026 226413
4027 225758
4028 226309
4029 226140
4030 225649
4031 226328
4032 225787
4033 225846
4034 225928
4035 225674
4036 225541
4037 225762
4038 225701
4039 226165
4040 225815
4041 225394
4042 225762
4043 225933
4044 226135
4045 226116
4046 226017
4047 225544
4048 226222
4049 225925
4050 225743
4051 225713
4052 225303
4053 225938
4054 225443
4055 225473
4056 224821
4057 225443
4058 225538
4059 225514
4060 225293
4061 226016
4062 225563
4063 224942
4064 224910
4065 225690
4066 225290
4067 224992
4068 225180
4069 224839
4070 224731
4071 225224
4072 224750
4073 225141
4074 224916
4075 225100
4076 224936
4077 225134
4078 225383
4079 224912
4080 224937
4081 224732
4082 225074
4083 225224
4084 224510
4085 225052
4086 225053
4087 225072
4088 225466
4089 225299
4090 225088
4091 225045
4092 225190
4093 225143
4094 224713
4095 225042
4096 224845
4097 225187
4098 224780
4099 224597
4100 224483
4101 225290
4102 224663
4103 224504
4104 224739
4105 224582
4106 224424
4107 224405
4108 224437
4109 224598
4110 224473
4111 224423
4112 223925
4113 224467
4114 223976
4115 224222
4116 224622
4117 224531
4118 224613
4119 224565
4120 224029
4121 224548
4122 223933
4123 223921
4124 224455
4125 224300
4126 223947
4127 224341
4128 223849
4129 224169
4130 224611
4131 223887
4132 224037
4133 224779
4134 224020
4135 224450
4136 223846
4137 223412
4138 223644
4139 224070
4140 223706
4141 223521
4142 223579
4143 224042
4144 224177
4145 223818
4146 223697
4147 223660
4148 223637
4149 223377
4150 223907
4151 223572
4152 223023
4153 223898
4154 223567
4155 223282
4156 223338
4157 223096
4158 223498
4159 223406
4160 223098
4161 222898
4162 223253
4163 223235
4164 223188
4165 222788
4166 223054
4167 222797
4168 223293
4169 223181
4170 223078
4171 222800
4172 223314
4173 222552
4174 223360
4175 223356
4176 222679
4177 223010
4178 222969
4179 223792
4180 222507
4181 223041
4182 223027
4183 222751
4184 223074
4185 222844
4186 222820
4187 222129
4188 222873
4189 222746
4190 221633
4191 223144
4192 222806
4193 222684
4194 222140
4195 222538
4196 222586
4197 222498
4198 222456
4199 222555
4200 221965
4201 222182
4202 222535
4203 221975
4204 221942
4205 222058
4206 222205
4207 222367
4208 222003
4209 222169
4210 221774
4211 222356
4212 221861
4213 221775
4214 222054
4215 221839
4216 221898
4217 221952
4218 222132
4219 221402
4220 222259
4221 221979
4222 222792
4223 221871
4224 221562
4225 221703
4226 222200
4227 222048
4228 221921
4229 221940
4230 221579
4231 221948
4232 221401
4233 221665
4234 221945
4235 221572
4236 221978
4237 221976
4238 222360
4239 221956
4240 222610
4241 221434
4242 221849
4243 221922
4244 222146
4245 221996
4246 221959
4247 221846
4248 221946
4249 221700
4250 221370
4251 221947
4252 221989
4253 222262
4254 222082
4255 221486
4256 221970
4257 221632
4258 222326
4259 221496
4260 221890
4261 221527
4262 221908
4263 221709
4264 221549
4265 221902
4266 221562
4267 221941
4268 221795
4269 221091
4270 221311
4271 221254
4272 221380
4273 220925
4274 221270
4275 221108
4276 220791
4277 221259
4278 221339
4279 220634
4280 220607
4281 220595
4282 220837
4283 220396
4284 220573
4285 220659
4286 220051
4287 220311
4288 219975
4289 220253
4290 219607
4291 219761
4292 220142
4293 220056
4294 219722
4295 219919
4296 219452
4297 219827
4298 219129
4299 220042
4300 219822
4301 219094
4302 219641
4303 219520
4304 218975
4305 218450
4306 218996
4307 218782
4308 218702
4309 218928
4310 218540
4311 218842
4312 219068
4313 219288
4314 218730
4315 218966
4316 218620
4317 218695
4318 218787
4319 218729
4320 219043
4321 218872
4322 218523
4323 218536
4324 218567
4325 217941
4326 218719
4327 218290
4328 218252
4329 218167
4330 218466
4331 218002
4332 218067
4333 218298
4334 217736
4335 218037
4336 217920
4337 217966
4338 218238
4339 218313
4340 217798
4341 217862
4342 217849
4343 217531
4344 218006
4345 217761
4346 217754
4347 217375
4348 217863
4349 217402
4350 217975
4351 217648
4352 217708
4353 217356
4354 217595
4355 217481
4356 217310
4357 217854
4358 217133
4359 217048
4360 217018
4361 217407
4362 217609
4363 217558
4364 217111
4365 217158
4366 216736
4367 217125
4368 216974
4369 217149
4370 217043
4371 217394
4372 217310
4373 216427
4374 217138
4375 216838
4376 217455
4377 216861
4378 216578
4379 216753
4380 216567
4381 216717
4382 216681
4383 216905
4384 216611
4385 216092
4386 217002
4387 216456
4388 216145
4389 216047
4390 216323
4391 216283
4392 215613
4393 215875
4394 215986
4395 216227
4396 216310
4397 216073
4398 216419
4399 216091
4400 216126
4401 215499
4402 215967
4403 215890
4404 216183
4405 215740
4406 215832
4407 215800
4408 215759
4409 216029
4410 216369
4411 215805
4412 215909
4413 216293
4414 215634
4415 215840
4416 215197
4417 215049
4418 216021
4419 215528
4420 215834
4421 215411
4422 214947
4423 215308
4424 215160
4425 215361
4426 215618
4427 214962
4428 215247
4429 214904
4430 215146
4431 214721
4432 215476
4433 215174
4434 215484
4435 214962
4436 215270
4437 215038
4438 215276
4439 214660
4440 214532
4441 214966
4442 215122
4443 215133
4444 214897
4445 214799
4446 214946
4447 214592
4448 214681
4449 214652
4450 214130
4451 214824
4452 214554
4453 214398
4454 215045
4455 214979
4456 214183
4457 214475
4458 215144
4459 214199
4460 214790
4461 214976
4462 214713
4463 214735
4464 214205
4465 214409
4466 213895
4467 213859
4468 214609
4469 214007
4470 214185
4471 214131
4472 213930
4473 213898
4474 214248
4475 214024
4476 213489
4477 213832
4478 213603
4479 214250
4480 213475
4481 213686
4482 213662
4483 213467
4484 213718
4485 213535
4486 214002
4487 213750
4488 213821
4489 213561
4490 213756
4491 213691
4492 213342
4493 213286
4494 213133
4495 213909
4496 213276
4497 213572
4498 213403
4499 212955
4500 213460
4501 213592
4502 213261
4503 213074
4504 213018
4505 213369
4506 213129
4507 213237
4508 213367
4509 213046
4510 213467
4511 213566
4512 212527
4513 213317
4514 212533
4515 212974
4516 213217
4517 213080
4518 212819
4519 212985
4520 213027
4521 212158
4522 213072
4523 212732
4524 212271
4525 212397
4526 212510
4527 212732
4528 212429
4529 212704
4530 212476
4531 212696
4532 212394
4533 212349
4534 212510
4535 212505
4536 212694
4537 212025
4538 212357
4539 211846
4540 212052
4541 211833
4542 212379
4543 212076
4544 212403
4545 212105
4546 211826
4547 212157
4548 211764
4549 211861
4550 212086
4551 211796
4552 212038
4553 211960
4554 211820
4555 211781
4556 211165
4557 211864
4558 211338
4559 211427
4560 211710
4561 212114
4562 211808
4563 211377
4564 211442
4565 211162
4566 211362
4567 211480
4568 211607
4569 211612
4570 211343
4571 211335
4572 211370
4573 211597
4574 211338
4575 211477
4576 211088
4577 211497
4578 211034
4579 211213
4580 210756
4581 211460
4582 211382
4583 211071
4584 211270
4585 211104
4586 211157
4587 211488
4588 211333
4589 211315
4590 210758
4591 211086
4592 211278
4593 210736
4594 210719
4595 211029
4596 211003
4597 210926
4598 210558
4599 210358
4600 210032
4601 210604
4602 210572
4603 210539
4604 210660
4605 210823
4606 210745
4607 210199
4608 210853
4609 210989
4610 211027
4611 210592
4612 210715
4613 210637
4614 210786
4615 210604
4616 210490
4617 210262
4618 210473
4619 210423
4620 209997
4621 210567
4622 210414
4623 210350
4624 210183
4625 210917
4626 210300
4627 210548
4628 210430
4629 210235
4630 210482
4631 210483
4632 210182
4633 210372
4634 210233
4635 210118
4636 210512
4637 210498
4638 209975
4639 210312
4640 210079
4641 209514
4642 209894
4643 209594
4644 209856
4645 209791
4646 210330
4647 210003
4648 210102
4649 209613
4650 209667
4651 210023
4652 210380
4653 209445
4654 210453
4655 210569
4656 210151
4657 210176
4658 209211
4659 210080
4660 209940
4661 209564
4662 209796
4663 209407
4664 209904
4665 209864
4666 209836
4667 209726
4668 209996
4669 209964
4670 209879
4671 209559
4672 210163
4673 210016
4674 209742
4675 209965
4676 209727
4677 209577
4678 209557
4679 210303
4680 209662
4681 209727
4682 209863
4683 209441
4684 209389
4685 209605
4686 210009
4687 209069
4688 209276
4689 209437
4690 209733
4691 208910
4692 209688
4693 209766
4694 209507
4695 209359
4696 209851
4697 209705
4698 209603
4699 209464
4700 209069
4701 209415
4702 209385
4703 209726
4704 209315
4705 209266
4706 209379
4707 209504
4708 209485
4709 208802
4710 209490
4711 209248
4712 209842
4713 208938
4714 209390
4715 209493
4716 209333
4717 209577
4718 209310
4719 208923
4720 209522
4721 209556
4722 210020
4723 209746
4724 209342
4725 209141
4726 209729
4727 209057
4728 209540
4729 209580
4730 209421
4731 209358
4732 209839
4733 209663
4734 209741
4735 209885
4736 209491
4737 209527
4738 209929
4739 209307
4740 209974
4741 209603
4742 209704
4743 210032
4744 209499
4745 210815
4746 209833
4747 210497
4748 209920
4749 210010
4750 209693
4751 210335
4752 210117
4753 209994
4754 210537
4755 210556
4756 210408
4757 210102
4758 210807
4759 210063
4760 210249
4761 210835
4762 210129
4763 209916
4764 210301
4765 210298
4766 210230
4767 209978
4768 209695
4769 210313
4770 210676
4771 209768
4772 210513
4773 209693
4774 210160
4775 210112
4776 209908
4777 209660
4778 209952
4779 209687
4780 209483
4781 209998
4782 209647
4783 209497
4784 209813
4785 210192
4786 209910
4787 209525
4788 209687
4789 209665
4790 209616
4791 209624
4792 209571
4793 209202
4794 209459
4795 209742
4796 209581
4797 209375
4798 209233
4799 209435
4800 209163
4801 209089
4802 208839
4803 209283
4804 209334
4805 209289
4806 209406
4807 209301
4808 209017
4809 208750
4810 209352
4811 208409
4812 208958
4813 209193
4814 208977
4815 209140
4816 208948
4817 209485
4818 208926
4819 209563
4820 209074
4821 209412
4822 208559
4823 209710
4824 209329
4825 209199
4826 208710
4827 208521
4828 208803
4829 208640
4830 208481
4831 208821
4832 208765
4833 209202
4834 208786
4835 208907
4836 208891
4837 209179
4838 208681
4839 209066
4840 208687
4841 208926
4842 208487
4843 209317
4844 208846
4845 209268
4846 208793
4847 208709
4848 208968
4849 208750
4850 209000
4851 208783
4852 208864
4853 209076
4854 209255
4855 208933
4856 209104
4857 208303
4858 208852
4859 209114
4860 209003
4861 208925
4862 208926
4863 209107
4864 208428
4865 208885
4866 208928
4867 209428
4868 209296
4869 208461
4870 209154
4871 209192
4872 208928
4873 208757
4874 209094
4875 209094
4876 209393
4877 209285
4878 209052
4879 208961
4880 208925
4881 209748
4882 209613
4883 209324
4884 208733
4885 209261
4886 209095
4887 209210
4888 209459
4889 209306
4890 208982
4891 209412
4892 208693
4893 209285
4894 209740
4895 209098
4896 209303
4897 209334
4898 209277
4899 209500
4900 209365
4901 209526
4902 209632
4903 209369
4904 209381
4905 209417
4906 209153
4907 209342
4908 209166
4909 209682
4910 209578
4911 209682
4912 209863
4913 209061
4914 210054
4915 209317
4916 209184
4917 209409
4918 209930
4919 209567
4920 209699
4921 209304
4922 209527
4923 209717
4924 209781
4925 209509
4926 209858
4927 209535
4928 209173
4929 209919
4930 209812
4931 209500
4932 209974
4933 209517
4934 209462
4935 209662
4936 209531
4937 209626
4938 209935
4939 209459
4940 209599
4941 209761
4942 209497
4943 209726
4944 209022
4945 209072
4946 209633
4947 209599
4948 209600
4949 209603
4950 209384
4951 209845
4952 209863
4953 209542
4954 209248
4955 209286
4956 209380
4957 209835
4958 209621
4959 209728
4960 209589
4961 209542
4962 209966
4963 209662
4964 209561
4965 209826
4966 209416
4967 210036
4968 209808
4969 209057
4970 209623
4971 210105
4972 209817
4973 209725
4974 209659
4975 209577
4976 210045
4977 209913
4978 209803
4979 209239
4980 209844
4981 209433
4982 209608
4983 209403
4984 209478
4985 209476
4986 209581
4987 209700
4988 209492
4989 209540
4990 209278
4991 209574
4992 209943
4993 209835
4994 209942
4995 209925
4996 209318
4997 209114
4998 209616
4999 210269
5000 209949
5001 210319
5002 209543
5003 209740
5004 210413
5005 209579
5006 210003
5007 209737
5008 209971
5009 210107
5010 209749
5011 209777
5012 210263
5013 209554
5014 210169
5015 210410
5016 210266
5017 210205
5018 210097
5019 210008
5020 209995
5021 210356
5022 209452
5023 210027
5024 210450
5025 209850
5026 210708
5027 210317
5028 210371
5029 209927
5030 210326
5031 210024
5032 210262
5033 210207
5034 210060
5035 210003
5036 210572
5037 209645
5038 210821
5039 210517
5040 210142
5041 210081
5042 210488
5043 210830
5044 210839
5045 210611
5046 210873
5047 210566
5048 210064
5049 210388
5050 210150
5051 210406
5052 210767
5053 210635
5054 210441
5055 210239
5056 210460
5057 210449
5058 210710
5059 210643
5060 210539
5061 210526
5062 210731
5063 210342
5064 210993
5065 210685
5066 210892
5067 210572
5068 210798
5069 210630
5070 211022
5071 211168
5072 210785
5073 210831
5074 211101
5075 211045
5076 211211
5077 210779
5078 210700
5079 210940
5080 211299
5081 210952
5082 210903
5083 211014
5084 210862
5085 210605
5086 210623
5087 211028
5088 211160
5089 211118
5090 211136
5091 210881
5092 210926
5093 210753
5094 211041
5095 210427
5096 210792
5097 210396
5098 210880
5099 211690
5100 211225
5101 211547
5102 211230
5103 210701
5104 210764
5105 211302
5106 211220
5107 210875
5108 211181
5109 210992
5110 211355
5111 211394
5112 211741
5113 211439
5114 211552
5115 211205
5116 210966
5117 211536
5118 211197
5119 211265
5120 211743
5121 211634
5122 211238
5123 211745
5124 211450
5125 211337
5126 211367
5127 211914
5128 211671
5129 211241
5130 211601
5131 211916
5132 211135
5133 211505
5134 211090
5135 211422
5136 211427
5137 211659
5138 211191
5139 212003
5140 211555
5141 211695
5142 211747
5143 211504
5144 211558
5145 211130
5146 211643
5147 211410
5148 211219
5149 211455
5150 211823
5151 211910
5152 211379
5153 211592
5154 211444
5155 211749
5156 211696
5157 212215
5158 212081
5159 211787
5160 211921
5161 211741
5162 211711
5163 212078
5164 211244
5165 212092
5166 212176
5167 211791
5168 212012
5169 212037
5170 211961
5171 211779
5172 212109
5173 212020
5174 212387
5175 212280
5176 211929
5177 211979
5178 211802
5179 212658
5180 212122
5181 212490
5182 212322
5183 212303
5184 212474
5185 212539
5186 212862
5187 212463
5188 212163
5189 212134
5190 212595
5191 213028
5192 212799
5193 212432
5194 212264
5195 212648
5196 212315
5197 213123
5198 213154
5199 212754
5200 212768
5201 212661
5202 212270
5203 212597
5204 212533
5205 212491
5206 212681
5207 212395
5208 212879
5209 212701
5210 212828
5211 212612
5212 213449
5213 212389
5214 213074
5215 212882
5216 212975
5217 213126
5218 213370
5219 212579
5220 213009
5221 212927
5222 213431
5223 213386
5224 213630
5225 212902
5226 213177
5227 213693
5228 213046
5229 213253
5230 213200
5231 213182
5232 213305
5233 213110
5234 213033
5235 213210
5236 213083
5237 213280
5238 213689
5239 213566
5240 213623
5241 213760
5242 214153
5243 213703
5244 213637
5245 214138
5246 213519
5247 214353
5248 214131
5249 213955
5250 214039
5251 213942
5252 214410
5253 214030
5254 214086
5255 214765
5256 214535
5257 214544
5258 214858
5259 214573
5260 214279
5261 215058
5262 214460
5263 214600
5264 214481
5265 214610
5266 214242
5267 214451
5268 214296
5269 214334
5270 214410
5271 214531
5272 214289
5273 214427
5274 214151
5275 214537
5276 213951
5277 214384
5278 214097
5279 214108
5280 213695
5281 213883
5282 213407
5283 214023
5284 214269
5285 214272
5286 214303
5287 214185
5288 214139
5289 213817
5290 213933
5291 214283
5292 213558
5293 214059
5294 213859
5295 213792
5296 214100
5297 213971
5298 213409
5299 213449
5300 213899
5301 213867
5302 213681
5303 213906
5304 214029
5305 213928
5306 213391
5307 214225
5308 213666
5309 213596
5310 213328
5311 213683
5312 213857
5313 213602
5314 213723
5315 213408
5316 213468
5317 213378
5318 213760
5319 213546
5320 213615
5321 213508
5322 213979
5323 213807
5324 213412
5325 213781
5326 214115
5327 213542
5328 213701
5329 213703
5330 213711
5331 214194
5332 213679
5333 213748
5334 213466
5335 213464
5336 213708
5337 213602
5338 213833
5339 214195
5340 215019
5341 213441
5342 213975
5343 214023
5344 213456
5345 214209
5346 214044
5347 214035
5348 214013
5349 213770
5350 214255
5351 213745
5352 214300
5353 213862
5354 214246
5355 214294
5356 213772
5357 214138
5358 213836
5359 213968
5360 214019
5361 214126
5362 214119
5363 214207
5364 214384
5365 213896
5366 213917
5367 214014
5368 214309
5369 214410
5370 213857
5371 214490
5372 214315
5373 213935
5374 214118
5375 214380
5376 214019
5377 214153
5378 214322
5379 214167
5380 214496
5381 214405
5382 214045
5383 214157
5384 214053
5385 214656
5386 214441
5387 214333
5388 214536
5389 214025
5390 213498
5391 214353
5392 214262
5393 214578
5394 213842
5395 214039
5396 214308
5397 214713
5398 214075
5399 213913
5400 214317
5401 213699
5402 214276
5403 214267
5404 214606
5405 214194
5406 213971
5407 214058
5408 214317
5409 214382
5410 214141
5411 214520
5412 214362
5413 214248
5414 213592
5415 214654
5416 213610
5417 214317
5418 213930
5419 213531
5420 214016
5421 213560
5422 214233
5423 214050
5424 214261
5425 213587
5426 213839
5427 214332
5428 213851
5429 213174
5430 214250
5431 213952
5432 213889
5433 214276
5434 214233
5435 214158
5436 213864
5437 214046
5438 213676
5439 214335
5440 214367
5441 213891
5442 214268
5443 214229
5444 213809
5445 213683
5446 214048
5447 213618
5448 214058
5449 213787
5450 214026
5451 214050
5452 213747
5453 213961
5454 214008
5455 213634
5456 213931
5457 213873
5458 214179
5459 214203
5460 214408
5461 214216
5462 214039
5463 214266
5464 214381
5465 214636
5466 214252
5467 214310
5468 214125
5469 214501
5470 214747
5471 213656
5472 214575
5473 213965
5474 214081
5475 213867
5476 214357
5477 214204
5478 214052
5479 213972
5480 214086
5481 214338
5482 213612
5483 214427
5484 213989
5485 214292
5486 214090
5487 214124
5488 213929
5489 214134
5490 214074
5491 214184
5492 214110
5493 213966
5494 214509
5495 214084
5496 214275
5497 213976
5498 214628
5499 213944
5500 214527
5501 214257
5502 213935
5503 214190
5504 214061
5505 213826
5506 213799
5507 214541
5508 214330
5509 214330
5510 214635
5511 213944
5512 214244
5513 214152
5514 214423
5515 214500
5516 214245
5517 213876
5518 214052
5519 214289
5520 214248
5521 214198
5522 214139
5523 213615
5524 214243
5525 214022
5526 214335
5527 214317
5528 213572
5529 214317
5530 214432
5531 214114
5532 214281
5533 214101
5534 214285
5535 213820
5536 214340
5537 213896
5538 213910
5539 213757
5540 214119
5541 214383
5542 213534
5543 214068
5544 213477
5545 214204
5546 214044
5547 214000
5548 214087
5549 213983
5550 214048
5551 213645
5552 213691
5553 214234
5554 213973
5555 213523
5556 214128
5557 214261
5558 213869
5559 214542
5560 213996
5561 214030
5562 214144
5563 214104
5564 213634
5565 213999
5566 213641
5567 213949
5568 213954
5569 214272
5570 214302
5571 214489
5572 213794
5573 214218
5574 214475
5575 214116
5576 214046
5577 214044
5578 214200
5579 214052
5580 214528
5581 214736
5582 213986
5583 213584
5584 213829
5585 214000
5586 214598
5587 214027
5588 213890
5589 213629
5590 213981
5591 214245
5592 214314
5593 214437
5594 213885
5595 213821
5596 213829
5597 214070
5598 213812
5599 214474
5600 214054
5601 214185
5602 214584
5603 214072
5604 214316
5605 213903
5606 214239
5607 214220
5608 214327
5609 214749
5610 214037
5611 214526
5612 214460
5613 214487
5614 214306
5615 213743
5616 214334
5617 214476
5618 214169
5619 214087
5620 214654
5621 214025
5622 214128
5623 213870
5624 214104
5625 213990
5626 213952
5627 213964
5628 214064
5629 214185
5630 214044
5631 214830
5632 213572
5633 214224
5634 214272
5635 214047
5636 214074
5637 213858
5638 214040
5639 213804
5640 213394
5641 214010
5642 213727
5643 214275
5644 214448
5645 214442
5646 213621
5647 213822
5648 214484
5649 214332
5650 214158
5651 214150
5652 214311
5653 213605
5654 214228
5655 214347
5656 214007
5657 214164
5658 214579
5659 214283
5660 214462
5661 213912
5662 214508
5663 214074
5664 214531
5665 214604
5666 214546
5667 214615
5668 214039
5669 213463
5670 213946
5671 214381
5672 214936
5673 214568
5674 213991
5675 214545
5676 214311
5677 214325
5678 214790
5679 214327
5680 214009
5681 214159
5682 214147
5683 214516
5684 214287
5685 213608
5686 213870
5687 214695
5688 214357
5689 214320
5690 213610
5691 214687
5692 213776
5693 214615
5694 214767
5695 214603
5696 214256
5697 214123
5698 214124
5699 214441
5700 214590
5701 214176
5702 214501
5703 214512
5704 214793
5705 214611
5706 214442
5707 214725
5708 214099
5709 213964
5710 214842
5711 214109
5712 214710
5713 214323
5714 214716
5715 214677
5716 214652
5717 214381
5718 214528
5719 214625
5720 214240
5721 214681
5722 215203
5723 214630
5724 214777
5725 214568
5726 214475
5727 214919
5728 214787
5729 214530
5730 214771
5731 214796
5732 214679
5733 214381
5734 214745
5735 214806
5736 214788
5737 214427
5738 214667
5739 215327
5740 214668
5741 214936
5742 214975
5743 214991
5744 215307
5745 215212
5746 214806
5747 214784
5748 215095
5749 215187
5750 215380
5751 215516
5752 215481
5753 215476
5754 215456
5755 215646
5756 215707
5757 215054
5758 215670
5759 215694
5760 215774
5761 215169
5762 215809
5763 215203
5764 215639
5765 215009
5766 215314
5767 215744
5768 215890
5769 215458
5770 215212
5771 215204
5772 215235
5773 215076
5774 215138
5775 215406
5776 215045
5777 215769
5778 215075
5779 214826
5780 214759
5781 215182
5782 215064
5783 214574
5784 214505
5785 215498
5786 214218
5787 214737
5788 214585
5789 214670
5790 214615
5791 214563
5792 214556
5793 215066
5794 214318
5795 214529
5796 214881
5797 214355
5798 214521
5799 214785
5800 214439
5801 214739
5802 214585
5803 214480
5804 214278
5805 214563
5806 214057
5807 214445
5808 215095
5809 214642
5810 214441
5811 214796
5812 214507
5813 214693
5814 214183
5815 214113
5816 214495
5817 214668
5818 214307
5819 214514
5820 214825
5821 214407
5822 214085
5823 214381
5824 214621
5825 214850
5826 214507
5827 214454
5828 214459
5829 214717
5830 214666
5831 214723
5832 214755
5833 214706
5834 214670
5835 214497
5836 214798
5837 214135
5838 214400
5839 214417
5840 214819
5841 214252
5842 214499
5843 214435
5844 214566
5845 214673
5846 214589
5847 214722
5848 214393
5849 214537
5850 214095
5851 214264
5852 214669
5853 215084
5854 214878
5855 214146
5856 214594
5857 214688
5858 214542
5859 214340
5860 214692
5861 214651
5862 214242
5863 214007
5864 213898
5865 214540
5866 214178
5867 214392
5868 214398
5869 213996
5870 213897
5871 214106
5872 214637
5873 214294
5874 214783
5875 214303
5876 214374
5877 214403
5878 214488
5879 214555
5880 214627
5881 214746
5882 214468
5883 214512
5884 214313
5885 214211
5886 214529
5887 214596
5888 214264
5889 214785
5890 214563
5891 214083
5892 214088
5893 214211
5894 214873
5895 214686
5896 214344
5897 214816
5898 214607
5899 214606
5900 214467
5901 214093
5902 214323
5903 214326
5904 214735
5905 214827
5906 214486
5907 214337
5908 214692
5909 214094
5910 214853
5911 214903
5912 215187
5913 214838
5914 214289
5915 215014
5916 215090
5917 215186
5918 214330
5919 214503
5920 214847
5921 214400
5922 214598
5923 214940
5924 215110
5925 214566
5926 214721
5927 214418
5928 214858
5929 215015
5930 215497
5931 214755
5932 214963
5933 215038
5934 214760
5935 215005
5936 215280
5937 214921
5938 215136
5939 214749
5940 214805
5941 214713
5942 214841
5943 214794
5944 214381
5945 214681
5946 214815
5947 215242
5948 215107
5949 215338
5950 214891
5951 214498
5952 215253
5953 215081
5954 214848
5955 214926
5956 214898
5957 214933
5958 214995
5959 215559
5960 215170
5961 214722
5962 215093
5963 215018
5964 214906
5965 215639
5966 214589
5967 214808
5968 215116
5969 215280
5970 214993
5971 215247
5972 214955
5973 215540
5974 215314
5975 214835
5976 214838
5977 214836
5978 215037
5979 214813
5980 215169
5981 214826
5982 214707
5983 215260
5984 215141
5985 214924
5986 214597
5987 215205
5988 215019
5989 215048
5990 215156
5991 215060
5992 215109
5993 215409
5994 214789
5995 215242
5996 215469
5997 214929
5998 214842
5999 215162
6000 215592
6001 215090
6002 214788
6003 215116
6004 215121
6005 214480
6006 215460
6007 214669
6008 214910
6009 214955
6010 215268
6011 215239
6012 215068
6013 215002
6014 215271
6015 214904
6016 214445
6017 214805
6018 214957
6019 214910
6020 214996
6021 215177
6022 215110
6023 214820
6024 215357
6025 214965
6026 215078
6027 215206
6028 216097
6029 215254
6030 215276
6031 215740
6032 215123
6033 215254
6034 215491
6035 214999
6036 215346
6037 215809
6038 215474
6039 215698
6040 215665
6041 215721
6042 215738
6043 215462
6044 215999
6045 215481
6046 215797
6047 216243
6048 215819
6049 216246
6050 215805
6051 215606
6052 215532
6053 215289
6054 215747
6055 215795
6056 215670
6057 215388
6058 215629
6059 215772
6060 215104
6061 215639
6062 215753
6063 216122
6064 216090
6065 215800
6066 216009
6067 216137
6068 216611
6069 216358
6070 216402
6071 215736
6072 215962
6073 215921
6074 216160
6075 215998
6076 216028
6077 215683
6078 216361
6079 216214
6080 215601
6081 216317
6082 216218
6083 216241
6084 215904
6085 215987
6086 215950
6087 216144
6088 215960
6089 216345
6090 216355
6091 215882
6092 216465
6093 215972
6094 216328
6095 216375
6096 216298
6097 216344
6098 215986
6099 216605
6100 216525
6101 216169
6102 215651
6103 216068
6104 215840
6105 216277
6106 216480
6107 215857
6108 216804
6109 216199
6110 215948
6111 215856
6112 216294
6113 216363
6114 216457
6115 216421
6116 216341
6117 216502
6118 216644
6119 216783
6120 216414
6121 215890
6122 216705
6123 216510
6124 216958
6125 216973
6126 216832
6127 216647
6128 216506
6129 216646
6130 216032
6131 215820
6132 216273
6133 216511
6134 216971
