H11890
GateTime 10
GateNumber 0
SN 30430302
0 202780
1 202893
2 202991
3 202555
4 202901
5 202853
6 202450
7 202746
8 202625
9 203054
10 202885
11 202907
12 202533
13 203158
14 202938
15 202557
16 202862
17 202843
18 203009
19 203331
20 202779
21 202866
22 203073
23 203204
24 202763
25 202517
26 202931
27 203149
28 202318
29 202389
30 202699
31 202631
32 202859
33 202586
34 202977
35 202588
36 202987
37 202512
38 202628
39 203338
40 203033
41 202800
42 203219
43 202516
44 203066
45 202909
46 203500
47 203066
48 202981
49 202582
50 202981
51 202737
52 202450
53 202973
54 202963
55 202897
56 202708
57 202650
58 202995
59 202614
60 202136
61 202224
62 202530
63 202267
64 202660
65 202465
66 202918
67 202467
68 202683
69 202452
70 202542
71 202349
72 202464
73 202557
74 202587
75 202072
76 202163
77 202332
78 202340
79 202363
80 202257
81 202694
82 202829
83 202270
84 202516
85 203056
86 202123
87 202761
88 202554
89 202147
90 202403
91 202422
92 202426
93 202554
94 203171
95 202530
96 202689
97 202152
98 202158
99 202382
100 202533
101 202446
102 202411
103 202598
104 203282
105 202496
106 202609
107 202280
108 202757
109 202570
110 202374
111 202436
112 202825
113 203160
114 202331
115 202798
116 202776
117 202774
118 202421
119 202770
120 202557
121 202547
122 202649
123 202822
124 202292
125 201791
126 202691
127 202687
128 202442
129 201765
130 202030
131 202883
132 202606
133 201947
134 202213
135 202304
136 202339
137 202018
138 202529
139 202092
140 202242
141 201841
142 202053
143 202083
144 202351
145 202554
146 201937
147 202441
148 202092
149 202357
150 201977
151 201801
152 202351
153 202004
154 201889
155 202179
156 202152
157 202448
158 202491
159 202346
160 201981
161 202304
162 201860
163 202488
164 202353
165 202465
166 202378
167 202281
168 202102
169 202097
170 201516
171 202496
172 201940
173 202154
174 202487
175 202645
176 202067
177 202668
178 202394
179 202351
180 202585
181 202145
182 202802
183 201735
184 202147
185 202118
186 202500
187 202229
188 202839
189 201979
190 201708
191 202287
192 202762
193 201855
194 202219
195 202134
196 202521
197 202270
198 202256
199 201999
200 202126
201 202226
202 201973
203 202285
204 202187
205 202577
206 202413
207 202638
208 201947
209 202156
210 202295
211 201860
212 202341
213 202241
214 202590
215 202527
216 202637
217 202327
218 202357
219 202095
220 202892
221 202359
222 202367
223 203023
224 202727
225 202255
226 202682
227 202509
228 202653
229 202560
230 202380
231 202803
232 202151
233 202767
234 202191
235 202803
236 202774
237 202725
238 202323
239 202227
240 202270
241 202490
242 202513
243 202546
244 202082
245 202302
246 202827
247 202485
248 202469
249 202597
250 202430
251 202772
252 202683
253 202570
254 202710
255 202280
256 202849
257 202703
258 202775
259 201956
260 202242
261 202459
262 202747
263 202506
264 202376
265 202904
266 202365
267 202925
268 203180
269 202288
270 202833
271 202799
272 202720
273 202528
274 202763
275 202333
276 202760
277 202925
278 202656
279 202556
280 202388
281 202305
282 203039
283 202495
284 202504
285 202460
286 202952
287 202525
288 202492
289 203149
290 203029
291 202856
292 202811
293 202886
294 202673
295 202902
296 202712
297 202747
298 202594
299 202560
300 203090
301 202826
302 203176
303 202865
304 202447
305 202660
306 202603
307 203255
308 202965
309 203304
310 202823
311 202837
312 202328
313 202999
314 202711
315 202612
316 203282
317 202963
318 203039
319 202775
320 203405
321 202556
322 203176
323 202907
324 202692
325 203385
326 202862
327 202803
328 203568
329 202867
330 203411
331 202702
332 203009
333 203174
334 203058
335 203035
336 202962
337 203177
338 202560
339 203004
340 203235
341 203295
342 203041
343 202927
344 202639
345 202631
346 202874
347 203250
348 203362
349 202740
350 202886
351 202826
352 202897
353 202846
354 203183
355 203177
356 203320
357 202855
358 203286
359 203738
360 202920
361 202845
362 203016
363 203258
364 203591
365 203458
366 202976
367 203517
368 203429
369 203258
370 203396
371 203349
372 203164
373 202741
374 203653
375 203510
376 203585
377 204016
378 203651
379 203862
380 204165
381 203741
382 204495
383 203384
384 203707
385 204218
386 203902
387 204328
388 204232
389 204375
390 204083
391 204589
392 204717
393 204565
394 204321
395 204967
396 204850
397 204812
398 204468
399 205002
400 204564
401 205217
402 205331
403 205078
404 204880
405 205317
406 205565
407 204881
408 204799
409 204959
410 204992
411 205173
412 205433
413 205117
414 205182
415 205595
416 204694
417 205331
418 204612
419 204715
420 204466
421 204980
422 204926
423 204678
424 204547
425 205027
426 205095
427 204407
428 204579
429 204771
430 204471
431 204036
432 204610
433 204080
434 204155
435 204078
436 204366
437 204345
438 204448
439 203884
440 203437
441 204168
442 203769
443 203801
444 203903
445 203819
446 204052
447 203681
448 203873
449 203865
450 203779
451 203429
452 203810
453 203517
454 203539
455 203517
456 203915
457 203980
458 203389
459 203958
460 203714
461 203567
462 203815
463 203802
464 203979
465 202966
466 203919
467 203883
468 204113
469 203549
470 203707
471 203851
472 203995
473 203638
474 204238
475 203866
476 204013
477 203536
478 203624
479 203838
480 203666
481 203827
482 203605
483 203399
484 203605
485 204068
486 203532
487 203653
488 203393
489 203820
490 203875
491 203811
492 204423
493 203716
494 203994
495 203465
496 203535
497 202943
498 203504
499 203604
500 204260
501 203369
502 203997
503 204086
504 203740
505 204349
506 204071
507 203560
508 203949
509 203628
510 203321
511 203330
512 204049
513 204033
514 203688
515 203478
516 203412
517 203984
518 204049
519 203832
520 203788
521 203493
522 203578
523 203984
524 204236
525 203406
526 203564
527 204209
528 203929
529 203835
530 203919
531 203827
532 203642
533 204159
534 203981
535 203467
536 204250
537 203938
538 204039
539 203699
540 204137
541 203652
542 203806
543 203881
544 203251
545 204124
546 203833
547 203936
548 204113
549 203967
550 203912
551 203673
552 203627
553 203866
554 203729
555 203591
556 203846
557 203572
558 203793
559 204035
560 203643
561 203728
562 204125
563 203292
564 204179
565 204355
566 204484
567 203954
568 204240
569 204280
570 204443
571 203893
572 203726
573 204069
574 203990
575 203906
576 204604
577 203983
578 204095
579 204375
580 204029
581 204028
582 204478
583 204205
584 204191
585 204253
586 204364
587 204354
588 203944
589 204098
590 204320
591 204207
592 204347
593 204212
594 203868
595 203681
596 203840
597 203811
598 204335
599 203547
600 203890
601 203533
602 203939
603 203840
604 203997
605 203861
606 204138
607 204132
608 204159
609 204695
610 204606
611 204521
612 204133
613 204210
614 204356
615 204091
616 203945
617 203299
618 204084
619 204203
620 203470
621 204479
622 204050
623 204485
624 204570
625 203386
626 204514
627 204694
628 204330
629 204150
630 203706
631 204324
632 204027
633 204483
634 204060
635 204451
636 203968
637 203976
638 204072
639 204406
640 203917
641 204503
642 204242
643 204187
644 204511
645 203968
646 204291
647 203960
648 203968
649 204795
650 204495
651 204158
652 204227
653 204151
654 204399
655 204172
656 204207
657 204314
658 203836
659 203944
660 204480
661 204361
662 204378
663 203777
664 203968
665 204360
666 204136
667 203683
668 204469
669 204596
670 204294
671 204532
672 204230
673 204143
674 204387
675 203947
676 204274
677 204466
678 204831
679 204364
680 204478
681 204600
682 203867
683 204296
684 204370
685 204182
686 204392
687 204476
688 204291
689 204336
690 204446
691 204654
692 204482
693 204199
694 204767
695 204615
696 204939
697 204850
698 204577
699 204610
700 204136
701 205046
702 204131
703 204757
704 204912
705 204329
706 204770
707 204754
708 204581
709 204724
710 204746
711 204459
712 204412
713 204956
714 204268
715 204939
716 204909
717 204101
718 204081
719 205020
720 204535
721 204268
722 204197
723 204409
724 204312
725 204568
726 204414
727 204323
728 204719
729 204015
730 204389
731 204551
732 204524
733 204563
734 204082
735 204296
736 204535
737 204090
738 204059
739 204228
740 204639
741 204491
742 204392
743 204620
744 204251
745 204346
746 204534
747 204495
748 204067
749 204132
750 203739
751 204591
752 203937
753 204206
754 204626
755 204842
756 204686
757 204755
758 204621
759 204256
760 204486
761 204621
762 204339
763 204470
764 204283
765 205372
766 203920
767 204601
768 204021
769 204574
770 204418
771 204824
772 204292
773 204610
774 204536
775 204790
776 204013
777 204077
778 204658
779 204276
780 204505
781 204017
782 204654
783 204337
784 204308
785 204471
786 204462
787 204578
788 204487
789 204815
790 204296
791 204396
792 203951
793 204338
794 204424
795 204212
796 203889
797 204422
798 204638
799 204220
800 204304
801 203706
802 204012
803 203982
804 204069
805 204545
806 204535
807 204645
808 203963
809 204721
810 204114
811 204422
812 204425
813 204368
814 204363
815 204507
816 203773
817 204632
818 203979
819 204416
820 204294
821 204478
822 204017
823 204333
824 203735
825 204397
826 204351
827 203995
828 204873
829 204282
830 204006
831 203935
832 204215
833 204491
834 204913
835 204223
836 204139
837 204565
838 204435
839 204541
840 204363
841 204063
842 204582
843 203892
844 204486
845 204275
846 203770
847 204724
848 204738
849 203989
850 204522
851 204473
852 204544
853 204338
854 204671
855 204464
856 204529
857 204116
858 204663
859 204371
860 203998
861 204728
862 204430
863 204365
864 204322
865 204239
866 204577
867 204367
868 203975
869 204696
870 204616
871 204479
872 204278
873 204678
874 204542
875 204487
876 204659
877 204092
878 204720
879 204873
880 204233
881 204519
882 204522
883 205156
884 204792
885 204302
886 204828
887 204603
888 204810
889 204847
890 204586
891 205171
892 204627
893 205556
894 204767
895 205015
896 205245
897 205441
898 205003
899 205356
900 205471
901 205303
902 205697
903 205280
904 205385
905 205736
906 205283
907 205076
908 205172
909 205338
910 205572
911 205262
912 205451
913 205537
914 205666
915 205643
916 205821
917 205378
918 205922
919 205542
920 205086
921 205049
922 205076
923 205682
924 205548
925 204934
926 205883
927 205349
928 204886
929 205587
930 205270
931 204771
932 205028
933 205033
934 205390
935 204965
936 204685
937 204778
938 205149
939 205157
940 204539
941 204660
942 204691
943 205136
944 205257
945 204589
946 204866
947 204449
948 205008
949 204500
950 204541
951 204629
952 205002
953 205004
954 204505
955 204609
956 204479
957 204263
958 204593
959 204213
960 204478
961 204805
962 204388
963 204686
964 204580
965 204714
966 204256
967 204182
968 204582
969 205041
970 204263
971 203913
972 204389
973 203948
974 204175
975 204329
976 204559
977 203884
978 203914
979 204187
980 204280
981 204649
982 204644
983 204228
984 204321
985 204630
986 204431
987 203973
988 204363
989 203883
990 204318
991 203748
992 203925
993 204372
994 204575
995 204437
996 204263
997 204566
998 204134
999 204068
1000 204016
1001 203860
1002 204302
1003 204288
1004 204084
1005 204130
1006 203788
1007 204450
1008 204189
1009 204232
1010 204026
1011 204453
1012 204615
1013 203803
1014 204215
1015 204053
1016 203969
1017 204201
1018 203989
1019 204393
1020 203656
1021 203831
1022 203624
1023 204055
1024 204067
1025 204352
1026 203754
1027 204464
1028 204693
1029 203901
1030 203707
1031 203845
1032 204217
1033 204537
1034 203964
1035 204341
1036 204704
1037 204189
1038 204428
1039 204318
1040 204002
1041 204239
1042 204241
1043 203560
1044 204119
1045 204568
1046 204150
1047 204153
1048 203364
1049 204779
1050 204405
1051 204437
1052 204786
1053 203984
1054 204537
1055 204182
1056 204275
1057 203922
1058 204608
1059 204295
1060 204353
1061 204740
1062 204109
1063 203554
1064 204576
1065 204497
1066 204583
1067 204005
1068 203797
1069 204287
1070 204396
1071 204506
1072 204574
1073 204079
1074 204862
1075 204217
1076 204255
1077 204408
1078 204540
1079 204846
1080 204800
1081 203870
1082 204232
1083 204946
1084 204595
1085 204595
1086 204343
1087 205054
1088 204639
1089 204779
1090 204874
1091 204272
1092 205050
1093 204563
1094 204861
1095 205100
1096 204707
1097 205062
1098 204575
1099 204143
1100 204899
1101 204159
1102 204700
1103 204526
1104 204764
1105 204954
1106 204416
1107 204584
1108 204558
1109 204579
1110 203867
1111 204562
1112 204782
1113 204624
1114 204284
1115 204351
1116 204535
1117 204726
1118 204642
1119 204733
1120 204560
1121 204787
1122 204899
1123 204891
1124 204806
1125 204808
1126 205221
1127 204732
1128 204709
1129 204713
1130 204877
1131 205062
1132 205737
1133 204544
1134 205122
1135 205262
1136 204973
1137 205646
1138 205611
1139 205285
1140 205971
1141 205576
1142 205357
1143 204832
1144 205297
1145 204854
1146 205368
1147 205150
1148 205262
1149 204699
1150 205490
1151 205121
1152 205311
1153 205090
1154 204955
1155 205085
1156 205224
1157 205326
1158 205014
1159 205294
1160 204733
1161 205343
1162 205045
1163 205088
1164 204776
1165 205536
1166 205461
1167 204910
1168 205149
1169 205363
1170 205299
1171 205308
1172 204785
1173 204898
1174 205232
1175 205375
1176 205390
1177 205207
1178 205472
1179 204911
1180 205380
1181 205046
1182 205186
1183 205022
1184 205322
1185 204947
1186 205181
1187 205513
1188 205371
1189 204932
1190 205419
1191 205251
1192 205113
1193 205740
1194 205114
1195 205572
1196 205802
1197 205395
1198 205521
1199 205509
1200 205192
1201 205596
1202 205434
1203 205245
1204 205396
1205 205810
1206 205557
1207 205612
1208 205594
1209 205387
1210 205720
1211 205864
1212 205316
1213 205790
1214 205425
1215 205703
1216 206247
1217 205815
1218 205624
1219 206348
1220 205502
1221 205763
1222 206333
1223 206064
1224 205470
1225 206015
1226 205710
1227 205899
1228 205974
1229 206068
1230 206714
1231 206432
1232 206604
1233 205958
1234 206490
1235 205448
1236 205676
1237 206724
1238 206352
1239 206040
1240 206102
1241 206310
1242 206515
1243 205869
1244 206275
1245 206174
1246 206134
1247 206352
1248 206788
1249 206937
1250 206186
1251 206179
1252 206807
1253 206162
1254 206884
1255 206648
1256 206301
1257 206637
1258 206011
1259 206343
1260 206352
1261 206745
1262 206590
1263 206244
1264 206476
1265 206647
1266 206754
1267 206610
1268 207059
1269 207281
1270 206346
1271 206503
1272 206302
1273 206467
1274 206848
1275 206440
1276 206486
1277 207076
1278 207050
1279 206812
1280 207056
1281 207342
1282 206906
1283 207246
1284 207471
1285 206911
1286 206878
1287 206742
1288 206947
1289 207270
1290 207069
1291 206519
1292 206888
1293 206849
1294 206676
1295 206679
1296 206922
1297 207258
1298 206772
1299 207169
1300 207434
1301 206752
1302 207891
1303 207690
1304 207477
1305 207311
1306 207639
1307 207377
1308 207464
1309 207390
1310 207371
1311 207670
1312 207673
1313 206982
1314 207308
1315 207454
1316 207584
1317 207474
1318 207923
1319 208086
1320 207189
1321 207398
1322 207750
1323 207470
1324 207969
1325 207862
1326 207922
1327 208133
1328 207523
1329 207827
1330 208083
1331 207803
1332 208089
1333 207908
1334 208371
1335 207654
1336 208406
1337 208568
1338 208211
1339 207797
1340 207671
1341 207837
1342 207417
1343 207566
1344 208423
1345 208066
1346 207661
1347 208159
1348 208213
1349 207972
1350 208099
1351 208212
1352 208203
1353 208295
1354 207796
1355 208631
1356 208827
1357 208595
1358 208114
1359 208500
1360 208348
1361 208108
1362 208457
1363 208303
1364 208326
1365 208457
1366 207959
1367 208374
1368 208376
1369 208320
1370 208744
1371 208334
1372 208559
1373 208426
1374 208574
1375 209168
1376 209250
1377 208972
1378 209347
1379 209118
1380 209182
1381 208707
1382 208780
1383 209100
1384 208863
1385 209508
1386 209364
1387 209406
1388 209729
1389 209803
1390 209851
1391 209671
1392 209382
1393 209168
1394 209479
1395 209941
1396 209571
1397 209763
1398 209284
1399 209884
1400 209792
1401 210087
1402 209950
1403 209920
1404 209834
1405 210162
1406 210395
1407 209863
1408 210118
1409 209957
1410 210267
1411 209865
1412 210001
1413 210178
1414 209945
1415 210016
1416 210319
1417 210263
1418 209614
1419 210141
1420 209931
1421 210289
1422 210049
1423 209985
1424 209564
1425 209982
1426 209750
1427 210415
1428 209912
1429 209585
1430 209594
1431 210029
1432 209974
1433 210043
1434 209774
1435 209581
1436 209586
1437 209791
1438 209750
1439 209957
1440 209068
1441 209552
1442 209444
1443 209549
1444 209258
1445 209476
1446 209518
1447 209359
1448 209632
1449 209401
1450 210023
1451 209939
1452 209614
1453 209751
1454 209773
1455 209678
1456 209269
1457 209450
1458 209827
1459 209364
1460 209925
1461 209394
1462 209392
1463 209680
1464 209695
1465 209574
1466 209753
1467 209885
1468 210184
1469 209987
1470 209682
1471 210322
1472 209663
1473 210096
1474 210181
1475 210064
1476 209330
1477 209769
1478 209863
1479 209881
1480 209509
1481 210090
1482 209975
1483 210327
1484 209631
1485 209754
1486 209811
1487 210129
1488 209987
1489 209582
1490 210344
1491 209902
1492 210348
1493 209636
1494 210365
1495 210421
1496 210350
1497 210254
1498 210463
1499 210333
1500 209638
1501 210546
1502 210018
1503 209896
1504 209913
1505 210034
1506 210623
1507 210152
1508 210120
1509 210665
1510 210952
1511 210333
1512 210301
1513 210419
1514 209847
1515 210290
1516 210463
1517 210230
1518 210146
1519 210138
1520 210971
1521 210825
1522 210646
1523 210317
1524 210774
1525 211115
1526 211290
1527 210792
1528 210763
1529 211000
1530 210865
1531 211004
1532 210612
1533 210699
1534 211147
1535 210935
1536 210967
1537 211310
1538 210785
1539 211071
1540 210897
1541 211662
1542 210900
1543 210475
1544 211366
1545 211071
1546 210606
1547 211030
1548 211381
1549 211240
1550 210789
1551 211303
1552 211187
1553 211154
1554 211466
1555 211162
1556 211620
1557 211338
1558 211135
1559 211326
1560 211625
1561 211314
1562 210825
1563 210968
1564 211218
1565 211262
1566 211071
1567 211939
1568 211272
1569 211872
1570 211578
1571 211862
1572 211752
1573 211798
1574 211751
1575 211669
1576 211681
1577 211979
1578 211685
1579 211222
1580 212017
1581 212000
1582 211930
1583 212209
1584 212147
1585 211804
1586 211951
1587 212061
1588 211968
1589 211908
1590 212411
1591 211875
1592 212321
1593 212139
1594 212401
1595 212499
1596 212190
1597 212438
1598 212714
1599 212095
1600 212386
1601 211919
1602 212569
1603 212661
1604 212511
1605 212325
1606 212399
1607 212932
1608 212640
1609 212820
1610 212698
1611 212158
1612 212176
1613 212417
1614 212800
1615 212833
1616 212072
1617 212328
1618 213027
1619 212327
1620 212838
1621 212473
1622 212987
1623 212448
1624 212826
1625 212832
1626 212810
1627 212277
1628 212900
1629 213218
1630 212314
1631 212996
1632 213817
1633 213484
1634 212945
1635 213288
1636 213210
1637 213092
1638 212988
1639 213246
1640 213103
1641 213243
1642 213369
1643 213857
1644 213975
1645 213883
1646 213487
1647 213838
1648 214084
1649 214282
1650 214227
1651 214307
1652 213969
1653 213582
1654 214193
1655 213616
1656 214316
1657 213898
1658 213833
1659 213895
1660 214474
1661 213795
1662 214536
1663 213761
1664 214443
1665 214294
1666 213544
1667 214112
1668 213796
1669 214394
1670 213886
1671 214203
1672 214146
1673 214384
1674 213819
1675 213987
1676 213958
1677 213688
1678 213709
1679 213356
1680 214227
1681 213230
1682 213869
1683 213900
1684 213761
1685 213799
1686 213788
1687 213716
1688 213430
1689 213822
1690 213874
1691 213722
1692 213612
1693 213939
1694 213707
1695 213768
1696 213744
1697 213431
1698 213532
1699 213629
1700 213936
1701 213901
1702 214000
1703 213992
1704 214032
1705 214120
1706 213972
1707 213966
1708 214130
1709 213888
1710 213842
1711 214046
1712 214339
1713 214496
1714 214112
1715 213950
1716 214168
1717 214628
1718 213978
1719 214068
1720 214527
1721 214411
1722 214214
1723 214405
1724 214151
1725 214302
1726 214264
1727 214277
1728 214665
1729 214662
1730 214216
1731 214080
1732 214412
1733 214083
1734 213952
1735 213666
1736 214276
1737 214099
1738 214150
1739 213942
1740 213929
1741 214253
1742 214054
1743 214180
1744 214510
1745 214343
1746 214445
1747 214023
1748 214753
1749 214344
1750 214117
1751 214162
1752 213602
1753 214339
1754 214065
1755 214899
1756 214950
1757 214464
1758 214696
1759 214706
1760 214384
1761 214235
1762 214066
1763 214275
1764 214646
1765 215291
1766 214796
1767 214516
1768 214949
1769 214627
1770 214520
1771 214722
1772 214981
1773 214568
1774 215539
1775 215135
1776 214968
1777 214382
1778 214791
1779 214726
1780 214556
1781 214929
1782 214786
1783 215305
1784 215391
1785 214863
1786 215156
1787 215171
1788 215449
1789 214837
1790 214992
1791 215410
1792 215406
1793 215163
1794 215695
1795 215403
1796 215018
1797 215080
1798 215435
1799 215556
1800 215295
1801 215213
1802 215297
1803 215242
1804 215068
1805 215433
1806 215649
1807 215224
1808 215420
1809 215570
1810 215791
1811 215241
1812 215738
1813 215263
1814 215638
1815 215755
1816 214824
1817 215771
1818 215524
1819 214947
1820 215706
1821 215341
1822 215488
1823 215101
1824 215783
1825 216008
1826 215399
1827 215522
1828 215793
1829 215499
1830 215056
1831 215629
1832 214929
1833 215729
1834 215783
1835 214788
1836 215595
1837 215344
1838 215426
1839 216048
1840 215672
1841 215726
1842 215435
1843 215538
1844 215456
1845 215676
1846 215292
1847 215781
1848 215558
1849 215691
1850 215490
1851 215584
1852 215759
1853 215007
1854 216183
1855 215554
1856 215893
1857 215716
1858 215797
1859 216031
1860 215175
1861 215751
1862 215561
1863 215540
1864 215601
1865 215494
1866 215732
1867 215353
1868 215198
1869 215596
1870 215663
1871 215246
1872 215670
1873 215658
1874 215153
1875 215376
1876 215235
1877 215066
1878 215296
1879 215050
1880 215303
1881 215139
1882 214524
1883 215417
1884 215397
1885 215058
1886 215405
1887 215300
1888 215495
1889 215473
1890 215787
1891 215369
1892 215759
1893 215191
1894 215676
1895 215743
1896 215288
1897 215769
1898 215463
1899 215457
1900 215850
1901 215938
1902 215828
1903 215646
1904 215706
1905 215864
1906 215553
1907 215822
1908 215633
1909 216051
1910 215746
1911 216076
1912 216257
1913 215772
1914 215993
1915 216229
1916 216395
1917 215905
1918 215851
1919 216488
1920 216519
1921 215904
1922 216273
1923 216284
1924 216740
1925 216272
1926 216212
1927 215721
1928 216717
1929 216262
1930 216457
1931 216016
1932 216439
1933 216890
1934 216321
1935 216352
1936 216364
1937 216632
1938 216570
1939 216653
1940 217143
1941 216464
1942 216590
1943 216435
1944 215960
1945 216430
1946 216533
1947 216746
1948 216868
1949 216825
1950 217236
1951 217010
1952 216980
1953 217297
1954 217373
1955 217213
1956 217515
1957 217537
1958 216795
1959 216766
1960 217468
1961 217184
1962 216903
1963 216952
1964 216635
1965 217432
1966 216913
1967 217106
1968 217219
1969 217055
1970 217411
1971 216146
1972 216827
1973 216256
1974 216769
1975 216321
1976 216899
1977 216340
1978 216461
1979 216379
1980 216693
1981 215994
1982 216416
1983 216457
1984 216802
1985 216830
1986 216312
1987 216291
1988 216093
1989 216384
1990 216341
1991 216618
1992 216463
1993 216283
1994 216490
1995 216655
1996 216468
1997 216873
1998 217061
1999 216209
2000 216853
2001 217101
2002 216434
2003 216674
2004 216534
2005 216487
2006 216208
2007 217003
2008 216595
2009 216869
2010 216685
2011 216347
2012 215978
2013 216172
2014 216063
2015 216442
2016 215960
2017 215028
2018 215749
2019 216111
2020 216017
2021 216372
2022 215864
2023 215603
2024 216148
2025 215573
2026 216118
2027 215463
2028 215904
2029 215588
2030 216198
2031 215720
2032 215480
2033 215690
2034 215847
2035 215912
2036 215150
2037 216015
2038 216234
2039 215903
2040 215868
2041 216277
2042 216431
2043 216218
2044 216349
2045 216344
2046 216321
2047 216393
2048 215990
2049 216215
2050 216022
2051 216227
2052 215768
2053 216132
2054 215968
2055 216196
2056 216208
2057 216360
2058 216502
2059 216241
2060 216712
2061 217019
2062 216276
2063 216199
2064 216308
2065 216220
2066 215851
2067 215876
2068 216531
2069 216853
2070 216404
2071 216687
2072 216781
2073 216550
2074 216521
2075 217103
2076 216597
2077 216636
2078 217485
2079 217117
2080 216615
2081 217678
2082 217112
2083 217204
2084 217711
2085 217483
2086 217060
2087 217371
2088 217081
2089 216680
2090 217469
2091 217115
2092 216901
2093 217011
2094 217486
2095 216869
2096 217517
2097 217635
2098 217144
2099 217381
2100 216868
2101 216715
2102 216878
2103 217129
2104 216830
2105 216775
2106 216471
2107 216717
2108 216586
2109 217020
2110 216314
2111 216964
2112 216512
2113 217015
2114 216870
2115 216389
2116 216665
2117 216917
2118 216966
2119 216557
2120 216420
2121 216564
2122 216616
2123 216864
2124 216710
2125 216745
2126 216587
2127 216901
2128 216929
2129 216629
2130 216745
2131 216562
2132 216866
2133 216824
2134 216734
2135 216641
2136 216478
2137 216900
2138 216793
2139 216564
2140 216882
2141 216369
2142 217406
2143 217002
2144 217290
2145 217508
2146 217689
2147 216767
2148 217131
2149 216975
2150 217160
2151 217257
2152 217569
2153 217645
2154 217706
2155 216837
2156 217506
2157 217403
2158 217398
2159 217389
2160 217072
2161 217214
2162 217928
2163 217802
2164 217192
2165 217842
2166 216598
2167 217244
2168 217261
2169 217203
2170 217746
2171 217547
2172 217626
2173 217300
2174 217537
2175 217452
2176 217780
2177 217638
2178 217727
2179 217699
2180 217528
2181 217270
2182 217743
2183 217667
2184 217663
2185 217888
2186 217719
2187 217656
2188 217884
2189 217639
2190 217804
2191 217398
2192 217824
2193 217613
2194 218168
2195 217978
2196 217854
2197 218501
2198 218372
2199 218299
2200 218333
2201 218435
2202 218211
2203 218574
2204 217910
2205 218295
2206 218253
2207 218105
2208 218539
2209 217958
2210 217780
2211 218182
2212 218156
2213 218398
2214 218217
2215 217902
2216 218334
2217 218176
2218 218336
2219 218304
2220 218509
2221 218789
2222 218406
2223 218121
2224 218757
2225 218191
2226 218800
2227 218443
2228 219001
2229 218377
2230 218880
2231 218677
2232 218908
2233 218805
2234 218712
2235 218691
2236 219075
2237 218858
2238 218822
2239 219071
2240 219316
2241 218909
2242 218883
2243 218766
2244 218640
2245 219037
2246 219363
2247 219676
2248 219347
2249 218837
2250 219289
2251 219162
2252 219431
2253 219070
2254 219886
2255 219594
2256 219639
2257 219651
2258 219175
2259 219603
2260 219409
2261 219511
2262 219233
2263 219424
2264 219591
2265 219348
2266 219022
2267 219925
2268 219287
2269 219137
2270 219396
2271 218589
2272 218693
2273 218856
2274 218865
2275 219411
2276 219682
2277 219070
2278 219466
2279 219030
2280 219221
2281 218909
2282 219417
2283 219734
2284 219571
2285 219542
2286 219078
2287 219681
2288 219225
2289 219881
2290 219505
2291 219669
2292 219178
2293 220148
2294 219622
2295 219757
2296 219802
2297 219339
2298 219855
2299 220389
2300 219845
2301 219964
2302 219583
2303 220246
2304 220467
2305 219792
2306 220451
2307 219938
2308 219977
2309 220024
2310 220243
2311 220286
2312 220255
2313 220183
2314 220386
2315 220219
2316 220127
2317 220365
2318 220206
2319 220272
2320 220275
2321 219907
2322 220661
2323 220248
2324 220906
2325 220897
2326 220612
2327 220882
2328 220749
2329 220634
2330 220975
2331 220924
2332 220880
2333 220745
2334 220750
2335 221378
2336 221524
2337 221281
2338 221114
2339 222068
2340 221388
2341 221203
2342 221340
2343 221308
2344 221251
2345 221485
2346 221341
2347 222164
2348 221170
2349 221456
2350 221408
2351 221631
2352 220829
2353 221333
2354 222049
2355 220727
2356 221261
2357 221446
2358 221129
2359 221918
2360 220954
2361 221326
2362 221076
2363 221567
2364 221017
2365 221656
2366 221969
2367 221357
2368 221459
2369 221122
2370 221676
2371 221348
2372 221517
2373 221693
2374 221517
2375 221619
2376 221929
2377 221560
2378 222004
2379 221552
2380 221737
2381 221886
2382 221842
2383 221842
2384 221980
2385 221999
2386 222019
2387 221734
2388 221896
2389 222159
2390 221974
2391 222201
2392 222367
2393 222047
2394 221979
2395 222485
2396 222265
2397 222006
2398 221846
2399 222155
2400 221887
2401 221815
2402 221762
2403 221930
2404 222342
2405 222027
2406 222433
2407 222651
2408 222647
2409 222381
2410 221943
2411 222317
2412 222871
2413 222918
2414 222276
2415 222398
2416 222641
2417 222532
2418 223440
2419 222951
2420 223619
2421 222629
2422 222361
2423 222949
2424 223303
2425 223003
2426 222797
2427 222764
2428 222697
2429 223070
2430 222746
2431 222798
2432 222790
2433 222658
2434 223093
2435 223198
2436 222566
2437 222763
2438 222834
2439 222926
2440 223187
2441 223089
2442 222775
2443 222126
2444 223266
2445 222740
2446 222894
2447 222543
2448 222449
2449 222304
2450 222502
2451 222300
2452 222146
2453 222574
2454 222588
2455 223136
2456 222368
2457 222311
2458 222651
2459 222560
2460 222638
2461 222680
2462 222664
2463 222544
2464 222657
2465 222827
2466 222141
2467 222758
2468 222235
2469 222493
2470 222577
2471 222738
2472 222789
2473 222909
2474 222747
2475 222374
2476 222871
2477 222528
2478 222520
2479 223130
2480 222999
2481 222797
2482 222676
2483 222797
2484 222059
2485 222877
2486 222269
2487 222460
2488 222932
2489 222428
2490 222486
2491 222725
2492 222741
2493 222993
2494 222941
2495 222619
2496 222853
2497 223109
2498 222966
2499 222850
2500 222342
2501 222627
2502 222996
2503 222697
2504 223198
2505 223553
2506 222871
2507 223020
2508 223125
2509 222999
2510 223056
2511 222999
2512 223086
2513 223075
2514 223104
2515 222827
2516 223227
2517 223131
2518 223133
2519 223420
2520 223381
2521 223079
2522 223650
2523 222946
2524 223729
2525 222901
2526 223365
2527 223023
2528 222621
2529 223212
2530 222771
2531 223948
2532 223196
2533 223274
2534 223437
2535 223291
2536 222830
2537 223283
2538 223284
2539 223415
2540 223460
2541 223431
2542 223786
2543 223187
2544 223525
2545 223665
2546 223708
2547 223935
2548 224206
2549 223645
2550 223156
2551 223845
2552 224025
2553 223693
2554 223887
2555 223633
2556 223753
2557 224167
2558 223764
2559 223804
2560 223546
2561 224053
2562 223952
2563 223908
2564 223753
2565 224064
2566 224157
2567 223692
2568 223748
2569 223844
2570 223559
2571 223787
2572 223933
2573 224030
2574 223648
2575 224174
2576 224330
2577 224245
2578 224113
2579 224459
2580 224504
2581 223922
2582 224304
2583 224088
2584 224422
2585 224177
2586 224163
2587 224366
2588 224366
2589 224037
2590 223827
2591 223748
2592 223825
2593 223998
2594 224809
2595 224104
2596 223851
2597 224247
2598 224000
2599 223954
2600 223529
2601 223844
2602 224140
2603 223957
2604 223572
2605 223637
2606 224153
2607 223633
2608 223800
2609 223616
2610 223067
2611 224336
2612 223898
2613 223825
2614 224290
2615 224258
2616 223565
2617 223691
2618 223837
2619 223927
2620 223785
2621 223671
2622 224019
2623 223761
2624 223889
2625 223451
2626 223417
2627 223348
2628 223702
2629 223676
2630 223849
2631 223393
2632 223781
2633 223138
2634 223378
2635 223649
2636 223359
2637 223274
2638 223183
2639 223627
2640 224089
2641 223809
2642 223650
2643 223543
2644 223906
2645 223195
2646 223675
2647 223485
2648 223681
2649 223336
2650 223510
2651 223540
2652 223842
2653 224014
2654 223734
2655 223962
2656 223761
2657 223321
2658 223531
2659 224273
2660 223901
2661 223880
2662 223893
2663 223912
2664 223460
2665 223302
2666 223751
2667 223265
2668 223346
2669 223361
2670 223341
2671 223757
2672 223650
2673 223697
2674 223652
2675 223822
2676 223138
2677 223436
2678 223776
2679 223909
2680 223694
2681 223727
2682 223959
2683 224102
2684 223882
2685 223609
2686 223814
2687 223708
2688 223775
2689 224048
2690 223740
2691 223489
2692 223751
2693 223962
2694 223876
2695 223871
2696 223931
2697 223914
2698 224099
2699 224235
2700 223596
2701 223774
2702 223920
2703 223476
2704 223523
2705 224430
2706 224377
2707 223782
2708 224208
2709 224108
2710 224278
2711 223972
2712 223764
2713 223785
2714 223782
2715 224065
2716 224073
2717 224323
2718 223869
2719 223777
2720 223519
2721 224622
2722 224071
2723 224192
2724 224195
2725 224153
2726 223996
2727 224027
2728 224014
2729 223727
2730 223892
2731 223959
2732 223952
2733 223970
2734 223975
2735 224928
2736 224241
2737 224225
2738 224016
2739 224340
2740 224010
2741 224190
2742 224323
2743 224669
2744 224391
2745 224311
2746 223578
2747 224133
2748 224114
2749 223801
2750 224170
2751 224313
2752 224047
2753 224388
2754 223831
2755 223281
2756 223338
2757 223718
2758 223563
2759 223641
2760 223904
2761 223766
2762 223308
2763 223624
2764 223959
2765 223943
2766 223815
2767 223803
2768 224048
2769 223613
2770 223915
2771 223886
2772 223738
2773 223770
2774 223598
2775 223881
2776 223366
2777 223621
2778 223699
2779 223473
2780 223529
2781 224135
2782 223805
2783 223858
2784 223961
2785 223760
2786 224422
2787 224404
2788 224260
2789 224066
2790 224376
2791 224240
2792 223980
2793 224318
2794 223928
2795 224530
2796 224112
2797 223834
2798 224129
2799 224294
2800 224182
2801 224733
2802 224459
2803 224354
2804 225023
2805 224240
2806 224167
2807 224544
2808 224407
2809 224167
2810 225013
2811 224119
2812 224327
2813 224369
2814 224489
2815 224290
2816 224405
2817 224553
2818 224146
2819 224542
2820 224394
2821 224227
2822 224213
2823 224522
2824 224356
2825 224125
2826 224433
2827 224659
2828 224062
2829 224662
2830 224261
2831 224571
2832 224669
2833 224257
2834 224848
2835 224114
2836 224318
2837 224767
2838 224626
2839 224000
2840 224416
2841 224519
2842 224729
2843 224799
2844 224075
2845 224843
2846 224191
2847 225139
2848 224780
2849 224994
2850 224978
2851 224801
2852 224919
2853 224662
2854 224586
2855 225197
2856 224974
2857 225061
2858 224352
2859 224833
2860 224704
2861 224453
2862 224053
2863 224372
2864 224517
2865 224480
2866 224165
2867 224507
2868 224291
2869 224426
2870 224523
2871 224024
2872 224498
2873 224255
2874 224268
2875 224324
2876 223965
2877 224450
2878 224454
2879 224141
2880 224221
2881 223795
2882 224530
2883 224189
2884 224395
2885 224762
2886 224053
2887 224254
2888 224784
2889 224577
2890 224624
2891 224551
2892 224092
2893 224534
2894 224603
2895 224518
2896 225194
2897 225473
2898 224540
2899 224873
2900 224954
2901 225159
2902 225192
2903 225116
2904 225008
2905 225472
2906 224888
2907 225022
2908 225141
2909 225133
2910 225211
2911 224880
2912 225169
2913 224800
2914 225070
2915 225224
2916 224686
2917 224916
2918 225056
2919 224722
2920 224320
2921 224859
2922 224597
2923 225228
2924 224802
2925 225166
2926 225163
2927 225102
2928 224771
2929 224808
2930 225127
2931 224671
2932 225226
2933 224961
2934 225047
2935 225013
2936 224819
2937 224666
2938 224513
2939 225196
2940 224717
2941 224769
2942 224568
2943 224630
2944 224109
2945 224685
2946 225124
2947 224686
2948 224753
2949 224731
2950 224545
2951 224567
2952 224799
2953 224867
2954 225035
2955 224787
2956 224240
2957 224351
2958 224683
2959 224485
2960 224332
2961 224923
2962 224844
2963 224362
2964 224686
2965 224473
2966 224639
2967 224605
2968 224438
2969 224650
2970 224823
2971 224402
2972 223822
2973 224490
2974 224301
2975 224407
2976 223931
2977 224033
2978 224236
2979 223994
2980 224148
2981 224467
2982 224251
2983 223867
2984 224231
2985 224347
2986 224063
2987 223926
2988 224080
2989 224079
2990 224394
2991 224231
2992 224576
2993 224240
2994 224341
2995 224564
2996 224785
2997 224748
2998 224791
2999 224346
3000 224181
3001 224754
3002 224352
3003 224055
3004 224711
3005 225442
3006 225033
3007 224630
3008 224254
3009 224826
3010 224538
3011 224859
3012 224470
3013 224548
3014 224231
3015 224379
3016 224639
3017 224028
3018 224358
3019 224986
3020 224301
3021 224430
3022 224298
3023 223864
3024 224265
3025 224196
3026 224308
3027 223979
3028 224146
3029 224497
3030 223981
3031 224172
3032 224525
3033 224363
3034 224401
3035 224129
3036 224517
3037 224440
3038 224120
3039 224354
3040 224351
3041 224036
3042 224681
3043 224433
3044 224322
3045 224504
3046 224649
3047 224648
3048 224437
3049 224284
3050 224673
3051 224560
3052 224800
3053 224740
3054 224696
3055 224402
3056 224179
3057 224122
3058 224419
3059 224153
3060 224050
3061 224416
3062 224482
3063 224438
3064 223924
3065 224615
3066 224705
3067 224405
3068 224061
3069 224699
3070 224617
3071 224242
3072 224479
3073 224506
3074 224529
3075 224986
3076 224885
3077 224693
3078 224202
3079 224939
3080 224476
3081 224479
3082 224445
3083 224690
3084 224753
3085 224945
3086 223832
3087 224834
3088 224685
3089 224802
3090 224515
3091 224664
3092 224895
3093 224469
3094 224457
3095 224283
3096 224792
3097 224424
3098 224237
3099 224622
3100 224246
3101 223768
3102 224089
3103 224705
3104 224837
3105 223851
3106 224881
3107 224119
3108 224204
3109 224489
3110 224177
3111 224279
3112 224097
3113 224088
3114 224397
3115 224003
3116 224856
3117 224502
3118 224667
3119 223955
3120 224303
3121 224686
3122 223593
3123 224559
3124 224570
3125 224228
3126 224600
3127 224113
3128 224141
3129 224510
3130 224357
3131 224446
3132 224446
3133 224218
3134 224579
3135 224676
3136 224231
3137 225067
3138 223995
3139 224594
3140 224484
3141 224628
3142 224552
3143 224355
3144 224382
3145 224418
3146 224314
3147 224129
3148 223986
3149 224343
3150 224243
3151 224176
3152 224479
3153 224578
3154 224154
3155 224189
3156 224177
3157 223926
3158 224229
3159 224098
3160 223544
3161 224823
3162 224346
3163 224144
3164 224086
3165 224131
3166 224547
3167 224418
3168 223941
3169 224779
3170 224061
3171 224506
3172 224554
3173 223914
3174 224622
3175 224471
3176 224442
3177 224273
3178 224025
3179 224472
3180 224056
3181 223554
3182 223945
3183 224508
3184 224542
3185 224178
3186 224568
3187 224506
3188 224427
3189 224276
3190 223593
3191 224340
3192 224294
3193 224022
3194 224005
3195 224211
3196 224338
3197 224324
3198 224349
3199 223976
3200 224754
3201 224403
3202 224388
3203 224271
3204 224651
3205 224331
3206 224470
3207 224731
3208 224791
3209 224468
3210 224621
3211 224280
3212 224753
3213 224451
3214 224619
3215 224426
3216 224737
3217 224948
3218 224503
3219 225123
3220 224491
3221 224703
3222 224903
3223 225185
3224 225124
3225 224930
3226 225093
3227 224678
3228 224523
3229 224741
3230 225138
3231 224634
3232 224928
3233 225110
3234 224752
3235 225249
3236 225110
3237 225321
3238 225308
3239 225138
3240 225002
3241 225030
3242 225014
3243 225418
3244 225454
3245 225467
3246 225746
3247 225539
3248 225060
3249 225500
3250 225107
3251 225079
3252 225464
3253 225670
3254 225356
3255 225363
3256 225543
3257 225122
3258 225246
3259 225262
3260 225335
3261 225385
3262 225211
3263 225166
3264 225214
3265 225587
3266 225246
3267 226178
3268 225204
3269 225508
3270 226099
3271 225055
3272 225456
3273 225943
3274 225562
3275 225873
3276 226126
3277 225590
3278 225597
3279 225758
3280 225870
3281 225544
3282 226163
3283 225794
3284 226188
3285 225801
3286 226002
3287 226171
3288 226330
3289 226273
3290 226096
3291 226443
3292 225605
3293 226140
3294 226318
3295 226280
3296 226095
3297 225943
3298 226285
3299 226456
3300 226150
3301 226252
3302 225945
3303 225855
3304 226295
3305 226128
3306 226751
3307 225723
3308 225935
3309 225823
3310 226110
3311 226007
3312 226324
3313 225613
3314 226139
3315 226121
3316 226273
3317 225937
3318 226345
3319 226358
3320 225887
3321 225927
3322 226395
3323 226248
3324 225924
3325 226004
3326 226551
3327 225813
3328 226247
3329 226310
3330 226128
3331 226100
3332 226279
3333 226327
3334 225867
3335 226017
3336 226507
3337 226217
3338 226059
3339 226418
3340 226084
3341 226515
3342 226230
3343 226485
3344 226789
3345 226270
3346 226036
3347 226233
3348 226375
3349 226415
3350 226425
3351 225907
3352 226545
3353 226515
3354 226388
3355 226123
3356 226318
3357 226322
3358 226240
3359 226523
3360 226209
3361 226552
3362 226447
3363 226830
3364 226996
3365 226623
3366 226294
3367 226031
3368 226283
3369 226638
3370 226726
3371 226728
3372 226976
3373 226720
3374 226861
3375 226939
3376 226717
3377 226668
3378 226619
3379 226747
3380 226840
3381 226759
3382 227024
3383 226879
3384 226851
3385 227110
3386 226924
3387 226213
3388 227465
3389 226658
3390 226985
3391 227130
3392 227309
3393 227387
3394 227542
3395 227482
3396 227646
3397 227740
3398 228055
3399 227370
3400 227466
3401 227643
3402 227551
3403 227875
3404 227704
3405 228073
3406 228106
3407 228389
3408 227956
3409 228201
3410 228336
3411 228292
3412 228339
3413 228175
3414 228489
3415 228714
3416 228254
3417 228257
3418 229164
3419 228635
3420 228939
3421 229157
3422 228974
3423 228682
3424 228614
3425 228485
3426 228886
3427 228329
3428 228181
3429 228235
3430 228022
3431 228525
3432 228507
3433 228361
3434 228427
3435 228102
3436 227881
3437 228270
3438 228218
3439 227340
3440 227798
3441 227993
3442 227759
3443 228366
3444 227675
3445 227479
3446 227386
3447 227741
3448 228066
3449 228143
3450 227684
3451 227882
3452 227434
3453 227803
3454 227900
3455 227341
3456 228086
3457 227368
3458 227425
3459 226919
3460 227294
3461 227339
3462 227451
3463 227133
3464 227528
3465 228020
3466 227484
3467 227871
3468 227450
3469 227148
3470 227647
3471 227170
3472 227451
3473 227506
3474 227412
3475 227151
3476 227322
3477 227140
3478 227930
3479 227674
3480 227342
3481 226911
3482 227576
3483 227332
3484 227191
3485 227449
3486 227097
3487 227770
3488 227505
3489 227291
3490 227172
3491 227163
3492 227448
3493 227225
3494 227336
3495 227483
3496 227638
3497 227097
3498 227223
3499 227533
3500 227551
3501 227904
3502 227868
3503 227561
3504 227776
3505 228085
3506 228010
3507 228153
3508 227768
3509 227767
3510 227708
3511 227984
3512 227906
3513 227741
3514 227675
3515 227571
3516 228135
3517 228092
3518 228300
3519 227489
3520 227760
3521 227745
3522 228000
3523 227967
3524 228115
3525 228429
3526 227710
3527 228260
3528 228318
3529 228124
3530 227595
3531 227980
3532 228128
3533 227789
3534 227647
3535 228021
3536 228176
3537 227970
3538 227984
3539 228012
3540 227637
3541 227527
3542 227859
3543 227993
3544 227763
3545 227681
3546 227922
3547 228210
3548 227968
3549 227532
3550 227984
3551 227942
3552 227991
3553 227970
3554 228015
3555 228161
3556 227697
3557 227398
3558 228210
3559 227866
3560 227612
3561 227676
3562 227929
3563 227742
3564 227958
3565 227793
3566 228050
3567 228141
3568 228189
3569 228117
3570 227911
3571 228406
3572 228158
3573 227992
3574 228061
3575 227789
3576 228010
3577 227477
3578 228038
3579 228419
3580 227708
3581 228128
3582 227719
3583 228292
3584 227555
3585 228416
3586 228197
3587 228380
3588 228294
3589 228551
3590 228239
3591 228229
3592 228401
3593 228126
3594 228107
3595 228137
3596 228191
3597 228507
3598 227984
3599 228129
3600 227991
3601 227951
3602 228272
3603 228062
3604 228301
3605 227597
3606 227970
3607 227869
3608 228093
3609 228330
3610 228151
3611 227990
3612 228478
3613 228034
3614 228283
3615 228004
3616 227695
3617 228266
3618 228100
3619 228263
3620 228139
3621 228188
3622 228111
3623 228320
3624 228581
3625 228179
3626 228360
3627 228337
3628 228059
3629 228528
3630 228160
3631 228576
3632 228433
3633 228461
3634 228747
3635 228691
3636 228471
3637 228496
3638 229130
3639 229064
3640 228806
3641 228617
3642 228623
3643 228183
3644 228774
3645 228569
3646 228759
3647 228565
3648 228454
3649 228888
3650 228721
3651 228180
3652 228463
3653 228304
3654 228674
3655 228313
3656 228534
3657 228744
3658 228488
3659 228761
3660 228698
3661 229243
3662 228396
3663 228799
3664 228475
3665 228383
3666 229000
3667 228831
3668 228971
3669 229126
3670 229059
3671 228849
3672 228588
3673 229334
3674 228711
3675 228605
3676 229057
3677 228347
3678 228563
3679 228697
3680 228832
3681 229121
3682 229055
3683 228577
3684 228816
3685 228906
3686 228648
3687 228750
3688 228877
3689 228643
3690 228414
3691 228408
3692 228641
3693 228633
3694 228534
3695 228481
3696 228725
3697 228413
3698 228505
3699 228561
3700 228826
3701 228297
3702 228870
3703 228640
3704 228469
3705 228884
3706 228564
3707 228268
3708 228890
3709 228621
3710 228408
3711 228764
3712 228476
3713 228725
3714 228085
3715 228855
3716 229096
3717 228395
3718 228177
3719 228212
3720 228053
3721 228516
3722 228399
3723 228308
3724 228344
3725 228566
3726 228066
3727 228801
3728 228105
3729 228397
3730 228070
3731 228584
3732 228937
3733 228640
3734 228101
3735 228184
3736 228439
3737 228369
3738 228792
3739 228218
3740 228220
3741 228464
3742 228736
3743 229037
3744 228333
3745 228028
3746 228425
3747 228810
3748 228525
3749 228278
3750 228623
3751 228491
3752 228663
3753 228550
3754 228198
3755 227897
3756 228277
3757 227988
3758 228230
3759 228167
3760 228263
3761 227892
3762 228561
3763 228213
3764 228539
3765 227743
3766 227880
3767 227837
3768 227972
3769 227945
3770 228091
3771 228181
3772 227925
3773 228535
3774 228388
3775 228096
3776 228219
3777 228427
3778 227917
3779 227739
3780 228524
3781 227658
3782 228103
3783 227628
3784 227713
3785 228788
3786 228152
3787 227515
3788 228255
3789 227740
3790 227312
3791 228000
3792 227944
3793 228407
3794 227819
3795 227840
3796 228112
3797 228289
3798 228087
3799 228297
3800 228197
3801 227969
3802 228260
3803 228481
3804 227892
3805 227941
3806 228175
3807 228447
3808 228508
3809 228284
3810 228440
3811 227993
3812 228045
3813 228025
3814 228380
3815 228339
3816 228162
3817 227922
3818 228261
3819 228097
3820 228381
3821 228168
3822 228695
3823 227811
3824 227996
3825 228228
3826 228454
3827 227686
3828 228724
3829 228071
3830 228644
3831 228137
3832 228380
3833 227976
3834 228131
3835 228701
3836 228027
3837 229066
3838 228238
3839 228060
3840 227791
3841 228091
3842 228202
3843 228333
3844 228589
3845 228327
3846 227884
3847 228648
3848 228739
3849 228717
3850 227981
3851 228122
3852 228355
3853 228616
3854 228134
3855 228489
3856 228283
3857 228597
3858 228520
3859 228207
3860 228079
3861 228487
3862 228068
3863 228884
3864 228464
3865 228442
3866 228474
3867 228708
3868 228023
3869 228141
3870 228411
3871 228619
3872 228271
3873 228522
3874 228432
3875 228498
3876 228163
3877 227815
3878 228568
3879 228518
3880 228224
3881 228643
3882 228425
3883 228319
3884 228229
3885 228482
3886 228406
3887 228739
3888 228600
3889 228515
3890 228894
3891 229590
3892 229408
3893 229086
3894 229463
3895 229324
3896 229026
3897 229801
3898 229361
3899 229060
3900 229686
3901 229805
3902 229277
3903 229702
3904 229921
3905 230048
3906 229179
3907 229438
3908 229546
3909 229792
3910 230191
3911 229938
3912 229686
3913 229985
3914 229103
3915 229536
3916 229708
3917 229720
3918 229385
3919 229521
3920 229771
3921 229016
3922 229420
3923 229078
3924 228877
3925 229105
3926 229122
3927 229181
3928 229092
3929 229081
3930 228929
3931 228430
3932 228432
3933 228409
3934 228594
3935 228374
3936 228461
3937 228570
3938 228553
3939 228285
3940 228220
3941 228749
3942 228496
3943 228267
3944 228389
3945 228261
3946 228291
3947 228417
3948 228091
3949 228173
3950 228952
3951 227656
3952 228523
3953 228107
3954 227672
3955 228066
3956 228802
3957 228324
3958 227921
3959 228470
3960 227985
3961 228509
3962 228325
3963 227744
3964 227547
3965 227828
3966 228330
3967 228058
3968 227988
3969 227590
3970 227621
3971 227208
3972 227993
3973 227922
3974 227881
3975 227685
3976 227544
3977 227780
3978 227473
3979 227746
3980 227657
3981 227544
3982 228041
3983 227292
3984 227707
3985 227225
3986 227616
3987 227277
3988 227897
3989 227703
3990 227142
3991 227767
3992 227691
3993 227604
3994 227500
3995 227707
3996 227362
3997 227643
3998 227658
3999 227476
4000 227198
4001 227044
4002 227246
4003 227754
4004 227307
4005 227371
4006 227308
4007 227952
4008 227578
4009 227305
4010 227280
4011 227628
4012 226932
4013 227149
4014 227634
4015 227460
4016 227387
4017 227130
4018 227181
4019 227157
4020 227610
4021 227558
4022 227909
4023 227389
4024 227119
4025 227582
4026 227564
4027 227046
4028 226931
4029 227036
4030 227014
4031 227549
4032 226918
4033 227584
4034 226965
4035 226972
4036 226931
4037 227147
4038 227117
4039 227080
4040 226960
4041 226424
4042 227046
4043 227404
4044 226860
4045 227043
4046 226605
4047 226776
4048 226998
4049 227378
4050 226439
4051 227132
4052 226993
4053 226924
4054 226620
4055 227343
4056 227019
4057 226664
4058 227000
4059 227084
4060 227147
4061 226929
4062 227051
4063 227065
4064 226912
4065 226978
4066 226877
4067 227444
4068 226880
4069 227274
4070 226736
4071 227121
4072 226780
4073 227519
4074 226873
4075 227197
4076 226834
4077 227245
4078 226473
4079 226831
4080 227063
4081 227099
4082 226780
4083 227082
4084 227320
4085 226923
4086 226790
4087 227166
4088 227078
4089 227059
4090 227230
4091 226713
4092 226585
4093 226541
4094 226473
4095 227460
4096 227383
4097 227351
4098 226840
4099 226795
4100 226496
4101 226856
4102 226762
4103 226800
4104 226993
4105 227080
4106 227220
4107 227498
4108 227016
4109 227446
4110 227252
4111 227391
4112 227471
4113 227030
4114 226901
4115 226818
4116 226800
4117 226651
4118 227551
4119 226855
4120 227098
4121 226603
4122 226920
4123 226893
4124 227327
4125 227128
4126 227416
4127 227198
4128 226976
4129 227167
4130 226608
4131 226924
4132 226623
4133 226848
4134 226886
4135 227175
4136 226774
4137 227080
4138 226365
4139 226771
4140 226702
4141 226997
4142 227127
4143 226808
4144 226811
4145 226864
4146 226493
4147 226637
4148 226312
4149 227037
4150 226653
4151 227235
4152 226553
4153 226781
4154 226656
4155 226640
4156 226826
4157 226197
4158 226610
4159 226724
4160 226979
4161 226694
4162 226444
4163 226778
4164 227007
4165 226722
4166 226928
4167 226740
4168 226842
4169 226990
4170 226691
4171 226512
4172 226888
4173 226956
4174 226586
4175 226761
4176 226880
4177 226949
4178 226323
4179 226843
4180 226372
4181 226785
4182 227015
4183 226967
4184 226925
4185 226772
4186 226960
4187 227327
4188 227253
4189 226855
4190 226976
4191 226790
4192 226894
4193 226650
4194 226852
4195 226888
4196 226813
4197 226591
4198 226750
4199 226949
4200 226835
4201 227200
4202 227061
4203 227238
4204 227272
4205 227186
4206 226644
4207 226956
4208 226751
4209 226956
4210 226735
4211 227141
4212 227005
4213 227577
4214 227062
4215 227137
4216 227288
4217 226682
4218 227359
4219 227017
4220 227306
4221 227335
4222 227559
4223 227435
4224 226631
4225 227210
4226 227342
4227 226996
4228 227348
4229 227222
4230 227604
4231 227655
4232 226783
4233 227234
4234 226942
4235 227441
4236 227517
4237 226771
4238 226940
4239 226765
4240 226996
4241 226934
4242 227158
4243 226719
4244 227110
4245 227596
4246 227418
4247 227584
4248 227370
4249 227135
4250 227352
4251 227271
4252 226934
4253 226849
4254 227537
4255 226985
4256 227358
4257 227245
4258 226701
4259 227751
4260 227549
4261 227408
4262 226761
4263 227345
4264 227552
4265 227734
4266 227481
4267 227200
4268 227328
4269 227486
4270 227413
4271 227462
4272 227776
4273 227309
4274 227175
4275 227069
4276 227202
4277 228002
4278 227702
4279 227365
4280 227554
4281 227389
4282 226806
4283 227837
4284 227279
4285 227486
4286 227600
4287 227576
4288 227036
4289 227400
4290 227588
4291 227860
4292 226982
4293 227028
4294 227325
4295 227207
4296 227407
4297 227414
4298 227315
4299 227705
4300 227407
4301 227763
4302 227843
4303 227395
4304 227439
4305 227543
4306 227740
4307 227657
4308 227419
4309 227969
4310 227568
4311 227335
4312 227704
4313 227731
4314 227937
4315 227339
4316 227739
4317 227485
4318 227632
4319 227420
4320 227322
4321 227783
4322 227281
4323 227433
4324 227672
4325 227384
4326 227960
4327 227977
4328 227640
4329 227342
4330 227819
4331 227505
4332 227523
4333 227578
4334 227261
4335 227720
4336 227230
4337 227336
4338 227615
4339 227730
4340 228289
4341 227122
4342 227761
4343 227725
4344 227206
4345 227929
4346 227099
4347 228111
4348 227983
4349 227684
4350 228040
4351 227697
4352 227373
4353 227827
4354 227439
4355 227709
4356 227230
4357 227836
4358 228114
4359 227039
4360 227632
4361 227646
4362 228090
4363 227804
4364 227901
4365 227598
4366 227613
4367 228238
4368 227709
4369 227827
4370 227964
4371 228103
4372 227703
4373 227626
4374 227802
4375 227878
4376 227775
4377 227259
4378 227947
4379 227874
4380 228007
4381 228127
4382 228254
4383 227697
4384 228753
4385 228394
4386 228446
4387 228654
4388 228378
4389 229085
4390 228512
4391 228841
4392 228449
4393 229224
4394 229011
4395 229823
4396 228819
4397 229299
4398 229132
4399 229087
4400 229019
4401 229538
4402 229555
4403 228830
4404 229658
4405 229460
4406 229282
4407 229044
4408 229525
4409 229666
4410 229765
4411 229674
4412 229979
4413 229485
4414 229124
4415 229968
4416 229711
4417 229991
4418 229660
4419 229358
4420 230269
4421 229914
4422 230057
4423 229512
4424 230314
4425 229989
4426 229342
4427 229749
4428 229547
4429 229867
4430 229490
4431 229793
4432 229634
4433 229225
4434 229362
4435 228969
4436 229658
4437 229281
4438 229389
4439 229045
4440 229447
4441 228706
4442 229118
4443 229079
4444 229363
4445 228232
4446 228733
4447 228939
4448 228304
4449 228138
4450 228630
4451 228227
4452 228500
4453 228211
4454 228571
4455 228374
4456 228124
4457 228052
4458 228567
4459 228415
4460 228082
4461 228767
4462 228240
4463 228474
4464 228437
4465 228180
4466 228155
4467 228070
4468 228009
4469 228112
4470 228136
4471 227881
4472 227922
4473 228060
4474 228183
4475 228092
4476 228123
4477 227899
4478 228502
4479 228167
4480 227906
4481 227946
4482 227756
4483 228209
4484 227888
4485 227757
4486 227984
4487 227900
4488 228395
4489 227987
4490 228412
4491 228333
4492 227857
4493 228190
4494 227842
4495 228015
4496 227659
4497 227799
4498 227921
4499 227883
4500 228288
4501 227706
4502 228011
4503 227920
4504 228012
4505 227919
4506 228122
4507 228228
4508 228302
4509 228365
4510 227682
4511 228501
4512 228220
4513 228139
4514 228314
4515 227882
4516 228079
4517 228292
4518 228169
4519 228542
4520 228429
4521 228356
4522 228363
4523 228264
4524 228318
4525 228935
4526 228351
4527 228872
4528 228982
4529 228938
4530 229243
4531 228710
4532 229499
4533 229370
4534 229217
4535 228556
4536 228436
4537 228871
4538 228418
4539 228261
4540 228564
4541 227914
4542 227621
4543 228191
4544 228199
4545 227717
4546 227894
4547 228160
4548 227882
4549 228015
4550 227850
4551 227819
4552 228361
4553 228263
4554 227924
4555 227929
4556 228436
4557 228436
4558 228527
4559 228297
4560 228519
4561 227970
4562 227833
4563 228104
4564 228172
4565 228120
4566 227863
4567 228115
4568 227979
4569 227857
4570 227874
4571 227913
4572 228176
4573 228078
4574 228375
4575 228458
4576 228000
4577 228655
4578 228409
4579 228457
4580 228508
4581 228707
4582 228802
4583 229420
4584 229362
4585 228938
4586 228941
4587 229803
4588 228982
4589 229209
4590 229217
4591 229811
4592 229493
4593 229362
4594 229561
4595 229516
4596 229466
4597 230201
4598 229892
4599 229566
4600 230104
4601 229713
4602 229342
4603 229545
4604 229538
4605 230216
4606 229405
4607 229676
4608 229903
4609 229392
4610 229367
4611 229431
4612 229346
4613 228944
4614 229278
4615 229246
4616 228925
4617 229089
4618 229016
4619 228813
4620 229007
4621 228435
4622 228688
4623 228426
4624 229042
4625 228531
4626 228929
4627 228622
4628 228794
4629 228749
4630 228880
4631 228893
4632 228883
4633 228792
4634 228843
4635 228335
4636 228526
4637 228655
4638 228929
4639 228862
4640 228823
4641 228630
4642 229055
4643 229353
4644 229047
4645 228486
4646 229028
4647 229496
4648 228820
4649 229103
4650 228841
4651 228759
4652 228985
4653 228650
4654 229160
4655 228665
4656 228669
4657 228531
4658 229484
4659 229481
4660 229116
4661 228921
4662 228789
4663 229178
4664 228860
4665 229317
4666 228509
4667 229294
4668 229672
4669 229219
4670 229962
4671 229421
4672 229270
4673 229344
4674 229548
4675 229219
4676 229400
4677 229874
4678 229634
4679 229450
4680 229511
4681 228935
4682 229256
4683 229668
4684 229111
4685 229399
4686 229048
4687 229087
4688 229002
4689 229260
4690 228714
4691 229574
4692 229605
4693 229370
4694 228420
4695 228523
4696 229013
4697 229379
4698 228724
4699 228817
4700 228842
4701 228558
4702 229116
4703 229523
4704 228745
4705 229044
4706 229266
4707 229086
4708 228949
4709 228990
4710 228809
4711 228599
4712 228898
4713 228524
4714 229052
4715 229546
4716 229302
4717 228892
4718 228741
4719 228317
4720 229495
4721 228459
4722 229266
4723 228768
4724 228929
4725 228426
4726 228594
4727 228748
4728 228418
4729 228360
4730 228803
4731 228286
4732 228457
4733 228825
4734 228463
4735 228518
4736 228089
4737 228025
4738 228553
4739 228205
4740 227929
4741 228354
4742 228709
4743 228489
4744 228519
4745 228628
4746 228272
4747 228532
4748 228432
4749 227641
4750 228429
4751 228563
4752 228438
4753 228485
4754 228578
4755 228836
4756 228161
4757 228401
4758 228754
4759 228089
4760 228404
4761 228161
4762 228521
4763 228227
4764 228104
4765 228570
4766 227378
4767 228020
4768 228114
4769 228270
4770 227634
4771 228393
4772 227829
4773 228230
4774 227773
4775 228459
4776 228148
4777 227709
4778 228025
4779 227502
4780 228248
4781 227995
4782 227806
4783 227815
4784 227810
4785 227534
4786 227930
4787 227799
4788 227710
4789 228381
4790 228310
4791 228202
4792 228594
4793 227838
4794 228110
4795 228106
4796 228009
4797 227764
4798 227963
4799 228348
4800 227821
4801 228147
4802 227784
4803 227825
4804 227822
4805 227737
4806 227608
4807 227793
4808 227593
4809 228100
4810 228198
4811 227525
4812 227480
4813 227591
4814 228264
4815 227740
4816 227106
4817 227575
4818 228130
4819 227655
4820 228114
4821 227519
4822 228488
4823 227634
4824 227852
4825 228105
4826 227554
4827 227975
4828 228072
4829 227729
4830 228023
4831 227703
4832 228163
4833 227486
4834 227644
4835 227937
4836 227691
4837 228392
4838 227723
4839 228235
4840 228234
4841 228255
4842 228142
4843 227767
4844 228168
4845 227758
4846 227430
4847 228422
4848 227497
4849 227994
4850 228267
4851 228028
4852 228335
4853 227613
4854 227920
4855 227535
4856 228102
4857 227996
4858 227795
4859 227833
4860 227974
4861 228265
4862 228464
4863 227878
4864 228124
4865 227877
4866 227721
4867 228543
4868 228110
4869 227413
4870 227827
4871 228296
4872 228011
4873 228330
4874 227821
4875 227993
4876 228426
4877 227782
4878 227977
4879 228395
4880 228541
4881 228012
4882 228397
4883 228193
4884 228504
4885 228436
4886 228266
4887 228430
4888 228568
4889 228724
4890 228354
4891 228740
4892 228177
4893 228870
4894 228821
4895 228652
4896 228599
4897 228517
4898 228772
4899 228703
4900 228886
4901 228451
4902 228884
4903 228917
4904 228718
4905 228725
4906 229095
4907 229102
4908 229329
4909 229134
4910 229019
4911 228846
4912 229265
4913 228914
4914 229509
4915 228948
4916 229217
4917 229370
4918 229217
4919 229010
4920 228853
4921 229000
4922 228818
4923 229087
4924 229514
4925 229045
4926 228818
4927 229017
4928 228578
4929 228830
4930 228577
4931 228951
4932 228724
4933 228501
4934 228762
4935 228475
4936 228283
4937 229254
4938 228466
4939 228658
4940 228976
4941 227894
4942 228099
4943 228104
4944 228504
4945 228379
4946 227819
4947 227846
4948 227347
4949 228010
4950 227789
4951 227840
4952 227434
4953 227991
4954 228053
4955 227855
4956 227737
4957 228231
4958 227754
4959 228189
4960 227870
4961 228104
4962 227880
4963 228052
4964 227703
4965 227683
4966 227549
4967 227125
4968 227255
4969 227954
4970 227659
4971 227705
4972 227643
4973 227034
4974 227316
4975 226934
4976 227305
4977 227821
4978 227269
4979 227811
4980 227828
4981 227388
4982 227926
4983 227785
4984 227746
4985 227677
4986 227675
4987 227140
4988 227247
4989 227171
4990 227406
4991 226963
4992 226909
4993 227391
4994 227675
4995 227083
4996 227376
4997 227010
4998 227058
4999 226888
5000 226831
5001 226943
5002 227379
5003 227448
5004 227456
5005 227537
5006 226967
5007 227369
5008 226881
5009 227189
5010 227054
5011 227229
5012 227128
5013 227069
5014 227367
5015 227745
5016 227073
5017 226973
5018 226675
5019 226807
5020 227218
5021 227650
5022 226412
5023 227058
5024 226923
5025 226450
5026 226425
5027 226688
5028 226749
5029 226700
5030 226533
5031 226401
5032 226224
5033 226545
5034 227036
5035 226143
5036 226447
5037 226353
5038 226597
5039 226175
5040 226611
5041 227081
5042 226984
5043 227340
5044 226433
5045 226787
5046 226952
5047 226333
5048 226768
5049 225973
5050 226936
5051 226420
5052 226657
5053 227024
5054 226760
5055 227057
5056 226909
5057 226575
5058 226764
5059 226945
5060 226394
5061 226491
5062 226946
5063 226327
5064 226863
5065 226454
5066 226882
5067 226592
5068 226654
5069 226723
5070 226971
5071 227052
5072 226531
5073 226907
5074 226860
5075 226682
5076 226627
5077 226490
5078 226495
5079 226239
5080 226009
5081 226434
5082 226161
5083 226096
5084 226116
5085 226523
5086 226520
5087 226900
5088 226228
5089 226705
5090 225947
5091 226818
5092 226174
5093 226424
5094 226059
5095 226401
5096 226422
5097 226044
5098 226665
5099 226649
5100 226220
5101 226604
5102 226371
5103 226911
5104 226227
5105 226570
5106 226081
5107 226395
5108 226651
5109 226475
5110 227222
5111 226475
5112 226608
5113 227334
5114 227519
5115 227248
5116 227179
5117 227569
5118 227828
5119 227462
5120 227586
5121 226908
5122 227466
5123 227157
5124 226829
5125 227048
5126 226928
5127 227450
5128 227608
5129 227196
5130 227294
5131 226936
5132 226536
5133 226974
5134 227150
5135 226527
5136 226470
5137 226414
5138 226720
5139 227141
5140 226611
5141 226525
5142 226507
5143 226263
5144 226380
5145 226616
5146 226458
5147 226389
5148 226719
5149 226180
5150 226210
5151 226559
5152 226594
5153 226442
5154 226869
5155 226185
5156 226014
5157 226377
5158 226381
5159 226949
5160 225991
5161 226000
5162 225717
5163 225783
5164 225672
5165 225734
5166 225723
5167 225814
5168 226096
5169 225898
5170 225696
5171 226174
5172 226262
5173 225702
5174 225906
5175 226045
5176 226349
5177 226162
5178 225585
5179 225876
5180 226079
5181 226351
5182 225607
5183 226463
5184 226035
5185 226271
5186 226437
5187 226179
5188 225836
5189 225938
5190 225849
5191 225763
5192 226115
5193 225958
5194 226374
5195 226007
5196 226258
5197 225834
5198 225932
5199 226389
5200 225653
5201 225947
5202 225521
5203 226194
5204 225696
5205 225765
5206 226056
5207 225827
5208 225851
5209 225786
5210 225581
5211 226249
5212 225980
5213 225978
5214 225825
5215 226321
5216 225829
5217 225469
5218 226017
5219 226031
5220 226254
5221 226219
5222 225785
5223 225989
5224 225574
5225 226040
5226 226381
5227 225749
5228 226045
5229 226108
5230 225942
5231 226001
5232 226089
5233 225565
5234 225523
5235 225739
5236 226021
5237 226104
5238 226070
5239 225746
5240 226241
5241 225928
5242 225582
5243 225666
5244 225666
5245 225884
5246 226399
5247 225948
5248 225859
5249 226218
5250 225842
5251 225939
5252 225523
5253 226096
5254 225878
5255 226567
5256 226628
5257 226111
5258 226596
5259 226235
5260 226022
5261 225892
5262 225574
5263 225945
5264 225917
5265 225454
5266 226165
5267 225989
5268 225018
5269 225439
5270 225978
5271 225151
5272 225994
5273 225667
5274 225537
5275 225743
5276 225484
5277 225879
5278 225851
5279 225464
5280 225567
5281 226057
5282 226061
5283 225815
5284 225635
5285 226251
5286 225559
5287 225669
5288 225574
5289 226482
5290 226481
5291 226399
5292 226436
5293 226614
5294 225999
5295 226386
5296 225829
5297 225845
5298 226456
5299 226281
5300 226441
5301 226331
5302 226516
5303 225874
5304 226257
5305 226244
5306 225622
5307 226150
5308 225862
5309 225585
5310 226379
5311 225844
5312 226170
5313 225580
5314 226208
5315 225719
5316 225920
5317 225641
5318 225573
5319 225613
5320 225215
5321 226244
5322 225796
5323 225944
5324 225505
