H11890
GateTime 10
GateNumber 0
SN 30430302
0 222327
1 223097
2 222689
3 223207
4 222559
5 223250
6 223324
7 222728
8 222770
9 222656
10 222588
11 222796
12 223052
13 222703
14 222940
15 222521
16 222964
17 222939
18 222851
19 222814
20 222886
21 222729
22 222697
23 222799
24 222475
25 222965
26 223047
27 222847
28 223223
29 222671
30 222933
31 222979
32 222836
33 222576
34 222755
35 222428
36 223043
37 222480
38 222640
39 222823
40 222276
41 222610
42 222916
43 222207
44 222871
45 222186
46 222616
47 222605
48 222834
49 222882
50 222707
51 222902
52 223144
53 223440
54 222927
55 222767
56 222887
57 223379
58 223116
59 222415
60 222637
61 222654
62 222542
63 223147
64 223238
65 223352
66 222745
67 222789
68 223337
69 223518
70 223249
71 223007
72 222963
73 223285
74 223671
75 223851
76 223485
77 223548
78 223643
79 223922
80 224096
81 223726
82 223727
83 224101
84 223728
85 223982
86 224319
87 224035
88 223886
89 224300
90 224254
91 223874
92 224280
93 223609
94 224074
95 223705
96 223947
97 224328
98 223856
99 224632
100 223770
101 223838
102 223924
103 224185
104 223845
105 223705
106 224145
107 223995
108 223634
109 224266
110 224263
111 224326
112 224708
113 224438
114 224661
115 224722
116 224488
117 225048
118 225078
119 225376
120 225092
121 225190
122 225066
123 225370
124 225384
125 225022
126 225618
127 225383
128 226074
129 226064
130 225860
131 225631
132 225683
133 225629
134 225398
135 225691
136 226005
137 225245
138 225582
139 224914
140 225822
141 225527
142 224945
143 225359
144 225050
145 224917
146 225348
147 225068
148 224773
149 225460
150 224809
151 224630
152 224779
153 224597
154 224640
155 224570
156 224054
157 224343
158 224471
159 224262
160 224492
161 224335
162 224013
163 223840
164 224349
165 223881
166 223981
167 224010
168 223845
169 223816
170 223477
171 223881
172 224044
173 224133
174 223785
175 224002
176 223827
177 224065
178 222945
179 223904
180 223655
181 223387
182 223191
183 223574
184 223405
185 223450
186 223686
187 223489
188 223072
189 222979
190 224111
191 223424
192 223155
193 222888
194 223619
195 223541
196 223345
197 222826
198 222936
199 223720
200 223236
201 223176
202 223297
203 223240
204 223543
205 223407
206 223623
207 223523
208 223636
209 223314
210 224045
211 223352
212 223112
213 223721
214 223227
215 223558
216 223723
217 222865
218 223143
219 223340
220 222882
221 223760
222 223407
223 222690
224 223005
225 223399
226 223652
227 223307
228 223826
229 223122
230 223172
231 223390
232 223297
233 223115
234 222790
235 223346
236 223645
237 223321
238 223562
239 223171
240 222511
241 223494
242 223086
243 223201
244 223311
245 223160
246 222824
247 223048
248 223258
249 222774
250 223456
251 222869
252 223298
253 223421
254 222809
255 223066
256 223335
257 223750
258 223350
259 223458
260 223218
261 222572
262 223362
263 223104
264 223344
265 222916
266 223314
267 223114
268 222959
269 222904
270 223604
271 223224
272 222953
273 223488
274 223125
275 223228
276 223930
277 223103
278 223512
279 223326
280 223584
281 223284
282 223139
283 222817
284 223136
285 223086
286 223443
287 223778
288 223665
289 223639
290 224022
291 223428
292 223619
293 223551
294 223644
295 223848
296 223287
297 223381
298 223473
299 223271
300 223760
301 223747
302 223701
303 223370
304 223765
305 223674
306 223970
307 223490
308 223660
309 223077
310 223511
311 223359
312 223387
313 223403
314 223946
315 223472
316 223649
317 223628
318 224006
319 223645
320 223496
321 223580
322 224168
323 222943
324 223448
325 223976
326 223477
327 223142
328 223885
329 223823
330 223334
331 223810
332 223249
333 223745
334 223790
335 223210
336 223557
337 223641
338 223556
339 223460
340 223899
341 224104
342 223882
343 223532
344 223748
345 223966
346 223608
347 223711
348 224002
349 223740
350 223777
351 223604
352 223629
353 223497
354 223725
355 223855
356 223364
357 223308
358 223473
359 223634
360 223786
361 224031
362 224234
363 223479
364 223937
365 224251
366 223861
367 223729
368 223790
369 223373
370 224208
371 223816
372 223695
373 223964
374 224392
375 223409
376 224071
377 223759
378 224109
379 223698
380 223931
381 223494
382 223612
383 223762
384 223549
385 224030
386 223866
387 224096
388 224335
389 223706
390 224115
391 224057
392 224055
393 223664
394 223978
395 224021
396 223793
397 223963
398 224433
399 223868
400 223473
401 224131
402 223356
403 224375
404 223637
405 223432
406 223669
407 224094
408 223658
409 224038
410 223424
411 224117
412 223995
413 223910
414 224044
415 224147
416 224302
417 223746
418 224161
419 223971
420 223979
421 224182
422 224378
423 224381
424 223446
425 224373
426 223839
427 223836
428 223860
429 223854
430 223941
431 223916
432 224150
433 224553
434 224319
435 223952
436 223977
437 224305
438 223710
439 223849
440 224061
441 224047
442 224013
443 224176
444 224249
445 223903
446 224261
447 224376
448 224287
449 224336
450 224034
451 224047
452 223897
453 224050
454 223975
455 224235
456 224323
457 223924
458 224057
459 224011
460 223594
461 223944
462 223974
463 224444
464 224159
465 224608
466 223990
467 223677
468 224485
469 224128
470 224427
471 224026
472 224501
473 224271
474 224669
475 223908
476 224443
477 224297
478 224053
479 224377
480 223999
481 224015
482 224427
483 224549
484 224313
485 224265
486 224116
487 223956
488 224506
489 224409
490 224700
491 224089
492 224413
493 223740
494 224039
495 224024
496 224623
497 223880
498 223944
499 224119
500 223926
501 224019
502 224379
503 223865
504 224260
505 224557
506 224097
507 223989
508 224385
509 223733
510 223782
511 224061
512 223933
513 224270
514 224178
515 224632
516 223875
517 224286
518 224180
519 224301
520 224528
521 224081
522 224307
523 224239
524 224248
525 224235
526 224281
527 224038
528 224003
529 224315
530 223889
531 224023
532 224237
533 224245
534 224508
535 224180
536 224212
537 224576
538 224034
539 224582
540 224391
541 224375
542 224144
543 223841
544 224573
545 224323
546 224734
547 224373
548 224500
549 224629
550 224109
551 224554
552 224103
553 224416
554 224504
555 224096
556 224097
557 224853
558 223854
559 224707
560 224126
561 224504
562 224421
563 224958
564 224701
565 223946
566 224569
567 224525
568 224220
569 224528
570 224293
571 224456
572 224819
573 224867
574 224715
575 224649
576 224140
577 224584
578 224275
579 223993
580 224590
581 224144
582 224090
583 224408
584 224564
585 224256
586 224194
587 224789
588 224915
589 224846
590 224907
591 225023
592 224602
593 224448
594 225405
595 224854
596 224411
597 225346
598 225036
599 224883
600 224954
601 225178
602 224743
603 224889
604 224896
605 225449
606 224920
607 224337
608 225106
609 225148
610 225082
611 225089
612 225864
613 225436
614 224964
615 225726
616 225758
617 225491
618 226284
619 225646
620 225553
621 225792
622 225657
623 225518
624 226012
625 225513
626 225819
627 225585
628 226195
629 226297
630 226027
631 225889
632 226243
633 226375
634 226435
635 227075
636 226828
637 226462
638 226135
639 226205
640 226962
641 226572
642 226524
643 226887
644 226137
645 226107
646 225922
647 226290
648 226021
649 225974
650 226420
651 225697
652 226018
653 225968
654 225746
655 226111
656 226024
657 225740
658 225272
659 225562
660 226089
661 225606
662 225758
663 225622
664 225495
665 225237
666 225733
667 225493
668 225465
669 225195
670 225075
671 224984
672 225450
673 225814
674 225229
675 225025
676 225718
677 224878
678 225005
679 224773
680 224470
681 224908
682 225182
683 224621
684 225159
685 224858
686 224843
687 224926
688 224324
689 224566
690 224898
691 224298
692 224675
693 224733
694 224416
695 224721
696 224941
697 224231
698 224457
699 224961
700 224658
701 224770
702 224675
703 224689
704 224564
705 224887
706 224846
707 225241
708 224935
709 224921
710 225397
711 224738
712 225011
713 225042
714 225140
715 225114
716 225092
717 225430
718 224619
719 224833
720 224390
721 224576
722 224887
723 224757
724 224830
725 224499
726 224761
727 224950
728 225478
729 224717
730 224985
731 224758
732 225160
733 224986
734 224727
735 224975
736 225318
737 225092
738 225679
739 224735
740 225075
741 225015
742 225174
743 225215
744 224680
745 225147
746 224563
747 224941
748 224966
749 225122
750 224896
751 224867
752 224880
753 224854
754 224900
755 225609
756 225306
757 225070
758 224968
759 224790
760 224807
761 225241
762 224910
763 225068
764 224747
765 225508
766 225114
767 224865
768 225110
769 224726
770 224897
771 225159
772 224993
773 224622
774 224870
775 224935
776 224791
777 224660
778 225062
779 225154
780 224776
781 224902
782 225094
783 224373
784 224597
785 224703
786 225033
787 225352
788 224687
789 225149
790 224949
791 225456
792 224909
793 224914
794 224967
795 224941
796 225253
797 224578
798 224959
799 224537
800 224807
801 224961
802 225180
803 224964
804 224992
805 224766
806 224895
807 224864
808 224776
809 225100
810 225075
811 224633
812 224589
813 224980
814 224748
815 224835
816 225098
817 224812
818 225143
819 225137
820 224612
821 224525
822 225051
823 225579
824 224797
825 224945
826 224996
827 225342
828 224780
829 224952
830 225088
831 225484
832 224864
833 225036
834 224896
835 224622
836 224673
837 224963
838 224829
839 225115
840 224721
841 224760
842 224633
843 224506
844 225067
845 225107
846 224672
847 225043
848 224713
849 225453
850 224727
851 225217
852 224917
853 224978
854 225056
855 224793
856 225080
857 224566
858 224911
859 225157
860 224771
861 224794
862 224720
863 224922
864 225348
865 224412
866 224293
867 224974
868 224735
869 224524
870 224976
871 225453
872 225074
873 224779
874 225054
875 225251
876 224898
877 224840
878 224661
879 225138
880 224816
881 225087
882 225164
883 225307
884 225603
885 224906
886 225002
887 224662
888 225299
889 225344
890 224980
891 224989
892 225026
893 225611
894 225491
895 224862
896 225054
897 225243
898 225059
899 225310
900 225647
901 224992
902 225790
903 224997
904 225209
905 225182
906 225080
907 225396
908 225370
909 225009
910 225532
911 225009
912 225184
913 225441
914 225631
915 225121
916 225148
917 225360
918 225123
919 225182
920 225541
921 225267
922 225185
923 225063
924 225455
925 225622
926 224793
927 225644
928 225382
929 224968
930 224967
931 225215
932 225046
933 225188
934 225381
935 225434
936 225315
937 224759
938 225163
939 225555
940 225123
941 225293
942 225401
943 225418
944 225068
945 225399
946 224623
947 225277
948 225317
949 224977
950 224839
951 224783
952 225284
953 225591
954 225295
955 225469
956 224882
957 225003
958 225191
959 225266
960 224690
961 225474
962 224895
963 225320
964 225062
965 225114
966 224975
967 225228
968 225519
969 225024
970 225228
971 225191
972 225280
973 225046
974 224946
975 224886
976 225228
977 224867
978 225407
979 225107
980 225471
981 225574
982 224758
983 225399
984 224797
985 224695
986 225411
987 224594
988 224896
989 225331
990 225200
991 225188
992 225612
993 224942
994 225261
995 225824
996 225075
997 224651
998 225460
999 225299
1000 225528
1001 224697
1002 225115
1003 225303
1004 225563
1005 225460
1006 224964
1007 225238
1008 225381
1009 225136
1010 225365
1011 224937
1012 225324
1013 225279
1014 225270
1015 225763
1016 225373
1017 225374
1018 225458
1019 225330
1020 225482
1021 225370
1022 225394
1023 225591
1024 225871
1025 225739
1026 225382
1027 225438
1028 225213
1029 225372
1030 225271
1031 225359
1032 225347
1033 226070
1034 225731
1035 225789
1036 225470
1037 225721
1038 225728
1039 225964
1040 225397
1041 225528
1042 225501
1043 225481
1044 225668
1045 225288
1046 225685
1047 225452
1048 225186
1049 225223
1050 225519
1051 225943
1052 226238
1053 225539
1054 225458
1055 226409
1056 225468
1057 225977
1058 225954
1059 225258
1060 226037
1061 225993
1062 225603
1063 225735
1064 226045
1065 225339
1066 225594
1067 225799
1068 225485
1069 226051
1070 225606
1071 225683
1072 225436
1073 225793
1074 225611
1075 226044
1076 225773
1077 225814
1078 225885
1079 225947
1080 225717
1081 226179
1082 225774
1083 226419
1084 225812
1085 226246
1086 226431
1087 226312
1088 226065
1089 226179
1090 225665
1091 225918
1092 226672
1093 226274
1094 226340
1095 226734
1096 226432
1097 226633
1098 226575
1099 226482
1100 226761
1101 226533
1102 226456
1103 226264
1104 226598
1105 226431
1106 226570
1107 226814
1108 226548
1109 226932
1110 226944
1111 227091
1112 226538
1113 226818
1114 226889
1115 226629
1116 227157
1117 227026
1118 227299
1119 226402
1120 227277
1121 227699
1122 227187
1123 227222
1124 227322
1125 227582
1126 227503
1127 227503
1128 227739
1129 227546
1130 227836
1131 227160
1132 227960
1133 227798
1134 227713
1135 227604
1136 227472
1137 227731
1138 227421
1139 227657
1140 227610
1141 227368
1142 227612
1143 228300
1144 227463
1145 227073
1146 226774
1147 227611
1148 227423
1149 227119
1150 227438
1151 226539
1152 226782
1153 227035
1154 226659
1155 226789
1156 226612
1157 227007
1158 226621
1159 226523
1160 227227
1161 226795
1162 226803
1163 226409
1164 226514
1165 226402
1166 226205
1167 226374
1168 226576
1169 226007
1170 225913
1171 226227
1172 225814
1173 225974
1174 226419
1175 226023
1176 226302
1177 225745
1178 226433
1179 225964
1180 225783
1181 226300
1182 226098
1183 225294
1184 226243
1185 226313
1186 226279
1187 226039
1188 225874
1189 225751
1190 226084
1191 226341
1192 226037
1193 226460
1194 226241
1195 226509
1196 226780
1197 226570
1198 226258
1199 226398
1200 225965
1201 226360
1202 225980
1203 226081
1204 226121
1205 226218
1206 226664
1207 226099
1208 226431
1209 226810
1210 226570
1211 226162
1212 225051
1213 225799
1214 226240
1215 226061
1216 226304
1217 226294
1218 226326
1219 225904
1220 226618
1221 225992
1222 225799
1223 226149
1224 226025
1225 225931
1226 226151
1227 225887
1228 226045
1229 225903
1230 226070
1231 226160
1232 225994
1233 226184
1234 226222
1235 225621
1236 225942
1237 226085
1238 225887
1239 225844
1240 226631
1241 226590
1242 226075
1243 225857
1244 225824
1245 226155
1246 225923
1247 226047
1248 225757
1249 226310
1250 226072
1251 225619
1252 225783
1253 226211
1254 226116
1255 226283
1256 226129
1257 226097
1258 226227
1259 225911
1260 225991
1261 225823
1262 226075
1263 225856
1264 225738
1265 226224
1266 226621
1267 225400
1268 226400
1269 226272
1270 226305
1271 225447
1272 226726
1273 226464
1274 226226
1275 225940
1276 226435
1277 226100
1278 226051
1279 226312
1280 226066
1281 226526
1282 226615
1283 226002
1284 226227
1285 226289
1286 226575
1287 226291
1288 226574
1289 226138
1290 226066
1291 226123
1292 226711
1293 226436
1294 226256
1295 226193
1296 226286
1297 226849
1298 226521
1299 226740
1300 226392
1301 226008
1302 225929
1303 225761
1304 226535
1305 226223
1306 226041
1307 226018
1308 226297
1309 226093
1310 226390
1311 226591
1312 226715
1313 226469
1314 226343
1315 226554
1316 226176
1317 226336
1318 226551
1319 226425
1320 226002
1321 226215
1322 226675
1323 226472
1324 226338
1325 226404
1326 226025
1327 226340
1328 226133
1329 226793
1330 226696
1331 226526
1332 226411
1333 226399
1334 226373
1335 226729
1336 225747
1337 225311
1338 226534
1339 226481
1340 226177
1341 226898
1342 226463
1343 226261
1344 225762
1345 226154
1346 225877
1347 226586
1348 225981
1349 226169
1350 226017
1351 226199
1352 226427
1353 226506
1354 226317
1355 226170
1356 226355
1357 226284
1358 226169
1359 226401
1360 225766
1361 225631
1362 226272
1363 226146
1364 226188
1365 225949
1366 226364
1367 226449
1368 226075
1369 226337
1370 225861
1371 226366
1372 225952
1373 226538
1374 226355
1375 226208
1376 226257
1377 225955
1378 225995
1379 225845
1380 225932
1381 226527
1382 226055
1383 225978
1384 225986
1385 226134
1386 226075
1387 226576
1388 226688
1389 226135
1390 226336
1391 226438
1392 226423
1393 226686
1394 226235
1395 226350
1396 226304
1397 226170
1398 226127
1399 226108
1400 226031
1401 226465
1402 226281
1403 226529
1404 226240
1405 226249
1406 226317
1407 226561
1408 226240
1409 226052
1410 226346
1411 225965
1412 226794
1413 226744
1414 226430
1415 226386
1416 226467
1417 226389
1418 226294
1419 226401
1420 226027
1421 226503
1422 226249
1423 226187
1424 226324
1425 226205
1426 226179
1427 226439
1428 225982
1429 226012
1430 226569
1431 226005
1432 226244
1433 226879
1434 226364
1435 225866
1436 225625
1437 226126
1438 226102
1439 226303
1440 225992
1441 226085
1442 226506
1443 226564
1444 225877
1445 226244
1446 226708
1447 226434
1448 226558
1449 226806
1450 226156
1451 226775
1452 226234
1453 226663
1454 226215
1455 225846
1456 225617
1457 226399
1458 226055
1459 226148
1460 226136
1461 226368
1462 226779
1463 226025
1464 226054
1465 227369
1466 226857
1467 226566
1468 226320
1469 226541
1470 226750
1471 226725
1472 226847
1473 226880
1474 226609
1475 226548
1476 225906
1477 226150
1478 226846
1479 226503
1480 226298
1481 226592
1482 226542
1483 226150
1484 226374
1485 226420
1486 226469
1487 226302
1488 226735
1489 226340
1490 226491
1491 226453
1492 226176
1493 226278
1494 226201
1495 226793
1496 226643
1497 226495
1498 226486
1499 226399
1500 226019
1501 226817
1502 225889
1503 226257
1504 226480
1505 226374
1506 226949
1507 226634
1508 227248
1509 226817
1510 226555
1511 226752
1512 226560
1513 226439
1514 226341
1515 226908
1516 226375
1517 226312
1518 226363
1519 226143
1520 226090
1521 226176
1522 226020
1523 226456
1524 226035
1525 226272
1526 226187
1527 226400
1528 226262
1529 226540
1530 226402
1531 226315
1532 226099
1533 226278
1534 226960
1535 226097
1536 226150
1537 226183
1538 226200
1539 226619
1540 226347
1541 226262
1542 226089
1543 226427
1544 226591
1545 225629
1546 225964
1547 226610
1548 225715
1549 225831
1550 227530
1551 226030
1552 226132
1553 226538
1554 226031
1555 225700
1556 226472
1557 226064
1558 226871
1559 226024
1560 226172
1561 225832
1562 225958
1563 226516
1564 226475
1565 226487
1566 226181
1567 225892
1568 226184
1569 226737
1570 226030
1571 226533
1572 226748
1573 226318
1574 226560
1575 226589
1576 226185
1577 226433
1578 226515
1579 226548
1580 226557
1581 226588
1582 226282
1583 226265
1584 226195
1585 226542
1586 226684
1587 226521
1588 226747
1589 226354
1590 226550
1591 226325
1592 226701
1593 226690
1594 226682
1595 226911
1596 226602
1597 226670
1598 226869
1599 226462
1600 226918
1601 226292
1602 226957
1603 227288
1604 227036
1605 226676
1606 226608
1607 226734
1608 227156
1609 227334
1610 227026
1611 227019
1612 227288
1613 227532
1614 227060
1615 227162
1616 227379
1617 227003
1618 227579
1619 227572
1620 227711
1621 227516
1622 227809
1623 227253
1624 227911
1625 227857
1626 228170
1627 228248
1628 228229
1629 228413
1630 228335
1631 228205
1632 227954
1633 228374
1634 228250
1635 227916
1636 228737
1637 228420
1638 228316
1639 228144
1640 228492
1641 228508
1642 228020
1643 228514
1644 228448
1645 228018
1646 228236
1647 228135
1648 227760
1649 227952
1650 228022
1651 227898
1652 227591
1653 227348
1654 227583
1655 227741
1656 227401
1657 227046
1658 227114
1659 227700
1660 227330
1661 227352
1662 227268
1663 227184
1664 226597
1665 226670
1666 226572
1667 226508
1668 226393
1669 226649
1670 226318
1671 226511
1672 226906
1673 226383
1674 226393
1675 226499
1676 226559
1677 226218
1678 226086
1679 226157
1680 226112
1681 226091
1682 226254
1683 225643
1684 226380
1685 226230
1686 226219
1687 226228
1688 226695
1689 226348
1690 225973
1691 225724
1692 225962
1693 225851
1694 225561
1695 225931
1696 225990
1697 225818
1698 225971
1699 225969
1700 225993
1701 225762
1702 226055
1703 225678
1704 226062
1705 225680
1706 225913
1707 225695
1708 225942
1709 225750
1710 225460
1711 225416
1712 225853
1713 225438
1714 225828
1715 225870
1716 225415
1717 225380
1718 225699
1719 225502
1720 225680
1721 224986
1722 225201
1723 225350
1724 225863
1725 225109
1726 225513
1727 225698
1728 225415
1729 225478
1730 225513
1731 225578
1732 225258
1733 225333
1734 225487
1735 224839
1736 225571
1737 225646
1738 224826
1739 225211
1740 225636
1741 225409
1742 225655
1743 225636
1744 225921
1745 225619
1746 225232
1747 225491
1748 225879
1749 225723
1750 225152
1751 225188
1752 225372
1753 225579
1754 225956
1755 225590
1756 225612
1757 225651
1758 225611
1759 225990
1760 225432
1761 224995
1762 225037
1763 225300
1764 225345
1765 225150
1766 225351
1767 225454
1768 225067
1769 225191
1770 225087
1771 225447
1772 225442
1773 224982
1774 224861
1775 225576
1776 225363
1777 224762
1778 225277
1779 225403
1780 225396
1781 225255
1782 225320
1783 225296
1784 225516
1785 224980
1786 225337
1787 225345
1788 225493
1789 225473
1790 224826
1791 224831
1792 225306
1793 225198
1794 224863
1795 225396
1796 225182
1797 225026
1798 224927
1799 224787
1800 225040
1801 225345
1802 225540
1803 225414
1804 225049
1805 224712
1806 225465
1807 225262
1808 225102
1809 225140
1810 224925
1811 224866
1812 225320
1813 224985
1814 225646
1815 225067
1816 224818
1817 225124
1818 225203
1819 225072
1820 225481
1821 225121
1822 225278
1823 224955
1824 224772
1825 224948
1826 225389
1827 224710
1828 225255
1829 224770
1830 225023
1831 225132
1832 225648
1833 225305
1834 225483
1835 224832
1836 224752
1837 225098
1838 225353
1839 224996
1840 224669
1841 225445
1842 224796
1843 224583
1844 225075
1845 224759
1846 225493
1847 225031
1848 225027
1849 225217
1850 224718
1851 224627
1852 225277
1853 224978
1854 225027
1855 224570
1856 225180
1857 225229
1858 224738
1859 225349
1860 225260
1861 224548
1862 224674
1863 224877
1864 224678
1865 224453
1866 224406
1867 224957
1868 224584
1869 224492
1870 224493
1871 224551
1872 224873
1873 224172
1874 224642
1875 224273
1876 224162
1877 224272
1878 224364
1879 224274
1880 224572
1881 223597
1882 224176
1883 224342
1884 224705
1885 224445
1886 223893
1887 224121
1888 224313
1889 224105
1890 224042
1891 224025
1892 224293
1893 223975
1894 224750
1895 223916
1896 224548
1897 224496
1898 224363
1899 224262
1900 224353
1901 224439
1902 223523
1903 224647
1904 225200
1905 224646
1906 224284
1907 224395
1908 224501
1909 224362
1910 224576
1911 224063
1912 223992
1913 223953
1914 224020
1915 223893
1916 224258
1917 224518
1918 224793
1919 224487
1920 224236
1921 224191
1922 224383
1923 223783
1924 223628
1925 223939
1926 224332
1927 224153
1928 223539
1929 224321
1930 223637
1931 223892
1932 223641
1933 223938
1934 223822
1935 224258
1936 223711
1937 224115
1938 223918
1939 224305
1940 223552
1941 224233
1942 223991
1943 223977
1944 223906
1945 224244
1946 223843
1947 223974
1948 224058
1949 224240
1950 224235
1951 223834
1952 224104
1953 223934
1954 223719
1955 223921
1956 223953
1957 224131
1958 223461
1959 223760
1960 223486
1961 223917
1962 224009
1963 224363
1964 224470
1965 224113
1966 224604
1967 223884
1968 223683
1969 224075
1970 224162
1971 223664
1972 224025
1973 224103
1974 224186
1975 223886
1976 223898
1977 223630
1978 223780
1979 224496
1980 224166
1981 224022
1982 223845
1983 224095
1984 223919
1985 223992
1986 223903
1987 223837
1988 223459
1989 223396
1990 224218
1991 223656
1992 223506
1993 223387
1994 223953
1995 223807
1996 223285
1997 223808
1998 223317
1999 223806
2000 223684
2001 224110
2002 223671
2003 223536
2004 223282
2005 223726
2006 223718
2007 223978
2008 224110
2009 223867
2010 223149
2011 223515
2012 223758
2013 224066
2014 223811
2015 223574
2016 224066
2017 223745
2018 224088
2019 223675
2020 223930
2021 223837
2022 223292
2023 223627
2024 224463
2025 224338
2026 223763
2027 224123
2028 223487
2029 224194
2030 224142
2031 224263
2032 223664
2033 223730
2034 223999
2035 224186
2036 223883
2037 223794
2038 223334
2039 223801
2040 223957
2041 223599
2042 223497
2043 223770
2044 223764
2045 224277
2046 223829
2047 223658
2048 223419
2049 223549
2050 223670
2051 223582
2052 223827
2053 223493
2054 223415
2055 224071
2056 223594
2057 224104
2058 223352
2059 223769
2060 224024
2061 223796
2062 223578
2063 223879
2064 223781
2065 224024
2066 223558
2067 223777
2068 223699
2069 224045
2070 223699
2071 223708
2072 224109
2073 223781
2074 224055
2075 223739
2076 223541
2077 223877
2078 223909
2079 223858
2080 223829
2081 223197
2082 222835
2083 223365
2084 223240
2085 223165
2086 223235
2087 223350
2088 223613
2089 223368
2090 223176
2091 223715
2092 223476
2093 223479
2094 223356
2095 222938
2096 223170
2097 223461
2098 223363
2099 223942
2100 223428
2101 223375
2102 223532
2103 223980
2104 223996
2105 223383
2106 223451
2107 223878
2108 223965
2109 223956
2110 223952
2111 224217
2112 223982
2113 223682
2114 224714
2115 223976
2116 224724
2117 224322
2118 224411
2119 224195
2120 224720
2121 224385
2122 224306
2123 225170
2124 224780
2125 224590
2126 224793
2127 225074
2128 225255
2129 225424
2130 225287
2131 225196
2132 225142
2133 225365
2134 225074
2135 225651
2136 224563
2137 225091
2138 224544
2139 225275
2140 224951
2141 224821
2142 224986
2143 225169
2144 224287
2145 224698
2146 224161
2147 223993
2148 223859
2149 224134
2150 224382
2151 223304
2152 223483
2153 223673
2154 223498
2155 223126
2156 223592
2157 222727
2158 223096
2159 222683
2160 222559
2161 222732
2162 223107
2163 222325
2164 222979
2165 223038
2166 223118
2167 222230
2168 222146
2169 222541
2170 222481
2171 221913
2172 222456
2173 222012
2174 222671
2175 222496
2176 221997
2177 221943
2178 221850
2179 221918
2180 222388
2181 221485
2182 221563
2183 221546
2184 221369
2185 221879
2186 221908
2187 221714
2188 221898
2189 221647
2190 221299
2191 221297
2192 221596
2193 221577
2194 221608
2195 221537
2196 221644
2197 221606
2198 221452
2199 221512
2200 221091
2201 220889
2202 221074
2203 220723
2204 221310
2205 220604
2206 221060
2207 220594
2208 220972
2209 220998
2210 220944
2211 220830
2212 221440
2213 221202
2214 220747
2215 220179
2216 220655
2217 221008
2218 220359
2219 220468
2220 220704
2221 220631
2222 220402
2223 220853
2224 221119
2225 220922
2226 220913
2227 221174
2228 220658
2229 220618
2230 220822
2231 220493
2232 220831
2233 220156
2234 220205
2235 220474
2236 219868
2237 220154
2238 220008
2239 220647
2240 220448
2241 220251
2242 219858
2243 219693
2244 220302
2245 219723
2246 219636
2247 220399
2248 220152
2249 219938
2250 219921
2251 219414
2252 219881
2253 219840
2254 219950
2255 219889
2256 219658
2257 219795
2258 219659
2259 220021
2260 219669
2261 219903
2262 220384
2263 219963
2264 220175
2265 219559
2266 219858
2267 219740
2268 219789
2269 219239
2270 219513
2271 219663
2272 219766
2273 219764
2274 219386
2275 219541
2276 219864
2277 219404
2278 219415
2279 219245
2280 219709
2281 219415
2282 219950
2283 218878
2284 219203
2285 219450
2286 219452
2287 218924
2288 219373
2289 219309
2290 219701
2291 219305
2292 219430
2293 219612
2294 219042
2295 219626
2296 219100
2297 219006
2298 219393
2299 219381
2300 219165
2301 219010
2302 218778
2303 218938
2304 219396
2305 219291
2306 219247
2307 218822
2308 219015
2309 218501
2310 219098
2311 219022
2312 218912
2313 218753
2314 218550
2315 219123
2316 218758
2317 218738
2318 218642
2319 219468
2320 218532
2321 218162
2322 218786
2323 218372
2324 218244
2325 218980
2326 218079
2327 218468
2328 218436
2329 218118
2330 218521
2331 218672
2332 218430
2333 218527
2334 218083
2335 218637
2336 217843
2337 218737
2338 217882
2339 218164
2340 218498
2341 218586
2342 217920
2343 218296
2344 218570
2345 217783
2346 218357
2347 218144
2348 218124
2349 218471
2350 217933
2351 218499
2352 217900
2353 218046
2354 217857
2355 217898
2356 217875
2357 218077
2358 218068
2359 218425
2360 217669
2361 218157
2362 217769
2363 217979
2364 217613
2365 218040
2366 217831
2367 217704
2368 218066
2369 218030
2370 217767
2371 217994
2372 217990
2373 217870
2374 217980
2375 217862
2376 217898
2377 218027
2378 217585
2379 217506
2380 218062
2381 217848
2382 217437
2383 218596
2384 217562
2385 218001
2386 217835
2387 217500
2388 217904
2389 218119
2390 217381
2391 218119
2392 218309
2393 217947
2394 217670
2395 217728
2396 217486
2397 217649
2398 217734
2399 217744
2400 217827
2401 217408
2402 217435
2403 217595
2404 217745
2405 217621
2406 217417
2407 217421
2408 217798
2409 217829
2410 217560
2411 217480
2412 217976
2413 218048
2414 217207
2415 217020
2416 217624
2417 217666
2418 217575
2419 217314
2420 217311
2421 217756
2422 217285
2423 217509
2424 218053
2425 217121
2426 217466
2427 217623
2428 217886
2429 216847
2430 217828
2431 217489
2432 217571
2433 217752
2434 216862
2435 217086
2436 217542
2437 216875
2438 217212
2439 217596
2440 216749
2441 217204
2442 217592
2443 217526
2444 216697
2445 216914
2446 216761
2447 217718
2448 216972
2449 217321
2450 217129
2451 216820
2452 217224
2453 216544
2454 216690
2455 217538
2456 216888
2457 216755
2458 216686
2459 216930
2460 217001
2461 216568
2462 217316
2463 217091
2464 217080
2465 216994
2466 217096
2467 217422
2468 216862
2469 217822
2470 216824
2471 216867
2472 216942
2473 216890
2474 216612
2475 216647
2476 217220
2477 217185
2478 216896
2479 217026
2480 216850
2481 216443
2482 216535
2483 216621
2484 217147
2485 216869
2486 216957
2487 217625
2488 216723
2489 216511
2490 216661
2491 216840
2492 216495
2493 216870
2494 216707
2495 216855
2496 216665
2497 216847
2498 217293
2499 216793
2500 216595
2501 216754
2502 216673
2503 216251
2504 216455
2505 216489
2506 216582
2507 216995
2508 216885
2509 216339
2510 217292
2511 216870
2512 216440
2513 216520
2514 216806
2515 216100
2516 216829
2517 216515
2518 215850
2519 217128
2520 216073
2521 216428
2522 216266
2523 216267
2524 215961
2525 216208
2526 215862
2527 215731
2528 216546
2529 216070
2530 216604
2531 216281
2532 216498
2533 216087
2534 215777
2535 215828
2536 216422
2537 215503
2538 215962
2539 215882
2540 216161
2541 216349
2542 216038
2543 215802
2544 216148
2545 215681
2546 216281
2547 216065
2548 215895
2549 215800
2550 215947
2551 216148
2552 216284
2553 216050
2554 216172
2555 215864
2556 215691
2557 215991
2558 216026
2559 215986
2560 216146
2561 216137
2562 215799
2563 216129
2564 215844
2565 216023
2566 215654
2567 216090
2568 216081
2569 215835
2570 215780
2571 215901
2572 216030
2573 215873
2574 215994
2575 215919
2576 216036
2577 215569
2578 215744
2579 216104
2580 215807
2581 215896
2582 215567
2583 215404
2584 215069
2585 216220
2586 215568
2587 215448
2588 215848
2589 215608
2590 215808
2591 216215
2592 215270
2593 215746
2594 216415
2595 215609
2596 216103
2597 215889
2598 215958
2599 215735
2600 216257
2601 215540
2602 216037
2603 216077
2604 215611
2605 216031
2606 215929
2607 216077
2608 215928
2609 216171
2610 215986
2611 215994
2612 216155
2613 216265
2614 216061
2615 216487
2616 216606
2617 216202
2618 216525
2619 216790
2620 216190
2621 216387
2622 216428
2623 216557
2624 217013
2625 216931
2626 216979
2627 217006
2628 217336
2629 216844
2630 216756
2631 217361
2632 217223
2633 216974
2634 217434
2635 217291
2636 217141
2637 218103
2638 217086
2639 217825
2640 217251
2641 217223
2642 217249
2643 217256
2644 217021
2645 217216
2646 217487
2647 217061
2648 216996
2649 216855
2650 216686
2651 216727
2652 217102
2653 216598
2654 216326
2655 216351
2656 216474
2657 216588
2658 216167
2659 216262
2660 216371
2661 216376
2662 215963
2663 215484
2664 215803
2665 215837
2666 215816
2667 215494
2668 216042
2669 215857
2670 215438
2671 215304
2672 215264
2673 215782
2674 215092
2675 215427
2676 215285
2677 215557
2678 215123
2679 215414
2680 214939
2681 214817
2682 215035
2683 214855
2684 214990
2685 215194
2686 214674
2687 215044
2688 214724
2689 215021
2690 215070
2691 214506
2692 215024
2693 215006
2694 214297
2695 214623
2696 214454
2697 214383
2698 214761
2699 214672
2700 214728
2701 214637
2702 214581
2703 214867
2704 214125
2705 214881
2706 214791
2707 214203
2708 214275
2709 214705
2710 214751
2711 214588
2712 214813
2713 214642
2714 214533
2715 214928
2716 214754
2717 214545
2718 214650
2719 214713
2720 214441
2721 214773
2722 214165
2723 213605
2724 214233
2725 214184
2726 214337
2727 214125
2728 214017
2729 213704
2730 213815
2731 214237
2732 214711
2733 214151
2734 213927
2735 213807
2736 214210
2737 214373
2738 214359
2739 213430
2740 214557
2741 214140
2742 214327
2743 213750
2744 213878
2745 214012
2746 213818
2747 213601
2748 213454
2749 213518
2750 213824
2751 213505
2752 213435
2753 213399
2754 213233
2755 214104
2756 213942
2757 213958
2758 214194
2759 213934
2760 213497
2761 214102
2762 213494
2763 213607
2764 213578
2765 213688
2766 214317
2767 213799
2768 213446
2769 214229
2770 213725
2771 213740
2772 213905
2773 213987
2774 213388
2775 213992
2776 213438
2777 213379
2778 213309
2779 213112
2780 214090
2781 213401
2782 213198
2783 213458
2784 212925
2785 213816
2786 213323
2787 213548
2788 213764
2789 213443
2790 213709
2791 213900
2792 213214
2793 213630
2794 213527
2795 213365
2796 213372
2797 213205
2798 213481
2799 213386
2800 213505
2801 213676
2802 213452
2803 213274
2804 213199
2805 213329
2806 213356
2807 213616
2808 212924
2809 212961
2810 213321
2811 213407
2812 212760
2813 212975
2814 213616
2815 213297
2816 213260
2817 213525
2818 213510
2819 213618
2820 213603
2821 213540
2822 213315
2823 213501
2824 213173
2825 212821
2826 213242
2827 213775
2828 213249
2829 213179
2830 213142
2831 213556
2832 213862
2833 213208
2834 213655
2835 213052
2836 212930
2837 213450
2838 213488
2839 213026
2840 213279
2841 213234
2842 213409
2843 212736
2844 212997
2845 212587
2846 213243
2847 212851
2848 212973
2849 212840
2850 212642
2851 212517
2852 213570
2853 212613
2854 213407
2855 212894
2856 212374
2857 212618
2858 212400
2859 212774
2860 212214
2861 213559
2862 212248
2863 212759
2864 212681
2865 212737
2866 213089
2867 212520
2868 213082
2869 212177
2870 212660
2871 212253
2872 212192
2873 212654
2874 212145
2875 212628
2876 212499
2877 213076
2878 212805
2879 212327
2880 212482
2881 212568
2882 212330
2883 212089
2884 211985
2885 212358
2886 211939
2887 212750
2888 212256
2889 212161
2890 212059
2891 211650
2892 211415
2893 211309
2894 211868
2895 212134
2896 211974
2897 212174
2898 211869
2899 211256
2900 211908
2901 212179
2902 212021
2903 211941
2904 212095
2905 212132
2906 212839
2907 212062
2908 211870
2909 211894
2910 212515
2911 211959
2912 212370
2913 212080
2914 211678
2915 212386
2916 211795
2917 212122
2918 212141
2919 211761
2920 211911
2921 211927
2922 211503
2923 211864
2924 211571
2925 211262
2926 211577
2927 211078
2928 211738
2929 211259
2930 211410
2931 211491
2932 211334
2933 210920
2934 211450
2935 211282
2936 211506
2937 211694
2938 211767
2939 211760
2940 211453
2941 211559
2942 211204
2943 210678
2944 211615
2945 211186
2946 211441
2947 211493
2948 211203
2949 210723
2950 211119
2951 211152
2952 211326
2953 210842
2954 211589
2955 210823
2956 211481
2957 210760
2958 211993
2959 211553
2960 211268
2961 211144
2962 211111
2963 211313
2964 210987
2965 211376
2966 210826
2967 210793
2968 211214
2969 211058
2970 210870
2971 211382
2972 211141
2973 210944
2974 210918
2975 211295
2976 210975
2977 211110
2978 210665
2979 211035
2980 210913
2981 210930
2982 210868
2983 210893
2984 211243
2985 211136
2986 211246
2987 211207
2988 210472
2989 210716
2990 210663
2991 210474
2992 211253
2993 210884
2994 210372
2995 210534
2996 210748
2997 210509
2998 210872
2999 210748
3000 210441
3001 210777
3002 210302
3003 210590
3004 210554
3005 210192
3006 210744
3007 210648
3008 210485
3009 210347
3010 210620
3011 210259
3012 209992
3013 210214
3014 210293
3015 210229
3016 210268
3017 210086
3018 210389
3019 210171
3020 209799
3021 210198
3022 209929
3023 210099
3024 209924
3025 209666
3026 209837
3027 209996
3028 209506
3029 210112
3030 209364
3031 209510
3032 210082
3033 210101
3034 209975
3035 210209
3036 209564
3037 209401
3038 209532
3039 210048
3040 209605
3041 209681
3042 209689
3043 210236
3044 209823
3045 209788
3046 209478
3047 209964
3048 209781
3049 209844
3050 209766
3051 209621
3052 209937
3053 210244
3054 209402
3055 210020
3056 209708
3057 209468
3058 209602
3059 209215
3060 209446
3061 209653
3062 209868
3063 209463
3064 209173
3065 209771
3066 209006
3067 209500
3068 210019
3069 208879
3070 209779
3071 209534
3072 209267
3073 209110
3074 209582
3075 209215
3076 209071
3077 209417
3078 209808
3079 209717
3080 209662
3081 209418
3082 209353
3083 209759
3084 209465
3085 208907
3086 209424
3087 209591
3088 209420
3089 209024
3090 209377
3091 209505
3092 209557
3093 209178
3094 209718
3095 209362
3096 209990
3097 210056
3098 208993
3099 210016
3100 209718
3101 209778
3102 209706
3103 209539
3104 210074
3105 209328
3106 209901
3107 209898
3108 210022
3109 210006
3110 210148
3111 210082
3112 209794
3113 210138
3114 209620
3115 210332
3116 210362
3117 209661
3118 210541
3119 210211
3120 210194
3121 210530
3122 210100
3123 210384
3124 210685
3125 210504
3126 210496
3127 210732
3128 210115
3129 210856
3130 210789
3131 210204
3132 210855
3133 210620
3134 210667
3135 210685
3136 209971
3137 210730
3138 210272
3139 209517
3140 209996
3141 211039
3142 210113
3143 210078
3144 210537
3145 210070
3146 210154
3147 209965
3148 209443
3149 209659
3150 209454
3151 209528
3152 209357
3153 209260
3154 209314
3155 209254
3156 209267
3157 209588
3158 209155
3159 209241
3160 209129
3161 208590
3162 208578
3163 209050
3164 208588
3165 208500
3166 208206
3167 208488
3168 208480
3169 208254
3170 208399
3171 208073
3172 208241
3173 208014
3174 208264
3175 207940
3176 208212
3177 208109
3178 207975
3179 208294
3180 208032
3181 208073
3182 208302
3183 207581
3184 207746
3185 207851
3186 207674
3187 207860
3188 207563
3189 207779
3190 207827
3191 208084
3192 207639
3193 207316
3194 207421
3195 208386
3196 207451
3197 207825
3198 207794
3199 207690
3200 207207
3201 207730
3202 207973
3203 207732
3204 207530
3205 207547
3206 207276
3207 206921
3208 207390
3209 206874
3210 207580
3211 207424
3212 207895
3213 207060
3214 207634
3215 207037
3216 207118
3217 206962
3218 206854
3219 206885
3220 207252
3221 206847
3222 207305
3223 207402
3224 206798
3225 206885
3226 206796
3227 206880
3228 207684
3229 206947
3230 206763
3231 206716
3232 206959
3233 207368
3234 206952
3235 206670
3236 207378
3237 206885
3238 206438
3239 207356
3240 206401
3241 206608
3242 206612
3243 207143
3244 206992
3245 206882
3246 206470
3247 206480
3248 206916
3249 206963
3250 206622
3251 206657
3252 206454
3253 206521
3254 206343
3255 207343
3256 206836
3257 206786
3258 206832
3259 206562
3260 206457
3261 206155
3262 206442
3263 206607
3264 206736
3265 206923
3266 205768
3267 206258
3268 206392
3269 206027
3270 206435
3271 206420
3272 206196
3273 206033
3274 205802
3275 206062
3276 206142
3277 205449
3278 206616
3279 205998
3280 206114
3281 206026
3282 205970
3283 206371
3284 206202
3285 206202
3286 205986
3287 206089
3288 205812
3289 206218
3290 205379
3291 205984
3292 206274
3293 206073
3294 205833
3295 205798
3296 205911
3297 206019
3298 205899
3299 205934
3300 205732
3301 205797
3302 206136
3303 205846
3304 206082
3305 205680
3306 206051
3307 205554
3308 206391
3309 206313
3310 206215
3311 205879
3312 205760
3313 206078
3314 205771
3315 205635
3316 205770
3317 205584
3318 205685
3319 205627
3320 206330
3321 205931
3322 206577
3323 206360
3324 205657
3325 205915
3326 205811
3327 206231
3328 205968
3329 206202
3330 205756
3331 205875
3332 206368
3333 206349
3334 205990
3335 205989
3336 205459
3337 206169
3338 205494
3339 205897
3340 205803
3341 206039
3342 205426
3343 205748
3344 206206
3345 205866
3346 205438
3347 205749
3348 205273
3349 205953
3350 205753
3351 205724
3352 206082
3353 205664
3354 205473
3355 206072
3356 205933
3357 205886
3358 205631
3359 205479
3360 205310
3361 205530
3362 205522
3363 205526
3364 205890
3365 205348
3366 205712
3367 205433
3368 205932
3369 205390
3370 205711
3371 205486
3372 205508
3373 205461
3374 205712
3375 206110
3376 205516
3377 205423
3378 205511
3379 205478
3380 205279
3381 205287
3382 205989
3383 205343
3384 205098
3385 205474
3386 205416
3387 205394
3388 205626
3389 205171
3390 205355
3391 205127
3392 205020
3393 205096
3394 205654
3395 205307
3396 205843
3397 205228
3398 205310
3399 205304
3400 205428
3401 205570
3402 204866
3403 204791
3404 204815
3405 204789
3406 205242
3407 205775
3408 205321
3409 204655
3410 205167
3411 205413
3412 205132
3413 204789
3414 204808
3415 204862
3416 204813
3417 204742
3418 205291
3419 205249
3420 204639
3421 205397
3422 205173
3423 205388
3424 205245
3425 205509
3426 205281
3427 205347
3428 205431
3429 204619
3430 204839
3431 204857
3432 204948
3433 204532
3434 204659
3435 205395
3436 204942
3437 204956
3438 204878
3439 205319
3440 204910
3441 204772
3442 204611
3443 204809
3444 204664
3445 204154
3446 203965
3447 204868
3448 204641
3449 204710
3450 204679
3451 204799
3452 204831
3453 204969
3454 204764
3455 205121
3456 204859
3457 204455
3458 204620
3459 204566
3460 204791
3461 204354
3462 204245
3463 204690
3464 204815
3465 204502
3466 204734
3467 205103
3468 204705
3469 204624
3470 204972
3471 204374
3472 204668
3473 204776
3474 204386
3475 204786
3476 204464
3477 205078
3478 204573
3479 204143
3480 204664
3481 204710
3482 204483
3483 204606
3484 204324
3485 204387
3486 204621
3487 204505
3488 204336
3489 204767
3490 205063
3491 204230
3492 204292
3493 204343
3494 204711
3495 204210
3496 204393
3497 204242
3498 204277
3499 204514
3500 204146
3501 204565
3502 204362
3503 204334
3504 204200
3505 204205
3506 204262
3507 204363
3508 204123
3509 204073
3510 204617
3511 204801
3512 204207
3513 204125
3514 203776
3515 204180
3516 204246
3517 204665
3518 204471
3519 204441
3520 204168
3521 204525
3522 203987
3523 204026
3524 203861
3525 204073
3526 203756
3527 203446
3528 204385
3529 203981
3530 204172
3531 203998
3532 203969
3533 204688
3534 203936
3535 204262
3536 203947
3537 204002
3538 204239
3539 204288
3540 203987
3541 203997
3542 203678
3543 204213
3544 203555
3545 203772
3546 204031
3547 204149
3548 203967
3549 203874
3550 203751
3551 204020
3552 204185
3553 203860
3554 204235
3555 204008
3556 204124
3557 204239
3558 203618
3559 203836
3560 203848
3561 203942
3562 203472
3563 203988
3564 204462
3565 204037
3566 203774
3567 203905
3568 203437
3569 204625
3570 203598
3571 203554
3572 204487
3573 204180
3574 204035
3575 203694
3576 204070
3577 203775
3578 203736
3579 204017
3580 203801
3581 204071
3582 203772
3583 203569
3584 204035
3585 203918
3586 203987
3587 204383
3588 203606
3589 204430
3590 203812
3591 204495
3592 204203
3593 204033
3594 203812
3595 203659
3596 204010
3597 203641
3598 204152
3599 203973
3600 203497
3601 204248
3602 204074
3603 204510
3604 204378
3605 204155
3606 204158
3607 204172
3608 204283
3609 204403
3610 204185
3611 203736
3612 204126
3613 204404
3614 204191
3615 203836
3616 204179
3617 204137
3618 204093
3619 203932
3620 203820
3621 204667
3622 204666
3623 204426
3624 204983
3625 204248
3626 203726
3627 204622
3628 204296
3629 204652
3630 205126
3631 204989
3632 204923
3633 205253
3634 205177
3635 204789
3636 205035
3637 205224
3638 204935
3639 205325
3640 205108
3641 205500
3642 205281
3643 205200
3644 205045
3645 205095
3646 205142
3647 205138
3648 204932
3649 205107
3650 205333
3651 205272
3652 204746
3653 204314
3654 205210
3655 204621
3656 204966
3657 204773
3658 204846
3659 205277
3660 204598
3661 204966
3662 204123
3663 204106
3664 203814
3665 204551
3666 204185
3667 204295
3668 203944
3669 204278
3670 204247
3671 203977
3672 203492
3673 204022
3674 203784
3675 204434
3676 204187
3677 203931
3678 204069
3679 203924
3680 204013
3681 203901
3682 203489
3683 203270
3684 203727
3685 203627
3686 204262
3687 203543
3688 203842
3689 203900
3690 203420
3691 203548
3692 203368
3693 203930
3694 203484
3695 203310
3696 203357
3697 203834
3698 203454
3699 203704
3700 203598
3701 203397
3702 203174
3703 203412
3704 203231
3705 203320
3706 203653
3707 203566
3708 203098
3709 203427
3710 202992
3711 203001
3712 202934
3713 203154
3714 203473
3715 203810
3716 203661
3717 203538
3718 203654
3719 203272
3720 203788
3721 203512
3722 203559
3723 203429
3724 203332
3725 203813
3726 203434
3727 203531
3728 202869
3729 203100
3730 203600
3731 203285
3732 202953
3733 203718
3734 203234
3735 202805
3736 203096
3737 203326
3738 203177
3739 203321
3740 203789
3741 202824
3742 203014
3743 203562
3744 203170
3745 202547
3746 202584
3747 202514
3748 203291
3749 203227
3750 202644
3751 202563
3752 203011
3753 203200
3754 202542
3755 203375
3756 203047
3757 203151
3758 202714
3759 202502
3760 202808
3761 202524
3762 202943
3763 203086
3764 202739
3765 203087
3766 203216
3767 202917
3768 202947
3769 202990
3770 202850
3771 202951
3772 202429
3773 203261
3774 202937
3775 202307
3776 203192
3777 203188
3778 202923
3779 203083
3780 203142
3781 203256
3782 202942
3783 203207
3784 203049
3785 202412
3786 202634
3787 202564
3788 202811
3789 202881
3790 202800
3791 202799
3792 202934
3793 202294
3794 202684
3795 202940
3796 202431
3797 203061
3798 203178
3799 202379
3800 202514
3801 202582
3802 203069
3803 202864
3804 202899
3805 202121
3806 202691
3807 202826
3808 203004
3809 202661
3810 202950
3811 203212
3812 202850
3813 202770
3814 202531
3815 202395
3816 202608
3817 202621
3818 203059
3819 202980
3820 202733
3821 202674
3822 202490
3823 202918
3824 202308
3825 202378
3826 202983
3827 202443
3828 202449
3829 201872
3830 202342
3831 203056
3832 202364
3833 202246
3834 202622
3835 202566
3836 202741
3837 202465
3838 202509
3839 202314
3840 202596
3841 202375
3842 202672
3843 202014
3844 202326
3845 202223
3846 202490
3847 202041
3848 202306
3849 202468
3850 202223
3851 202616
3852 202750
3853 202480
3854 202535
3855 202394
3856 202556
3857 202103
3858 202812
3859 202756
3860 202809
3861 202447
3862 202956
3863 202956
3864 202820
3865 202355
3866 202385
3867 202464
3868 202561
3869 202732
3870 202607
3871 202539
3872 202444
3873 202663
3874 202405
3875 202385
3876 202862
3877 202884
3878 202664
3879 202617
3880 202281
3881 202688
3882 202577
3883 202364
3884 202751
3885 202763
3886 202510
3887 202774
3888 202362
3889 202360
3890 202099
3891 202713
3892 201900
3893 202322
3894 202391
3895 202360
3896 202749
3897 202473
3898 202247
3899 202887
3900 202348
3901 201808
3902 202571
3903 202283
3904 202273
3905 202496
3906 202481
3907 202281
3908 202441
3909 201956
3910 202325
3911 202495
3912 202156
3913 201918
3914 202260
3915 202191
3916 201777
3917 202568
3918 202125
3919 202069
3920 202320
3921 202691
3922 202253
3923 202197
3924 201853
3925 202202
3926 202625
3927 201833
3928 201961
3929 202339
3930 202182
3931 202520
3932 202306
3933 202284
3934 202008
3935 202163
3936 202521
3937 201857
3938 202306
3939 202219
3940 202482
3941 202096
3942 202365
3943 202147
3944 202539
3945 202226
3946 202621
3947 202291
3948 202171
3949 202438
3950 202544
3951 202610
3952 202153
3953 202350
3954 202392
3955 202439
3956 202510
3957 202906
3958 202361
3959 202365
3960 202155
3961 202611
3962 202628
3963 202166
3964 201863
3965 202101
3966 202530
3967 202148
3968 202578
3969 202358
3970 202117
3971 202741
3972 202497
3973 202366
3974 202717
3975 202121
3976 202397
3977 202690
3978 202918
3979 202442
3980 202983
3981 202530
3982 202850
3983 202535
3984 202767
3985 202202
3986 202616
3987 202329
3988 202818
3989 202850
3990 202352
3991 202638
3992 203268
3993 202549
3994 202371
3995 202358
3996 202589
3997 202795
3998 202737
3999 202282
4000 203192
4001 202798
4002 202427
4003 202979
4004 202668
4005 202595
4006 202725
4007 202416
4008 203132
4009 202689
4010 202228
4011 202936
4012 202474
4013 202741
4014 202608
4015 202655
4016 202618
4017 202775
4018 202202
4019 202462
4020 202703
4021 202401
4022 202660
4023 202556
4024 202922
4025 202928
4026 203058
4027 202600
4028 202904
4029 202597
4030 203281
4031 202777
4032 203512
4033 202855
4034 203307
4035 202529
4036 203445
4037 202765
4038 201991
4039 202497
4040 202687
4041 203054
4042 202905
4043 202873
4044 202756
4045 203518
4046 202673
4047 202569
4048 202577
4049 203265
4050 202957
4051 202702
4052 203128
4053 202867
4054 202645
4055 203120
4056 203020
4057 202676
4058 203349
4059 203409
4060 203291
4061 203104
4062 203440
4063 203120
4064 203053
4065 203089
4066 203263
4067 203059
4068 203322
4069 203289
4070 203186
4071 202644
4072 203388
4073 203257
4074 203156
4075 203067
4076 203556
4077 202740
4078 203528
4079 203067
4080 203051
4081 203215
4082 203752
4083 203388
4084 203939
4085 202886
4086 203273
4087 203107
4088 203442
4089 203422
4090 203994
4091 203621
4092 203719
4093 203703
4094 203257
4095 203668
4096 203931
4097 203668
4098 203357
4099 203684
4100 203832
4101 203934
4102 204523
4103 203596
4104 204262
4105 204354
4106 203585
4107 204133
4108 203838
4109 204216
4110 203921
4111 203958
4112 204193
4113 204654
4114 203607
4115 204822
4116 204361
4117 204655
4118 204238
4119 204473
4120 204396
4121 205182
4122 204597
4123 204261
4124 204321
4125 205129
4126 204806
4127 204472
4128 205092
4129 204773
4130 205312
4131 204750
4132 204825
4133 205023
4134 205461
4135 204725
4136 204850
4137 204478
4138 204498
4139 204773
4140 205076
4141 204569
4142 204659
4143 203958
4144 203949
4145 204498
4146 203939
4147 204140
4148 203836
4149 203831
4150 203880
4151 204156
4152 204275
4153 204199
4154 203973
4155 204376
4156 203599
4157 204312
4158 203018
4159 204149
4160 203727
4161 204174
4162 203958
4163 203807
4164 203469
4165 203440
4166 203769
4167 203886
4168 203637
4169 203704
4170 203860
4171 204008
4172 203712
4173 204492
4174 203637
4175 203360
4176 203592
4177 203946
4178 203978
4179 203562
4180 203392
4181 204018
4182 203511
4183 203477
4184 203590
4185 203684
4186 203997
4187 203655
4188 203953
4189 203671
4190 203669
4191 203132
4192 203644
4193 203601
4194 203396
4195 203636
4196 202961
4197 203733
4198 203596
4199 203673
4200 203402
4201 203646
4202 203596
4203 203738
4204 203420
4205 204011
4206 203095
4207 203019
4208 203950
4209 203236
4210 203494
4211 202914
4212 203433
4213 203195
4214 202968
4215 203504
4216 203662
4217 203803
4218 203644
4219 203461
4220 203759
4221 203363
4222 204049
4223 204018
4224 203886
4225 203719
4226 204127
4227 203394
4228 203443
4229 203439
4230 203467
4231 204140
4232 203691
4233 203530
4234 203058
4235 203602
4236 203243
4237 203322
4238 203556
4239 203828
4240 203601
4241 203439
4242 203583
4243 203293
4244 203826
4245 203465
4246 203976
4247 203783
4248 203581
4249 203159
4250 204036
4251 203519
4252 203417
4253 203091
4254 202767
4255 203233
4256 203462
4257 203740
4258 203302
4259 203907
4260 203245
4261 203763
4262 203047
4263 203573
4264 203282
4265 204227
4266 203486
4267 203858
4268 203480
4269 204028
4270 203768
4271 203921
4272 203748
4273 203551
4274 203810
4275 203513
4276 204152
4277 203702
4278 203373
4279 203337
4280 203804
4281 203830
4282 203495
4283 203832
4284 203624
4285 203840
4286 204308
4287 204175
4288 203400
4289 203785
4290 204389
4291 203468
4292 203930
4293 204305
4294 203651
4295 203917
4296 203641
4297 202668
4298 203379
4299 203994
4300 203614
4301 203699
4302 203414
4303 202690
4304 203338
4305 203748
4306 203832
4307 203416
4308 203670
4309 203750
4310 203854
4311 203174
4312 203921
4313 203249
4314 203539
4315 203564
4316 203351
4317 203631
4318 203712
4319 204205
4320 203900
4321 203572
4322 203775
4323 203660
4324 204216
4325 203923
4326 203911
4327 203306
4328 203665
4329 203901
4330 203892
4331 203948
4332 203998
4333 203631
4334 203651
4335 203756
4336 203948
4337 204150
4338 204165
4339 204293
4340 203420
4341 203598
4342 203851
4343 203890
4344 204045
4345 203781
4346 203900
4347 203914
4348 203457
4349 204081
4350 204032
4351 203542
4352 204004
4353 204023
4354 203636
4355 203811
4356 203742
4357 204141
4358 204200
4359 203952
4360 203819
4361 203871
4362 204043
4363 203933
4364 203790
4365 203873
4366 203838
4367 203884
4368 203943
4369 204093
4370 203483
4371 204398
4372 203659
4373 204200
4374 203967
4375 203282
4376 203497
4377 203758
4378 203749
4379 204250
4380 203942
4381 203823
4382 203596
4383 203686
4384 204362
4385 203933
4386 204244
4387 204300
4388 204323
4389 203869
4390 203985
4391 204061
4392 204128
4393 203225
4394 204289
4395 204124
4396 203690
4397 203699
4398 204018
4399 204071
4400 203774
4401 203905
4402 204466
4403 203601
4404 203700
4405 204037
4406 203888
4407 203887
4408 203967
4409 204366
4410 203921
4411 204298
4412 204211
4413 203983
4414 203888
4415 204232
4416 204134
4417 203379
4418 203625
4419 204106
4420 204290
4421 203866
4422 203767
4423 204364
4424 203854
4425 203532
4426 204241
4427 204029
4428 204059
4429 204049
4430 203700
4431 203347
4432 203874
4433 203700
4434 203472
4435 203852
4436 203821
4437 203818
4438 203932
4439 203742
4440 203843
4441 204030
4442 203837
4443 203927
4444 203894
4445 203710
4446 203913
4447 203744
4448 204108
4449 204103
4450 203864
4451 203691
4452 203801
4453 203595
4454 203862
4455 203652
4456 204015
4457 204110
4458 203451
4459 203619
4460 203898
4461 204074
4462 203653
4463 203937
4464 203882
4465 203707
4466 204070
4467 203781
4468 203986
4469 203643
4470 203184
4471 203625
4472 203298
4473 203464
4474 204119
4475 204223
4476 203572
4477 203705
4478 203790
4479 204293
4480 203930
4481 203942
4482 204017
4483 203840
4484 203808
4485 204033
4486 203596
4487 203477
4488 203476
4489 204066
4490 203482
4491 204309
4492 203613
4493 203869
4494 203878
4495 203635
4496 203677
4497 203719
4498 203758
4499 203551
4500 203528
4501 203668
4502 203098
4503 203512
4504 203826
4505 203428
4506 203540
4507 204202
4508 203420
4509 203766
4510 203426
4511 202999
4512 203708
4513 203637
4514 203380
4515 203414
4516 204272
4517 203837
4518 203434
4519 203579
4520 203771
4521 203652
4522 203501
4523 203722
4524 203443
4525 203883
4526 203236
4527 203718
4528 203371
4529 203372
4530 203846
4531 203828
4532 203548
4533 203336
4534 203530
4535 203677
4536 203077
4537 203452
4538 203735
4539 204108
4540 203581
4541 203817
4542 203270
4543 203505
4544 203163
4545 204004
4546 203571
4547 203894
4548 203678
4549 203964
4550 203307
4551 203449
4552 203480
4553 203743
4554 203854
4555 203490
4556 204106
4557 203703
4558 203643
4559 203997
4560 203983
4561 203524
4562 203655
4563 203641
4564 203526
4565 204000
4566 203213
4567 203335
4568 204062
4569 203587
4570 203958
4571 203720
4572 203790
4573 203749
4574 203651
4575 203350
4576 203548
4577 202875
4578 203368
4579 203206
4580 203752
4581 203449
4582 203613
4583 203180
4584 203810
4585 203790
4586 203284
4587 203542
4588 203304
4589 202792
4590 203794
4591 203895
4592 203639
4593 203068
4594 203041
4595 203653
4596 203174
4597 203626
4598 203131
4599 202864
4600 203808
4601 203400
4602 203411
4603 203908
4604 203816
4605 203900
4606 203334
4607 203772
4608 203603
4609 203788
4610 203630
4611 204021
4612 203391
4613 203617
4614 203837
4615 203756
4616 203525
4617 203480
4618 203375
4619 203580
4620 204097
4621 203803
4622 204135
4623 203714
4624 203876
4625 204500
4626 204241
4627 203648
4628 204173
4629 204332
4630 204508
4631 204478
4632 204453
4633 205013
4634 204245
4635 204723
4636 204324
4637 204457
4638 204602
4639 204817
4640 204425
4641 204657
4642 204513
4643 204739
4644 204368
4645 204315
4646 204684
4647 204607
4648 204761
4649 204657
4650 204011
4651 204407
4652 204219
4653 204479
4654 204487
4655 203945
4656 203655
4657 204097
4658 203763
4659 203990
4660 204018
4661 204091
4662 203569
4663 204079
4664 203887
4665 203972
4666 203397
4667 203140
4668 204064
4669 204050
4670 203699
4671 203661
4672 203713
4673 203320
4674 203731
4675 203330
4676 203927
4677 203099
4678 203663
4679 203322
4680 203259
4681 203705
4682 203232
4683 203598
4684 203031
4685 203030
4686 203152
4687 202992
4688 202832
4689 203563
4690 203366
4691 203139
4692 202943
4693 202616
4694 203023
4695 202834
4696 202389
4697 202898
4698 203350
4699 203428
4700 202921
4701 203155
4702 202835
4703 202888
4704 202999
4705 202651
4706 202842
4707 202551
4708 203350
4709 202616
4710 202962
4711 202684
4712 203571
4713 202688
4714 202630
4715 203714
4716 202598
4717 202687
4718 202789
4719 202786
4720 202982
4721 202869
4722 202300
4723 202730
4724 203140
4725 202649
4726 202872
4727 202444
4728 202171
4729 202681
4730 202725
4731 202803
4732 202781
4733 202643
4734 202542
4735 202424
4736 202465
4737 202596
4738 202797
4739 202988
4740 202486
4741 202877
4742 202973
4743 202691
4744 202482
4745 202658
4746 202566
4747 202199
4748 202987
4749 203108
4750 203164
4751 202304
4752 202538
4753 202360
4754 202444
4755 202595
4756 202449
4757 202276
4758 202839
4759 201992
4760 201914
4761 201970
4762 201864
4763 202012
4764 202724
4765 202154
4766 202353
4767 202732
4768 201883
4769 202493
4770 202559
4771 202277
4772 201813
4773 202279
4774 201940
4775 201719
4776 202317
4777 202483
4778 202167
4779 202305
4780 201824
4781 202146
4782 202440
4783 201738
4784 202816
4785 202295
4786 201902
4787 201784
4788 202161
4789 202635
4790 201460
4791 202805
4792 202098
4793 202132
4794 201783
4795 202224
4796 202160
4797 202582
4798 202275
4799 202103
4800 201834
4801 201478
4802 202116
4803 202751
4804 201737
4805 202112
4806 202345
4807 202181
4808 201725
4809 202169
4810 202147
4811 202157
4812 202330
4813 201803
4814 201899
4815 202287
4816 202157
4817 202385
4818 202098
4819 201755
4820 202064
4821 202003
4822 202090
4823 201729
4824 202105
4825 201995
4826 202324
4827 201601
4828 202089
4829 202125
4830 202049
4831 202094
4832 202419
4833 201511
4834 201800
4835 202176
4836 202210
4837 201847
4838 202154
4839 202071
4840 202089
4841 201736
4842 202343
4843 202240
4844 201871
4845 202256
4846 201694
4847 201526
4848 202472
4849 201810
4850 202012
4851 202138
4852 201794
4853 201844
4854 201976
4855 201762
4856 201481
4857 201557
4858 201925
4859 201827
4860 201959
4861 201743
4862 201763
4863 201712
4864 201639
4865 202100
4866 201707
4867 201573
4868 202247
4869 201870
4870 201840
4871 201551
4872 201940
4873 201555
4874 201849
4875 201993
4876 202045
4877 201606
4878 201664
4879 201529
4880 202029
4881 201943
4882 202137
4883 201786
4884 201528
4885 201555
4886 201783
4887 201639
4888 201802
4889 201469
4890 201834
4891 201615
4892 201186
4893 201803
4894 201424
4895 202092
4896 201775
4897 201330
4898 202102
4899 201752
4900 200904
4901 201640
4902 201676
4903 201502
4904 201688
4905 202194
4906 201596
4907 201280
4908 201531
4909 201705
4910 201503
4911 202077
4912 201781
4913 201589
4914 202090
4915 201804
4916 202067
4917 202086
4918 201647
4919 202287
4920 202699
4921 201686
4922 202011
4923 201471
4924 202079
4925 202234
4926 201939
4927 201666
4928 202147
4929 201838
4930 201846
4931 201702
4932 201981
4933 201824
4934 201875
4935 202477
4936 201728
4937 202159
4938 202092
4939 202338
4940 202753
4941 202046
4942 201997
4943 202440
4944 202100
4945 202158
4946 201860
4947 202103
4948 201836
4949 201961
4950 201531
4951 201876
4952 201459
4953 201999
4954 201314
4955 202059
4956 201560
4957 201827
4958 201456
4959 201811
4960 202651
4961 202039
4962 202017
4963 201777
4964 202054
4965 201913
4966 201997
4967 201892
4968 202400
4969 201873
4970 201971
4971 202199
4972 201962
4973 202143
4974 201345
4975 202395
4976 201648
4977 201924
4978 202221
4979 201953
4980 202038
4981 202166
4982 202147
4983 201890
4984 201930
4985 202222
4986 201628
4987 202447
4988 201742
4989 202338
4990 202279
4991 202108
4992 202068
4993 202408
4994 202421
4995 202339
4996 202406
4997 202482
4998 202371
4999 202259
5000 202590
5001 202717
5002 202332
5003 202440
5004 202626
5005 202662
5006 202656
5007 202296
5008 202817
5009 202511
5010 202524
5011 202447
5012 202171
5013 202829
5014 202694
5015 202774
5016 202722
5017 202878
5018 202741
5019 202923
5020 202396
5021 203095
5022 203227
5023 202712
5024 202664
5025 202995
5026 202649
5027 202822
5028 202784
5029 202641
5030 202521
5031 202745
5032 202286
5033 202562
5034 202972
5035 203032
5036 202503
5037 203137
5038 202581
5039 203143
5040 202385
5041 202655
5042 202813
5043 202703
5044 202695
5045 203377
5046 203631
5047 202811
5048 202830
5049 203518
5050 202754
5051 203530
5052 202659
5053 203249
5054 203077
5055 202613
5056 203109
5057 203408
5058 203142
5059 202974
5060 203010
5061 203099
5062 203042
5063 203652
5064 203068
5065 202609
5066 202563
5067 203354
5068 202965
5069 203091
5070 203106
5071 203656
5072 202978
5073 203591
5074 202984
5075 203312
5076 203355
5077 203248
5078 203209
5079 203683
5080 203774
5081 203494
5082 203486
5083 203038
5084 203339
5085 203202
5086 203411
5087 203132
5088 203488
5089 203233
5090 203756
5091 204349
5092 203629
5093 203058
5094 203653
5095 203718
5096 203771
5097 203546
5098 203524
5099 203134
5100 203958
5101 204254
5102 203931
5103 204103
5104 203879
5105 203856
5106 203733
5107 203443
5108 204383
5109 204177
5110 203968
5111 204226
5112 204073
5113 204367
5114 204118
5115 204258
5116 204654
5117 204384
5118 204722
5119 204124
5120 204620
5121 204662
5122 204367
5123 204670
5124 204561
5125 204684
5126 204986
5127 204056
5128 204999
5129 203844
5130 204859
5131 204957
5132 204797
5133 204577
5134 204822
5135 205129
5136 204799
5137 204475
5138 204987
5139 204687
5140 204621
5141 204248
5142 204103
5143 204773
5144 204368
5145 204356
5146 204538
5147 203821
5148 204299
5149 204427
5150 204183
5151 204244
5152 203589
5153 203947
5154 203814
5155 203926
5156 203720
5157 203953
5158 204359
5159 203736
5160 203740
5161 203655
5162 203961
5163 204371
5164 204302
5165 204371
5166 203952
5167 204457
5168 203439
5169 204146
5170 203660
5171 204176
5172 203956
5173 203980
5174 204703
5175 203937
5176 204435
5177 203727
5178 203567
5179 204022
5180 204117
5181 203600
5182 204085
5183 204267
5184 204223
5185 204157
5186 203917
5187 204263
5188 203840
5189 204307
5190 204008
5191 204347
5192 204234
5193 204087
5194 203753
5195 204005
5196 204430
5197 204317
5198 203575
5199 204368
5200 204085
5201 204097
5202 204203
5203 204365
5204 204095
5205 204454
5206 204353
5207 204341
5208 204502
5209 204021
5210 203925
5211 204178
5212 204966
5213 204560
5214 204620
5215 204291
5216 204356
5217 203833
5218 204594
5219 204434
5220 204350
5221 203997
5222 204023
5223 204133
5224 204427
5225 204605
5226 203975
5227 203729
5228 203822
5229 204409
5230 204387
5231 204048
5232 204291
5233 204073
5234 203998
5235 204520
5236 203893
5237 204604
5238 203964
5239 203933
5240 204062
5241 203560
5242 204077
5243 204052
5244 203757
5245 203761
5246 203915
5247 204051
5248 204132
5249 204173
5250 204176
5251 204197
5252 204106
5253 204427
5254 204121
5255 204042
5256 204134
5257 204090
5258 204432
5259 203989
5260 204419
5261 203682
5262 204253
5263 203879
5264 204367
5265 204409
5266 203952
5267 204375
5268 203704
5269 204222
5270 204860
5271 204664
5272 204505
5273 204187
5274 204210
5275 204118
5276 204088
5277 204405
5278 204306
5279 203693
5280 204111
5281 203973
5282 204054
5283 204435
5284 204249
5285 204099
5286 204567
5287 204110
5288 204291
5289 204273
5290 204251
5291 204460
5292 204031
5293 203933
5294 204559
5295 204191
5296 204004
5297 204683
5298 204928
5299 204437
5300 204570
5301 204217
5302 204343
5303 204429
5304 204774
5305 204708
5306 203983
5307 204235
5308 204414
5309 204097
5310 204060
5311 204365
5312 204042
5313 204557
5314 204460
5315 204944
5316 204367
5317 204147
5318 204961
5319 204510
5320 204155
5321 204250
5322 203917
5323 204652
5324 204493
5325 204940
5326 204718
5327 204682
5328 204766
5329 204950
5330 203881
5331 204947
5332 204381
5333 204492
5334 204567
5335 204276
5336 204747
5337 205021
5338 204535
5339 205056
5340 204544
5341 205104
5342 204774
5343 204999
5344 204634
5345 204445
5346 204684
5347 204236
5348 204533
5349 204899
5350 204725
5351 204720
5352 205472
5353 204915
5354 204318
5355 204281
5356 204453
5357 204514
5358 205213
5359 204777
5360 204645
5361 204712
5362 204624
5363 204739
5364 204969
5365 204818
5366 204066
5367 204748
5368 204710
5369 205560
5370 204928
5371 204536
5372 204444
5373 205056
5374 204833
5375 204743
5376 204305
5377 204816
5378 204423
5379 204460
5380 204642
5381 204810
5382 205098
5383 204193
5384 204729
5385 205363
5386 204513
5387 205358
5388 204582
5389 204949
5390 205088
5391 204896
5392 204641
5393 204990
5394 204486
5395 204899
5396 205416
5397 204701
5398 204440
5399 204326
5400 205144
5401 205036
5402 205021
5403 204810
5404 205114
5405 204830
5406 205029
5407 204257
5408 204414
5409 204748
5410 204347
5411 204244
5412 204248
5413 204299
5414 204894
5415 204448
5416 204995
5417 204789
5418 204226
5419 205012
5420 204483
5421 205136
5422 205306
5423 204513
5424 204998
5425 204241
5426 204478
5427 204726
5428 204092
5429 204746
5430 204795
5431 204239
5432 204528
5433 204708
5434 204011
5435 204996
5436 203875
5437 204471
5438 204775
5439 204663
5440 204452
5441 204340
5442 204917
5443 204633
5444 204259
5445 204810
5446 204920
5447 204585
5448 204643
5449 204219
5450 204369
5451 204071
5452 204345
5453 204405
5454 204434
5455 204374
5456 204077
5457 203676
5458 204506
5459 204343
5460 204030
5461 204100
5462 204717
5463 204112
5464 204230
5465 204389
5466 204399
5467 204454
5468 204126
5469 203822
5470 203693
5471 203848
5472 203710
5473 204204
5474 203706
5475 203868
5476 204149
5477 204051
5478 203614
5479 203918
5480 204069
5481 203644
5482 203775
5483 203516
5484 203599
5485 204537
5486 203784
5487 204318
5488 203983
5489 204174
5490 203962
5491 204087
5492 204032
5493 204056
5494 203741
5495 204063
5496 204041
5497 204211
5498 203583
5499 203990
5500 203518
5501 203953
5502 204158
5503 203717
5504 203851
5505 203774
5506 203688
5507 204172
5508 203252
5509 203883
5510 204329
5511 204548
5512 203668
5513 203630
5514 203794
5515 203760
5516 203861
5517 204169
5518 204360
5519 203795
5520 203518
5521 203611
5522 204000
5523 203501
5524 203954
5525 203556
5526 204154
5527 203467
5528 203994
5529 204057
5530 203615
5531 203543
5532 203736
5533 203645
5534 204182
5535 203820
5536 203725
5537 204164
5538 204039
5539 203919
5540 203984
5541 203906
5542 203430
5543 203963
5544 203863
5545 203804
5546 204023
5547 203556
5548 203869
5549 203779
5550 203852
5551 204131
5552 204166
5553 204014
5554 204318
5555 203848
5556 203339
5557 204201
5558 203591
5559 203599
5560 203503
5561 203507
5562 203361
5563 203907
5564 203469
5565 203297
5566 203516
5567 203435
5568 203059
5569 203572
5570 203575
5571 203747
5572 203477
5573 203530
5574 203716
5575 203803
5576 203584
5577 204310
5578 203961
5579 203721
5580 204419
5581 203741
5582 203386
5583 204080
5584 203648
5585 203464
5586 203018
5587 203587
5588 204324
5589 203327
5590 203256
5591 203797
5592 203545
5593 203691
5594 203722
5595 203894
5596 203338
5597 203803
5598 204460
5599 203695
5600 203618
5601 204054
5602 203327
5603 203554
5604 203493
5605 203730
5606 204011
5607 204360
5608 203780
5609 204139
5610 203449
5611 204289
5612 204321
5613 203796
5614 203614
5615 203851
5616 204047
5617 203876
5618 204263
5619 203997
5620 203566
5621 203599
5622 203978
5623 204161
5624 204156
5625 204178
5626 203841
5627 204461
5628 204341
5629 204193
5630 204265
5631 204349
5632 204670
5633 204291
5634 204238
5635 204336
5636 204761
5637 204557
5638 204809
5639 204895
5640 204494
5641 204371
5642 204905
5643 203953
5644 204470
5645 204056
5646 204567
5647 204195
5648 204544
5649 204468
5650 204882
5651 204051
5652 204701
5653 204600
5654 204570
5655 204398
5656 204624
5657 203859
5658 203957
5659 204400
5660 204360
5661 204079
5662 203839
5663 204062
5664 203829
5665 203895
5666 204004
5667 203638
5668 203894
5669 204158
5670 204004
5671 204285
5672 203711
5673 203563
5674 203473
5675 203176
5676 203617
5677 203358
5678 203338
5679 204027
5680 203221
5681 203446
5682 203473
5683 203253
5684 203860
5685 203363
5686 202993
5687 203721
5688 203434
5689 203282
5690 202946
5691 203365
5692 203157
5693 203320
5694 202804
5695 203062
5696 203091
5697 203016
5698 203473
5699 203177
5700 202877
5701 202755
5702 202664
5703 203088
5704 202826
5705 203278
5706 202984
5707 203137
5708 202717
5709 202779
5710 203306
5711 202853
5712 202956
5713 203354
5714 202648
5715 202736
5716 203002
5717 203421
5718 202814
5719 203238
5720 203569
5721 202750
5722 202645
5723 202369
5724 202678
5725 202686
5726 202771
5727 202826
5728 202677
5729 203301
5730 202771
5731 202656
5732 202540
5733 202934
5734 202628
5735 202914
5736 203212
5737 202654
5738 203057
5739 202787
5740 202594
5741 202753
5742 202845
5743 202694
5744 202945
5745 202221
5746 202530
5747 202968
5748 202729
5749 203356
5750 202569
5751 202395
5752 202911
5753 203455
5754 203138
5755 202390
5756 202583
5757 203075
5758 202944
5759 202944
5760 203185
5761 203022
5762 201996
5763 202091
5764 202778
5765 202643
5766 202373
5767 202681
5768 202682
5769 202883
5770 202284
5771 202438
5772 202422
5773 202821
5774 202917
5775 202908
5776 202178
5777 202798
5778 202668
5779 202856
5780 202169
5781 202975
5782 202415
5783 202846
5784 202175
5785 202328
5786 202815
5787 202539
5788 202588
5789 202638
5790 202197
5791 202657
5792 202471
5793 202424
5794 202375
5795 202489
5796 202491
5797 202318
5798 202803
5799 202327
5800 203083
5801 201933
5802 202211
5803 202453
5804 202281
5805 202443
5806 202452
5807 201983
5808 202440
5809 202633
5810 202047
5811 202369
5812 202196
5813 202451
5814 202544
5815 202190
5816 202495
5817 201771
5818 202670
5819 202611
5820 202600
5821 202654
5822 202074
5823 202568
5824 201745
5825 202229
5826 202134
5827 202735
5828 202543
5829 202461
5830 202086
5831 201792
5832 202741
5833 202675
5834 202130
5835 202709
5836 202439
5837 202615
5838 202462
5839 202236
5840 202167
5841 202241
5842 202259
5843 202205
5844 202126
5845 201805
5846 201999
5847 201837
5848 201595
5849 201968
5850 202236
5851 202382
5852 202676
5853 202593
5854 202122
5855 201952
5856 201552
5857 201988
5858 201664
5859 202322
5860 201907
5861 202444
5862 202459
5863 202161
5864 202104
5865 201684
5866 201598
5867 202109
5868 201996
5869 202026
5870 202150
5871 201826
5872 201718
5873 201845
5874 201900
5875 201893
5876 201559
5877 201623
5878 201922
5879 201935
5880 202037
5881 201991
5882 201318
5883 201952
5884 201810
5885 201645
5886 201879
5887 201920
5888 202108
5889 201814
5890 201704
5891 202304
5892 201754
5893 201962
5894 201779
5895 201636
5896 201490
5897 201898
5898 202162
5899 201851
5900 201839
5901 202027
5902 201889
5903 201559
5904 201717
5905 201796
5906 201875
5907 202406
5908 202104
5909 202013
5910 201739
5911 202401
5912 201886
5913 201721
5914 201821
5915 201856
5916 201914
5917 201283
5918 201520
5919 201759
5920 201069
5921 201390
5922 201567
5923 201740
5924 201730
5925 201798
5926 201642
5927 201470
5928 201923
5929 201662
5930 201337
5931 201540
5932 201597
5933 201748
5934 201452
5935 201875
5936 201237
5937 201569
5938 201349
5939 201340
5940 201553
5941 201299
5942 201682
5943 201724
5944 201573
5945 201617
5946 201725
5947 201387
5948 201860
5949 202045
5950 201456
5951 201598
5952 201648
5953 202503
5954 202413
5955 202052
5956 202152
5957 202234
5958 202316
5959 202196
5960 202409
5961 202019
5962 201419
5963 202208
5964 202272
5965 201883
5966 202024
5967 201803
5968 202136
5969 201862
5970 202273
5971 202631
5972 202391
5973 201908
5974 202035
5975 202099
5976 202322
5977 202170
5978 202169
5979 202576
5980 202073
5981 202522
5982 202742
5983 201952
5984 202194
5985 201879
5986 202519
5987 202404
5988 202218
5989 202364
5990 202155
5991 202993
5992 202363
5993 202020
5994 202179
5995 202227
5996 202219
5997 202203
5998 201946
5999 202026
6000 202098
6001 202277
6002 202220
6003 202155
6004 202860
6005 202459
6006 201663
6007 202586
6008 202539
6009 202336
6010 202276
6011 201981
6012 202438
6013 201722
6014 201895
6015 202270
6016 202661
6017 202055
6018 202633
6019 202042
6020 202361
6021 202568
6022 202362
6023 201714
6024 202214
6025 202105
6026 202744
6027 201714
6028 202453
6029 202444
6030 202528
6031 202885
6032 202756
6033 202806
6034 202055
6035 202215
6036 202296
6037 202585
6038 201751
6039 202211
6040 202176
6041 201706
6042 202238
6043 202275
6044 202307
