H11890
GateTime 10
GateNumber 0
SN 30430302
0 219230
1 219231
2 219557
3 219360
4 219960
5 219528
6 218832
7 218927
8 218841
9 219142
10 219205
11 219193
12 219362
13 219923
14 219544
15 219589
16 219010
17 219312
18 219367
19 218869
20 219255
21 219534
22 218677
23 218973
24 219431
25 218827
26 218834
27 219140
28 218860
29 218835
30 218607
31 218908
32 219222
33 218654
34 218677
35 219197
36 218767
37 219147
38 219024
39 218249
40 219064
41 218613
42 218953
43 219621
44 218841
45 219007
46 219049
47 218623
48 218494
49 218829
50 218664
51 218582
52 219083
53 218447
54 218703
55 218290
56 218480
57 218382
58 218370
59 218521
60 218348
61 218426
62 218177
63 218506
64 218146
65 218154
66 218360
67 218983
68 217959
69 218137
70 218384
71 218257
72 218156
73 218832
74 217925
75 218694
76 218460
77 217618
78 218006
79 217648
80 218130
81 218123
82 218036
83 217979
84 218065
85 218249
86 218081
87 217921
88 218263
89 217660
90 218126
91 218156
92 217952
93 217830
94 218196
95 218355
96 218613
97 218265
98 218026
99 218349
100 217956
101 218484
102 218048
103 217491
104 217868
105 218105
106 217697
107 217831
108 218290
109 217876
110 218044
111 217772
112 218079
113 218141
114 217899
115 218099
116 217958
117 218065
118 217960
119 217534
120 218123
121 218074
122 218246
123 218100
124 218181
125 218259
126 218756
127 218019
128 218618
129 218231
130 218713
131 218072
132 218417
133 218598
134 218532
135 218344
136 218274
137 218220
138 218115
139 218579
140 218307
141 218035
142 218736
143 217977
144 218106
145 218235
146 218010
147 218148
148 218254
149 218426
150 217601
151 218005
152 217621
153 218099
154 218547
155 217728
156 218002
157 217622
158 217607
159 217491
160 217826
161 217750
162 217944
163 217923
164 217736
165 218166
166 217815
167 217773
168 218078
169 217405
170 217403
171 217895
172 217831
173 217881
174 217971
175 217693
176 218012
177 217849
178 217688
179 217316
180 217147
181 217520
182 218078
183 217949
184 217317
185 217774
186 217262
187 217797
188 217279
189 217325
190 217412
191 217877
192 217282
193 217758
194 216970
195 217839
196 216998
197 217915
198 217745
199 217096
200 218007
201 217213
202 217467
203 217610
204 217359
205 217323
206 218005
207 217373
208 217990
209 217806
210 217014
211 217822
212 217437
213 217276
214 217872
215 217407
216 216979
217 217377
218 217052
219 217507
220 217296
221 217609
222 216561
223 217618
224 217238
225 217576
226 217398
227 217722
228 217424
229 217208
230 217245
231 217071
232 217261
233 217236
234 216642
235 217589
236 217262
237 217192
238 216807
239 217289
240 217131
241 217310
242 216932
243 217274
244 217260
245 217173
246 216899
247 217036
248 217135
249 217863
250 216962
251 217275
252 217281
253 217100
254 216763
255 216877
256 217108
257 217199
258 217254
259 216954
260 217057
261 217290
262 217085
263 216961
264 216620
265 216794
266 218019
267 217243
268 217037
269 217206
270 217317
271 217472
272 217360
273 217154
274 217181
275 217737
276 217455
277 217497
278 217455
279 217438
280 217934
281 217613
282 217912
283 217779
284 217973
285 217536
286 218042
287 217247
288 217520
289 217578
290 217428
291 217152
292 217224
293 217387
294 217275
295 216672
296 217430
297 216954
298 217194
299 217548
300 217150
301 217084
302 217471
303 217373
304 217266
305 217186
306 216873
307 217679
308 217666
309 216914
310 217652
311 216981
312 217573
313 217534
314 216826
315 217243
316 217440
317 217698
318 217172
319 217683
320 217054
321 217431
322 217426
323 217544
324 217467
325 217361
326 217241
327 217649
328 217592
329 217525
330 217289
331 217176
332 217290
333 217621
334 216992
335 217388
336 217379
337 217821
338 217326
339 217684
340 217303
341 217344
342 217223
343 217346
344 217081
345 217241
346 217427
347 217358
348 217476
349 216933
350 217679
351 217339
352 216927
353 216723
354 217525
355 216662
356 217596
357 217440
358 217751
359 217070
360 217255
361 217515
362 217507
363 217566
364 217030
365 217142
366 217805
367 217550
368 217988
369 216925
370 217382
371 218170
372 217025
373 217146
374 217431
375 217634
376 217971
377 217532
378 217685
379 217819
380 217155
381 217046
382 217778
383 217292
384 217748
385 217227
386 217247
387 217262
388 217183
389 217787
390 217109
391 217416
392 217396
393 217670
394 217778
395 217019
396 217722
397 217638
398 217200
399 217406
400 217892
401 217749
402 217324
403 217846
404 217433
405 217714
406 217647
407 217586
408 217133
409 217323
410 217433
411 217726
412 217872
413 217614
414 217639
415 217551
416 217655
417 217705
418 217429
419 217530
420 217713
421 217633
422 217620
423 217854
424 217544
425 217300
426 217285
427 218041
428 217801
429 217434
430 217597
431 217938
432 217741
433 217445
434 218199
435 217673
436 216920
437 217831
438 217045
439 217259
440 217669
441 218238
442 217564
443 217748
444 217173
445 217634
446 217487
447 217116
448 217340
449 217530
450 217646
451 217023
452 217103
453 217341
454 217025
455 217575
456 217318
457 217519
458 217218
459 217306
460 217714
461 217431
462 218030
463 217215
464 217237
465 217334
466 217240
467 217314
468 217819
469 217619
470 217468
471 217692
472 217664
473 218208
474 217248
475 217932
476 217289
477 217661
478 217045
479 217868
480 217312
481 217461
482 217182
483 217644
484 218302
485 218023
486 217429
487 217442
488 217439
489 217483
490 217758
491 217181
492 217683
493 217402
494 217490
495 217801
496 217835
497 218273
498 218107
499 218292
500 217636
501 218273
502 217562
503 217429
504 218125
505 217663
506 218364
507 218171
508 218091
509 217985
510 218663
511 218543
512 218860
513 217687
514 218190
515 218352
516 218136
517 218075
518 218418
519 218592
520 218851
521 218723
522 218318
523 218163
524 218427
525 218500
526 218171
527 218534
528 218272
529 218668
530 218168
531 218593
532 217728
533 218460
534 218039
535 218746
536 218062
537 218027
538 217943
539 218318
540 217372
541 217958
542 218488
543 217812
544 218142
545 218052
546 217833
547 217306
548 217821
549 218301
550 217377
551 217845
552 217399
553 217614
554 217892
555 217741
556 217171
557 217725
558 217731
559 217551
560 217812
561 217208
562 217552
563 217548
564 217117
565 217366
566 217224
567 217283
568 217575
569 217282
570 217366
571 217393
572 217472
573 217374
574 217102
575 217147
576 217045
577 216856
578 217701
579 217314
580 217209
581 216932
582 217236
583 216900
584 216892
585 217272
586 217059
587 217201
588 217234
589 217310
590 216778
591 217079
592 217384
593 217275
594 217142
595 217138
596 217575
597 216991
598 217097
599 217012
600 217228
601 217310
602 216673
603 217471
604 217666
605 217413
606 217356
607 216755
608 217207
609 217604
610 217666
611 217246
612 216620
613 216996
614 216946
615 216921
616 217336
617 216867
618 216978
619 217469
620 217233
621 216722
622 216955
623 217341
624 217068
625 217270
626 217186
627 218003
628 217345
629 216761
630 216855
631 217449
632 217261
633 217134
634 217647
635 217710
636 217267
637 216833
638 217525
639 217349
640 217617
641 217281
642 217682
643 217305
644 217700
645 217386
646 217173
647 217654
648 216761
649 216833
650 217238
651 217138
652 217615
653 216880
654 217567
655 216867
656 217121
657 217629
658 217434
659 217270
660 217116
661 218015
662 217361
663 217530
664 217367
665 217171
666 217040
667 217568
668 217617
669 217595
670 217593
671 217387
672 217470
673 217722
674 217125
675 217682
676 217135
677 217368
678 216790
679 217094
680 217576
681 217336
682 217402
683 217905
684 217233
685 217065
686 217398
687 217462
688 216933
689 217146
690 217424
691 217312
692 217545
693 216878
694 217362
695 217503
696 217488
697 217141
698 217174
699 217580
700 217356
701 217439
702 217426
703 217640
704 217721
705 217256
706 217504
707 216944
708 217474
709 217112
710 217567
711 217183
712 218396
713 217366
714 217567
715 217602
716 217710
717 217570
718 217617
719 217341
720 217736
721 217724
722 217993
723 217122
724 217398
725 217641
726 217626
727 217307
728 217553
729 217220
730 217275
731 218127
732 217527
733 218086
734 217474
735 217593
736 218091
737 217784
738 217496
739 217910
740 217500
741 217782
742 217901
743 217972
744 217303
745 218153
746 217512
747 217416
748 217498
749 217607
750 217388
751 217464
752 217569
753 217302
754 217471
755 217911
756 218018
757 217684
758 217634
759 217786
760 217682
761 217190
762 217347
763 217670
764 217369
765 217213
766 217654
767 217225
768 217782
769 217776
770 217634
771 217478
772 217958
773 217578
774 217960
775 217995
776 218065
777 217494
778 218015
779 217655
780 217293
781 217193
782 217283
783 217207
784 217937
785 217987
786 218218
787 217728
788 217339
789 217382
790 217733
791 217274
792 217392
793 217422
794 217037
795 217193
796 217699
797 217343
798 217369
799 217596
800 217198
801 217106
802 217069
803 217313
804 217738
805 216916
806 217519
807 217016
808 216882
809 216795
810 217150
811 217217
812 216892
813 217241
814 216883
815 217489
816 217172
817 216848
818 217253
819 217062
820 217134
821 216980
822 216939
823 216999
824 217430
825 217177
826 217103
827 216877
828 217423
829 216849
830 216936
831 217145
832 216971
833 216551
834 217174
835 216831
836 216602
837 216786
838 216235
839 216560
840 217124
841 216751
842 216320
843 216325
844 216522
845 216114
846 216737
847 216278
848 216676
849 216321
850 216535
851 216306
852 216363
853 216436
854 216418
855 216731
856 216965
857 216191
858 216764
859 216278
860 216995
861 216307
862 216356
863 216592
864 216783
865 216174
866 216787
867 216496
868 216393
869 215938
870 216572
871 217097
872 216633
873 216601
874 216700
875 216888
876 216400
877 216407
878 216797
879 216179
880 216178
881 216266
882 216033
883 216017
884 216402
885 216151
886 216223
887 216141
888 216483
889 216261
890 215629
891 216059
892 216432
893 215865
894 216351
895 216017
896 215966
897 215957
898 216205
899 216108
900 215937
901 216593
902 216103
903 215800
904 215905
905 215829
906 215866
907 215837
908 215681
909 216136
910 216192
911 216217
912 216611
913 215649
914 215596
915 215322
916 215693
917 215670
918 215864
919 215651
920 216299
921 215707
922 216153
923 215564
924 215984
925 215567
926 215475
927 215552
928 215417
929 215707
930 215745
931 215736
932 215202
933 215876
934 215278
935 215339
936 215200
937 215538
938 215167
939 215348
940 215221
941 215298
942 216009
943 215268
944 215734
945 215478
946 215803
947 215304
948 215120
949 214776
950 215353
951 215207
952 214895
953 215463
954 215439
955 215307
956 215530
957 215265
958 215638
959 215092
960 215895
961 215022
962 215584
963 214991
964 215539
965 215484
966 215244
967 215378
968 215665
969 215253
970 215088
971 215452
972 215888
973 215385
974 215430
975 215044
976 215307
977 215999
978 215364
979 215729
980 215331
981 215517
982 215640
983 215580
984 215589
985 215758
986 215433
987 215672
988 215193
989 215253
990 215810
991 215638
992 216450
993 215369
994 215452
995 215609
996 215397
997 215162
998 215804
999 216019
1000 215532
1001 215647
1002 216022
1003 216429
1004 215360
1005 215659
1006 215488
1007 215863
1008 215251
1009 216362
1010 215591
1011 216866
1012 216304
1013 215562
1014 215999
1015 215775
1016 216512
1017 215807
1018 215993
1019 216009
1020 216254
1021 215688
1022 215666
1023 215508
1024 215483
1025 216164
1026 215506
1027 216125
1028 215251
1029 215808
1030 215514
1031 215370
1032 215329
1033 215579
1034 215440
1035 214755
1036 215349
1037 215352
1038 215202
1039 215708
1040 215164
1041 215305
1042 214794
1043 214927
1044 215401
1045 215196
1046 214974
1047 215439
1048 215141
1049 215027
1050 215521
1051 215281
1052 214892
1053 215169
1054 215319
1055 215032
1056 214947
1057 215229
1058 215204
1059 214955
1060 215471
1061 215248
1062 215095
1063 214780
1064 214994
1065 214955
1066 215101
1067 214710
1068 214589
1069 214680
1070 215149
1071 215142
1072 215101
1073 214780
1074 214639
1075 215176
1076 215223
1077 214996
1078 214374
1079 214951
1080 214928
1081 214618
1082 214729
1083 214877
1084 215072
1085 214570
1086 214337
1087 214319
1088 214186
1089 214732
1090 214812
1091 214727
1092 214679
1093 214473
1094 214047
1095 214412
1096 214400
1097 215041
1098 215416
1099 214468
1100 214334
1101 214362
1102 214677
1103 214524
1104 214177
1105 214500
1106 214519
1107 214401
1108 214701
1109 214572
1110 215123
1111 214130
1112 214678
1113 214408
1114 214421
1115 214519
1116 214316
1117 214342
1118 214501
1119 214635
1120 214416
1121 214464
1122 214035
1123 214675
1124 214097
1125 214748
1126 214213
1127 214817
1128 214779
1129 214083
1130 214518
1131 214058
1132 214325
1133 214060
1134 214281
1135 214722
1136 214647
1137 214645
1138 214336
1139 214514
1140 214572
1141 214384
1142 214286
1143 214634
1144 214441
1145 214326
1146 214262
1147 214775
1148 214586
1149 214377
1150 214697
1151 214021
1152 213941
1153 214684
1154 213741
1155 214726
1156 214129
1157 214543
1158 213725
1159 214542
1160 214380
1161 214674
1162 214406
1163 214290
1164 214077
1165 214449
1166 214157
1167 214332
1168 214295
1169 214486
1170 214338
1171 214478
1172 214271
1173 214122
1174 214367
1175 214213
1176 214220
1177 214359
1178 214114
1179 214072
1180 214581
1181 214308
1182 214195
1183 214066
1184 214403
1185 213608
1186 214518
1187 214115
1188 214192
1189 213893
1190 214032
1191 214113
1192 213702
1193 214125
1194 214413
1195 214489
1196 213893
1197 214016
1198 213573
1199 214705
1200 214163
1201 213587
1202 213835
1203 214302
1204 214084
1205 214530
1206 213769
1207 213963
1208 214065
1209 213444
1210 214099
1211 213944
1212 213906
1213 213998
1214 214153
1215 213787
1216 214172
1217 213572
1218 214262
1219 213845
1220 213866
1221 213950
1222 213758
1223 213854
1224 213911
1225 214031
1226 214223
1227 213319
1228 213669
1229 213868
1230 214430
1231 213168
1232 213703
1233 213742
1234 213749
1235 213947
1236 213542
1237 213491
1238 213968
1239 213673
1240 214049
1241 213646
1242 213755
1243 213734
1244 214193
1245 213839
1246 213539
1247 213592
1248 214360
1249 213820
1250 213719
1251 213480
1252 213612
1253 213864
1254 213632
1255 213327
1256 213801
1257 213297
1258 213394
1259 213271
1260 213770
1261 213955
1262 213749
1263 213265
1264 213771
1265 213692
1266 213639
1267 213353
1268 213118
1269 213860
1270 213891
1271 213414
1272 213649
1273 213409
1274 213396
1275 213437
1276 213379
1277 213338
1278 213074
1279 212823
1280 213061
1281 213479
1282 213425
1283 213135
1284 213596
1285 213762
1286 213989
1287 213601
1288 213630
1289 213600
1290 213768
1291 213758
1292 213737
1293 213618
1294 213962
1295 213390
1296 213749
1297 213953
1298 213786
1299 214273
1300 213782
1301 213836
1302 213765
1303 213785
1304 214188
1305 214203
1306 214393
1307 214251
1308 213559
1309 213958
1310 214036
1311 213938
1312 213788
1313 213897
1314 214230
1315 213731
1316 214253
1317 213572
1318 213909
1319 214257
1320 214030
1321 214475
1322 214120
1323 214435
1324 213816
1325 214057
1326 214338
1327 214029
1328 214662
1329 213520
1330 213855
1331 214128
1332 214343
1333 214421
1334 214365
1335 214470
1336 214053
1337 214291
1338 213968
1339 214228
1340 213718
1341 214171
1342 214486
1343 214615
1344 213861
1345 214380
1346 214239
1347 214241
1348 214727
1349 214257
1350 214239
1351 214270
1352 214153
1353 214090
1354 214478
1355 214582
1356 214150
1357 214174
1358 214421
1359 214005
1360 214326
1361 213999
1362 214157
1363 214091
1364 214294
1365 214411
1366 214220
1367 213575
1368 214450
1369 214662
1370 214523
1371 213930
1372 214599
1373 214342
1374 214293
1375 214312
1376 214238
1377 214102
1378 214442
1379 214261
1380 214336
1381 214208
1382 214002
1383 214486
1384 214556
1385 214328
1386 214893
1387 214634
1388 214689
1389 214332
1390 214821
1391 214587
1392 214531
1393 214662
1394 214566
1395 214868
1396 214303
1397 214639
1398 214590
1399 214308
1400 214804
1401 215051
1402 214540
1403 214959
1404 215030
1405 214674
1406 214967
1407 214979
1408 214810
1409 214737
1410 214633
1411 215364
1412 214282
1413 214186
1414 215175
1415 214843
1416 214878
1417 214852
1418 214947
1419 214936
1420 214764
1421 214935
1422 214691
1423 215368
1424 214720
1425 214939
1426 214666
1427 214026
1428 214445
1429 214846
1430 214632
1431 215106
1432 214997
1433 213950
1434 214376
1435 214433
1436 214706
1437 214988
1438 215033
1439 214860
1440 214907
1441 214912
1442 215315
1443 214570
1444 215355
1445 215023
1446 215294
1447 215698
1448 215252
1449 215058
1450 214885
1451 214496
1452 215086
1453 214821
1454 215081
1455 214833
1456 214694
1457 214890
1458 215076
1459 215149
1460 215126
1461 214994
1462 215067
1463 215914
1464 214924
1465 215081
1466 215043
1467 215020
1468 215372
1469 215469
1470 214655
1471 215083
1472 215218
1473 214709
1474 215388
1475 214961
1476 215217
1477 214743
1478 215213
1479 215426
1480 215320
1481 215773
1482 214962
1483 215465
1484 215495
1485 215173
1486 215351
1487 215366
1488 215704
1489 215592
1490 215779
1491 215244
1492 215542
1493 215546
1494 215513
1495 215929
1496 215735
1497 215872
1498 215710
1499 216057
1500 215923
1501 216224
1502 215742
1503 216314
1504 216031
1505 216547
1506 216115
1507 216165
1508 215826
1509 216217
1510 216284
1511 216664
1512 216456
1513 216612
1514 216458
1515 215914
1516 216748
1517 216282
1518 216294
1519 216258
1520 216176
1521 216583
1522 216607
1523 216689
1524 216537
1525 216529
1526 216555
1527 216631
1528 216106
1529 216184
1530 216866
1531 216926
1532 216399
1533 216616
1534 216897
1535 216634
1536 216388
1537 216093
1538 217002
1539 216643
1540 215647
1541 216572
1542 215981
1543 216036
1544 216444
1545 216508
1546 215961
1547 216523
1548 215997
1549 215947
1550 216180
1551 215977
1552 216101
1553 216191
1554 216326
1555 216077
1556 216291
1557 215614
1558 216422
1559 216183
1560 215934
1561 216065
1562 216111
1563 216211
1564 215804
1565 216461
1566 216104
1567 215885
1568 215831
1569 216156
1570 215738
1571 215827
1572 216055
1573 216010
1574 215954
1575 216035
1576 216304
1577 216251
1578 215736
1579 215630
1580 215688
1581 215906
1582 216136
1583 215762
1584 215881
1585 215626
1586 216076
1587 215570
1588 215676
1589 216001
1590 215628
1591 215986
1592 215906
1593 216056
1594 216385
1595 216566
1596 215662
1597 215477
1598 216211
1599 215894
1600 215463
1601 215615
1602 216010
1603 216039
1604 216327
1605 215930
1606 215552
1607 215911
1608 216101
1609 216285
1610 216129
1611 215974
1612 215964
1613 215973
1614 216455
1615 215781
1616 215745
1617 216241
1618 215342
1619 216260
1620 215851
1621 216079
1622 215743
1623 215996
1624 216262
1625 216107
1626 216364
1627 216239
1628 216165
1629 216028
1630 216621
1631 215970
1632 215677
1633 216166
1634 216065
1635 216072
1636 215986
1637 216417
1638 216397
1639 216100
1640 216410
1641 215997
1642 216085
1643 216542
1644 216187
1645 216306
1646 216492
1647 216564
1648 216063
1649 216545
1650 216216
1651 216025
1652 216825
1653 216456
1654 216030
1655 216558
1656 216240
1657 216098
1658 216455
1659 216589
1660 216376
1661 216542
1662 216621
1663 216345
1664 216355
1665 216505
1666 216420
1667 216518
1668 216119
1669 216848
1670 217208
1671 216923
1672 216750
1673 216161
1674 216426
1675 216852
1676 216453
1677 217148
1678 217168
1679 217010
1680 216849
1681 217265
1682 216890
1683 217027
1684 216897
1685 217023
1686 216636
1687 216684
1688 216851
1689 216580
1690 216648
1691 216894
1692 216818
1693 217230
1694 216746
1695 216840
1696 216694
1697 216077
1698 216409
1699 216420
1700 216699
1701 216855
1702 216771
1703 216634
1704 216191
1705 216343
1706 216316
1707 217074
1708 216851
1709 216760
1710 216356
1711 216622
1712 216764
1713 216235
1714 216779
1715 216263
1716 216682
1717 216395
1718 216756
1719 216825
1720 216321
1721 216629
1722 216622
1723 216348
1724 216639
1725 216353
1726 216737
1727 216612
1728 216824
1729 216984
1730 217202
1731 216907
1732 216206
1733 216897
1734 216616
1735 216817
1736 216394
1737 216485
1738 216535
1739 217130
1740 217000
1741 217210
1742 216769
1743 217308
1744 217187
1745 216704
1746 216902
1747 217039
1748 217249
1749 217131
1750 216780
1751 216973
1752 216910
1753 216730
1754 216857
1755 216635
1756 216702
1757 217293
1758 217201
1759 217320
1760 217070
1761 216672
1762 217129
1763 216760
1764 216948
1765 216958
1766 216845
1767 216522
1768 216780
1769 216475
1770 217460
1771 217611
1772 217280
1773 216799
1774 217198
1775 216766
1776 217164
1777 216657
1778 216896
1779 216688
1780 217159
1781 216917
1782 216791
1783 217021
1784 216752
1785 217204
1786 217056
1787 216392
1788 216730
1789 216873
1790 217222
1791 216984
1792 216631
1793 217482
1794 217405
1795 216828
1796 216904
1797 217002
1798 217176
1799 216796
1800 216880
1801 216509
1802 216742
1803 217068
1804 217199
1805 216920
1806 216911
1807 216506
1808 217060
1809 216811
1810 217082
1811 217210
1812 217370
1813 217002
1814 216439
1815 216823
1816 217180
1817 217105
1818 217010
1819 216968
1820 217126
1821 216362
1822 216843
1823 216906
1824 216476
1825 216910
1826 216538
1827 216925
1828 216332
1829 216281
1830 216284
1831 216680
1832 216465
1833 216442
1834 216883
1835 217161
1836 216660
1837 216216
1838 216473
1839 216384
1840 216910
1841 216796
1842 216772
1843 216636
1844 217012
1845 216477
1846 216992
1847 216475
1848 216689
1849 216828
1850 216449
1851 216660
1852 216211
1853 216216
1854 216685
1855 216314
1856 216926
1857 217392
1858 216530
1859 216517
1860 216433
1861 216356
1862 217233
1863 216300
1864 216595
1865 216246
1866 216547
1867 216609
1868 216297
1869 216140
1870 216459
1871 216681
1872 217059
1873 216361
1874 216435
1875 216428
1876 216555
1877 215692
1878 216817
1879 216421
1880 216685
1881 216396
1882 216276
1883 216499
1884 217005
1885 216424
1886 216461
1887 216447
1888 216225
1889 216758
1890 216366
1891 216834
1892 216475
1893 216475
1894 216263
1895 216923
1896 216127
1897 216594
1898 216686
1899 216395
1900 216633
1901 216817
1902 216255
1903 216792
1904 216360
1905 216313
1906 216428
1907 216273
1908 216631
1909 216338
1910 216433
1911 216737
1912 216725
1913 216516
1914 216433
1915 216546
1916 216744
1917 216344
1918 216188
1919 216052
1920 216404
1921 216139
1922 216173
1923 216104
1924 216549
1925 216423
1926 216424
1927 215946
1928 216402
1929 216552
1930 215968
1931 216192
1932 216228
1933 216437
1934 216353
1935 216733
1936 216243
1937 216319
1938 216231
1939 215890
1940 216451
1941 215918
1942 216350
1943 216226
1944 216309
1945 216095
1946 216355
1947 216148
1948 216408
1949 216068
1950 216245
1951 216160
1952 216415
1953 216356
1954 216102
1955 216059
1956 216513
1957 215606
1958 216116
1959 215740
1960 216187
1961 216607
1962 216559
1963 216559
1964 215973
1965 216065
1966 215854
1967 215984
1968 215867
1969 216742
1970 216283
1971 216256
1972 216288
1973 215755
1974 216040
1975 216245
1976 216142
1977 216528
1978 216270
1979 216631
1980 216409
1981 216212
1982 216158
1983 216705
1984 216610
1985 215678
1986 216484
1987 216329
1988 216077
1989 216243
1990 216364
1991 216497
1992 216811
1993 217014
1994 216319
1995 216621
1996 216209
1997 216487
1998 216957
1999 216650
2000 216664
2001 216647
2002 216615
2003 216499
2004 216928
2005 216415
2006 216624
2007 216843
2008 217046
2009 216825
2010 217241
2011 216748
2012 216718
2013 217377
2014 216676
2015 216746
2016 216869
2017 216942
2018 216472
2019 217024
2020 216644
2021 216436
2022 216459
2023 216502
2024 216499
2025 216482
2026 216576
2027 216774
2028 216600
2029 216480
2030 215984
2031 216171
2032 216638
2033 216566
2034 216352
2035 215903
2036 216310
2037 216106
2038 215990
2039 215927
2040 215842
2041 215755
2042 216242
2043 216275
2044 215932
2045 215827
2046 215469
2047 215963
2048 216109
2049 216005
2050 216182
2051 215950
2052 215771
2053 215457
2054 215602
2055 216016
2056 216103
2057 216189
2058 215813
2059 216135
2060 215844
2061 215841
2062 216104
2063 215311
2064 215643
2065 216023
2066 215123
2067 215329
2068 215741
2069 215303
2070 215382
2071 215526
2072 215393
2073 215582
2074 214997
2075 215841
2076 215431
2077 215077
2078 215438
2079 214909
2080 214823
2081 215584
2082 215524
2083 215603
2084 215519
2085 215400
2086 215552
2087 215675
2088 215626
2089 215308
2090 215476
2091 215221
2092 215532
2093 215469
2094 215576
2095 215591
2096 214817
2097 215410
2098 215518
2099 215937
2100 215559
2101 215088
2102 214728
2103 215236
2104 215121
2105 214882
2106 214580
2107 215740
2108 214962
2109 215510
2110 215209
2111 215221
2112 215507
2113 215135
2114 215569
2115 215189
2116 215081
2117 215263
2118 215273
2119 215165
2120 215098
2121 215340
2122 215496
2123 214931
2124 215036
2125 215011
2126 215180
2127 215246
2128 214673
2129 215110
2130 215202
2131 214618
2132 215116
2133 215040
2134 214827
2135 214620
2136 214423
2137 214823
2138 215024
2139 214461
2140 214871
2141 215100
2142 214789
2143 214947
2144 214692
2145 214752
2146 214512
2147 214622
2148 215157
2149 214445
2150 214803
2151 214635
2152 214636
2153 214746
2154 214574
2155 214674
2156 214922
2157 214588
2158 214791
2159 214833
2160 214699
2161 214194
2162 214971
2163 214632
2164 215389
2165 214575
2166 214453
2167 214699
2168 214751
2169 214530
2170 214314
2171 214774
2172 214267
2173 213871
2174 214273
2175 214777
2176 214611
2177 214919
2178 214730
2179 214453
2180 214786
2181 214998
2182 214105
2183 214734
2184 215122
2185 214660
2186 214374
2187 214464
2188 214463
2189 214634
2190 214752
2191 214646
2192 213963
2193 214439
2194 214267
2195 214895
2196 214405
2197 214390
2198 214235
2199 214327
2200 214585
2201 214294
2202 214819
2203 214054
2204 214162
2205 214272
2206 214059
2207 214220
2208 213872
2209 214188
2210 214435
2211 214255
2212 214062
2213 214552
2214 213870
2215 214035
2216 214156
2217 214455
2218 214118
2219 214025
2220 214071
2221 214627
2222 214377
2223 214374
2224 214228
2225 214227
2226 214707
2227 214200
2228 214338
2229 213983
2230 214387
2231 214167
2232 214006
2233 214420
2234 214632
2235 213843
2236 214162
2237 213838
2238 213988
2239 214315
2240 214176
2241 213953
2242 213983
2243 214598
2244 214452
2245 214546
2246 214092
2247 214442
2248 214058
2249 213955
2250 214162
2251 214319
2252 214056
2253 214129
2254 213837
2255 213931
2256 214281
2257 214282
2258 214108
2259 213636
2260 213546
2261 213954
2262 213863
2263 214307
2264 213913
2265 214108
2266 213960
2267 214032
2268 214188
2269 214337
2270 214062
2271 214532
2272 214162
2273 213825
2274 213700
2275 214594
2276 214019
2277 214046
2278 214112
2279 214550
2280 214381
2281 214893
2282 214169
2283 215089
2284 214113
2285 214117
2286 213714
2287 214495
2288 214253
2289 214101
2290 214720
2291 214272
2292 214825
2293 214085
2294 214310
2295 213875
2296 214471
2297 214149
2298 214705
2299 214188
2300 214044
2301 214388
2302 214241
2303 215052
2304 214188
2305 214314
2306 214419
2307 214370
2308 214689
2309 214685
2310 214180
2311 214239
2312 214789
2313 214831
2314 214473
2315 214869
2316 214200
2317 214673
2318 214414
2319 214688
2320 214651
2321 214300
2322 214306
2323 214824
2324 214674
2325 214192
2326 213854
2327 214103
2328 214849
2329 214642
2330 214501
2331 214429
2332 214474
2333 214551
2334 214252
2335 214598
2336 214738
2337 214844
2338 214556
2339 215091
2340 214266
2341 214932
2342 214726
2343 214441
2344 214614
2345 214756
2346 214991
2347 214770
2348 214753
2349 213986
2350 215225
2351 214614
2352 215010
2353 214659
2354 214680
2355 214921
2356 214883
2357 214777
2358 214843
2359 214670
2360 215059
2361 215244
2362 215317
2363 215264
2364 214745
2365 215174
2366 215139
2367 215538
2368 214363
2369 215229
2370 215146
2371 215451
2372 215544
2373 214670
2374 215574
2375 215285
2376 215534
2377 215549
2378 215366
2379 215537
2380 215554
2381 215113
2382 215509
2383 215824
2384 215926
2385 215524
2386 215365
2387 215044
2388 215204
2389 215507
2390 215253
2391 215743
2392 215366
2393 215005
2394 215066
2395 214916
2396 214993
2397 214366
2398 214931
2399 214632
2400 214842
2401 214701
2402 215119
2403 215720
2404 215384
2405 215363
2406 215005
2407 215178
2408 215028
2409 215198
2410 215296
2411 215340
2412 215094
2413 215001
2414 214816
2415 215119
2416 214929
2417 215061
2418 214707
2419 214781
2420 214867
2421 215476
2422 215385
2423 214438
2424 214913
2425 215097
2426 215165
2427 215133
2428 214865
2429 215080
2430 214877
2431 215216
2432 215479
2433 215264
2434 215476
2435 215404
2436 215317
2437 215407
2438 215614
2439 215513
2440 215727
2441 215439
2442 216476
2443 215467
2444 215818
2445 215388
2446 215714
2447 215279
2448 215965
2449 215919
2450 214994
2451 215511
2452 216165
2453 215861
2454 215758
2455 215400
2456 216147
2457 215600
2458 216181
2459 215772
2460 215911
2461 215760
2462 215686
2463 215614
2464 215579
2465 215537
2466 215257
2467 215951
2468 215964
2469 215520
2470 215821
2471 215936
2472 215850
2473 215808
2474 216150
2475 215889
2476 215986
2477 216345
2478 216103
2479 216309
2480 216131
2481 215963
2482 215756
2483 216454
2484 216416
2485 216090
2486 216218
2487 215532
2488 215966
2489 216903
2490 216116
2491 216088
2492 216073
2493 216407
2494 216529
2495 216142
2496 216713
2497 216467
2498 216171
2499 216720
2500 216951
2501 216626
2502 216927
2503 216680
2504 216529
2505 216808
2506 216605
2507 216304
2508 217284
2509 216378
2510 216372
2511 216720
2512 217214
2513 216959
2514 217676
2515 216981
2516 217393
2517 217497
2518 217469
2519 217186
2520 216861
2521 217342
2522 217537
2523 216977
2524 216812
2525 217236
2526 217387
2527 217086
2528 217472
2529 217968
2530 216657
2531 217240
2532 216436
2533 217052
2534 217269
2535 217193
2536 217080
2537 216825
2538 217101
2539 216884
2540 217455
2541 216974
2542 217063
2543 217433
2544 216654
2545 216431
2546 216585
2547 216931
2548 217349
2549 217453
2550 216957
2551 216339
2552 216066
2553 217013
2554 217285
2555 217122
2556 216605
2557 216823
2558 216821
2559 216785
2560 216674
2561 216960
2562 216884
2563 216865
2564 216625
2565 216672
2566 216673
2567 216717
2568 216639
2569 216139
2570 216969
2571 216559
2572 216147
2573 216236
2574 216365
2575 216404
2576 216531
2577 216479
2578 216345
2579 216215
2580 216097
2581 216440
2582 216123
2583 216709
2584 216050
2585 216198
2586 216256
2587 216722
2588 216783
2589 216129
2590 215983
2591 216043
2592 216436
2593 216034
2594 216569
2595 216107
2596 216106
2597 216323
2598 216400
2599 216346
2600 215967
2601 216515
2602 216334
2603 216466
2604 216320
2605 216130
2606 216091
2607 216355
2608 216228
2609 216361
2610 215715
2611 216338
2612 216120
2613 216219
2614 216659
2615 216198
2616 216195
2617 216602
2618 216322
2619 216707
2620 216457
2621 216301
2622 216086
2623 216346
2624 216669
2625 216138
2626 216908
2627 216483
2628 216474
2629 216665
2630 216714
2631 216395
2632 216613
2633 216777
2634 215962
2635 216764
2636 216876
2637 216373
2638 216600
2639 216259
2640 216518
2641 216593
2642 216359
2643 216357
2644 216629
2645 217049
2646 216556
2647 216543
2648 216628
2649 217178
2650 216314
2651 216836
2652 216291
2653 216686
2654 216405
2655 216841
2656 217291
2657 216917
2658 216579
2659 216607
2660 216452
2661 216399
2662 216834
2663 216391
2664 216835
2665 216777
2666 216770
2667 216691
2668 216611
2669 216428
2670 216500
2671 216369
2672 216622
2673 216988
2674 216675
2675 217024
2676 216543
2677 216882
2678 216834
2679 216528
2680 216461
2681 216315
2682 216135
2683 216261
2684 216257
2685 216780
2686 216614
2687 216496
2688 216798
2689 217243
2690 216112
2691 216635
2692 216324
2693 216801
2694 216686
2695 216598
2696 216765
2697 216998
2698 216745
2699 216600
2700 216607
2701 215832
2702 216504
2703 216355
2704 216800
2705 217195
2706 216347
2707 216663
2708 216703
2709 216429
2710 217072
2711 216594
2712 217181
2713 216502
2714 216298
2715 216865
2716 216466
2717 216640
2718 216265
2719 216643
2720 216563
2721 216358
2722 216689
2723 216803
2724 216553
2725 216529
2726 216942
2727 216224
2728 216151
2729 217041
2730 216845
2731 216401
2732 216904
2733 216766
2734 216862
2735 216294
2736 217022
2737 216405
2738 216866
2739 216727
2740 217339
2741 216769
2742 217241
2743 217099
2744 216987
2745 216322
2746 216821
2747 216764
2748 216664
2749 216628
2750 216357
2751 216878
2752 216360
2753 216587
2754 216425
2755 216153
2756 216696
2757 216721
2758 216624
2759 216611
2760 216839
2761 217013
2762 216670
2763 216492
2764 216248
2765 216178
2766 216834
2767 216455
2768 216725
2769 216986
2770 216428
2771 216746
2772 216180
2773 216631
2774 216442
2775 216544
2776 216191
2777 216712
2778 216273
2779 216413
2780 216947
2781 216451
2782 216409
2783 216431
2784 217078
2785 216549
2786 216552
2787 216304
2788 216268
2789 216317
2790 216073
2791 216138
2792 217005
2793 216759
2794 216626
2795 216524
2796 216193
2797 216769
2798 216371
2799 216029
2800 216301
2801 216047
2802 216588
2803 216617
2804 216204
2805 216185
2806 216569
2807 216091
2808 216173
2809 216467
2810 215954
2811 215715
2812 216440
2813 216239
2814 216626
2815 216340
2816 216194
2817 215965
2818 216241
2819 215272
2820 215800
2821 215919
2822 216223
2823 215703
2824 216231
2825 216324
2826 216175
2827 216727
2828 216255
2829 215987
2830 216416
2831 216436
2832 216394
2833 216079
2834 216211
2835 216106
2836 215691
2837 216032
2838 216147
2839 215881
2840 216345
2841 216076
2842 215908
2843 216021
2844 215882
2845 215834
2846 216282
2847 216311
2848 215891
2849 216020
2850 215955
2851 215774
2852 215782
2853 215916
2854 215592
2855 216422
2856 216122
2857 216236
2858 216217
2859 216100
2860 216214
2861 215831
2862 216446
2863 215853
2864 216186
2865 216007
2866 216188
2867 215852
2868 216017
2869 215759
2870 215960
2871 216240
2872 215564
2873 216219
2874 216558
2875 216141
2876 215706
2877 216233
2878 215896
2879 216010
2880 215461
2881 215393
2882 216249
2883 215824
2884 215977
2885 216048
2886 215585
2887 215664
2888 215835
2889 215757
2890 215884
2891 216104
2892 216520
2893 215756
2894 215887
2895 215669
2896 215331
2897 216000
2898 215590
2899 215683
2900 215606
2901 215896
2902 215577
2903 215598
2904 216028
2905 216030
2906 216258
2907 215815
2908 215492
2909 215695
2910 216011
2911 215749
2912 216015
2913 216136
2914 215636
2915 215875
2916 215860
2917 215646
2918 215976
2919 215822
2920 216154
2921 215910
2922 215866
2923 215577
2924 216166
2925 216119
2926 215605
2927 215865
2928 215952
2929 216273
2930 216033
2931 216136
2932 215904
2933 215989
2934 215131
2935 215527
2936 215611
2937 215878
2938 215854
2939 215838
2940 215538
2941 216295
2942 215557
2943 215887
2944 215784
2945 215414
2946 216445
2947 216216
2948 215407
2949 216308
2950 216270
2951 216186
2952 215720
2953 216094
2954 216173
2955 215840
2956 215652
2957 215835
2958 215675
2959 215247
2960 215371
2961 215493
2962 215335
2963 215532
2964 215499
2965 215379
2966 216238
2967 215125
2968 215911
2969 215566
2970 215489
2971 216027
2972 215702
2973 215542
2974 215776
2975 215392
2976 215484
2977 215606
2978 215472
2979 215372
2980 215686
2981 215648
2982 215322
2983 215862
2984 216132
2985 215471
2986 215135
2987 215451
2988 216233
2989 215808
2990 215290
2991 215463
2992 215537
2993 215613
2994 215579
2995 216015
2996 215719
2997 215427
2998 215456
2999 215990
3000 215899
3001 215778
3002 215995
3003 215832
3004 216001
3005 216178
3006 215948
3007 216282
3008 216435
3009 216328
3010 215907
3011 216270
3012 215855
3013 216228
3014 216610
3015 216025
3016 216382
3017 216116
3018 215966
3019 215954
3020 215649
3021 216132
3022 215974
3023 216186
3024 216218
3025 215940
3026 215762
3027 216082
3028 215523
3029 215865
3030 216620
3031 216498
3032 216148
3033 215614
3034 216064
3035 215817
3036 216001
3037 215790
3038 215809
3039 215848
3040 215649
3041 215432
3042 215340
3043 215879
3044 215774
3045 215512
3046 215648
3047 215710
3048 215399
3049 215407
3050 215756
3051 215083
3052 215752
3053 215357
3054 216033
3055 215669
3056 215281
3057 215579
3058 215839
3059 215413
3060 215263
3061 215358
3062 215649
3063 215379
3064 215355
3065 215527
3066 215024
3067 215290
3068 215151
3069 215535
3070 214831
3071 215906
3072 215807
3073 215282
3074 215384
3075 215435
3076 215218
3077 215454
3078 215079
3079 214477
3080 214594
3081 215272
3082 215155
3083 214962
3084 215162
3085 215599
3086 214548
3087 214914
3088 214968
3089 215018
3090 215170
3091 215170
3092 214995
3093 214751
3094 214916
3095 215298
3096 214950
3097 214827
3098 214726
3099 214959
3100 214636
3101 214993
3102 214597
3103 214218
3104 214697
3105 215086
3106 214526
3107 214673
3108 214328
3109 214566
3110 214731
3111 214699
3112 214634
3113 214285
3114 214998
3115 215296
3116 214595
3117 215068
3118 214788
3119 214554
3120 215049
3121 215332
3122 214800
3123 214954
3124 214602
3125 214415
3126 214725
3127 215288
3128 214697
3129 214534
3130 214826
3131 214382
3132 214749
3133 214966
3134 214763
3135 214333
3136 214286
3137 214405
3138 214613
3139 214568
3140 214990
3141 214287
3142 214845
3143 214463
3144 214183
3145 214193
3146 214198
3147 214020
3148 214097
3149 214213
3150 214436
3151 214513
3152 213680
3153 214106
3154 214062
3155 214627
3156 214773
3157 214230
3158 214453
3159 214362
3160 214846
3161 213939
3162 214875
3163 214533
3164 214234
3165 214345
3166 214181
3167 214105
3168 214309
3169 213885
3170 214114
3171 214433
3172 214758
3173 214230
3174 214737
3175 214420
3176 214171
3177 214518
3178 214424
3179 214815
3180 214932
3181 214335
3182 214840
3183 214470
3184 214155
3185 214274
3186 214444
3187 214375
3188 214230
3189 214099
3190 213957
3191 214609
3192 214480
3193 213994
3194 214081
3195 214592
3196 214463
3197 214158
3198 214607
3199 214610
3200 214321
3201 214761
3202 214463
3203 214943
3204 214816
3205 214426
3206 214142
3207 214341
3208 214757
3209 214470
3210 213749
3211 214162
3212 214784
3213 214141
3214 214498
3215 214732
3216 214114
3217 214687
3218 214614
3219 214210
3220 214542
3221 214500
3222 214615
3223 214372
3224 214882
3225 214279
3226 214665
3227 214601
3228 214873
3229 214484
3230 214382
3231 214360
3232 214381
3233 214506
3234 214342
3235 214265
3236 214328
3237 214293
3238 214493
3239 214697
3240 214432
3241 214360
3242 213937
3243 214764
3244 214548
3245 214460
3246 214294
3247 214089
3248 214587
3249 214390
3250 214720
3251 215062
3252 214976
3253 214461
3254 214330
3255 214402
3256 214381
3257 214077
3258 214498
3259 214247
3260 215194
3261 214706
3262 214435
3263 215119
3264 214828
3265 214215
3266 214731
3267 214366
3268 214822
3269 214503
3270 215144
3271 215283
3272 214706
3273 215041
3274 214860
3275 215129
3276 214397
3277 214792
3278 214752
3279 215330
3280 215161
3281 214225
3282 215039
3283 214848
3284 214869
3285 215014
3286 214983
3287 214683
3288 215191
3289 215169
3290 214994
3291 214644
3292 215037
3293 214936
3294 214921
3295 215162
3296 215514
3297 215456
3298 215269
3299 214863
3300 214859
3301 214772
3302 215002
3303 215258
3304 215655
3305 215251
3306 214897
3307 214892
3308 215458
3309 214714
3310 215684
3311 215169
3312 215407
3313 215188
3314 214748
3315 215419
3316 215288
3317 215121
3318 215714
3319 215155
3320 215116
3321 215214
3322 215401
3323 215570
3324 215315
3325 215296
3326 215838
3327 215187
3328 214863
3329 215308
3330 215648
3331 215426
3332 215667
3333 216080
3334 215087
3335 215259
3336 215650
3337 215600
3338 215498
3339 215472
3340 215471
3341 215299
3342 216059
3343 215175
3344 215582
3345 215179
3346 215437
3347 215660
3348 216046
3349 215332
3350 215317
3351 215621
3352 215260
3353 215326
3354 215906
3355 214980
3356 215795
3357 215292
3358 215339
3359 215652
3360 216274
3361 215907
3362 215646
3363 215858
3364 215432
3365 215712
3366 215524
3367 215583
3368 216106
3369 215842
3370 215528
3371 215747
3372 215779
3373 216267
3374 215611
3375 215814
3376 216095
3377 216138
3378 215823
3379 216111
3380 215868
3381 216201
3382 215910
3383 215925
3384 216211
3385 216170
3386 215967
3387 216309
3388 215957
3389 216047
3390 216528
3391 215790
3392 216284
3393 216131
3394 216065
3395 215650
3396 215519
3397 216196
3398 216050
3399 216356
3400 216563
3401 215895
3402 216268
3403 216436
3404 216011
3405 216355
3406 216546
3407 216321
3408 216474
3409 215849
3410 215867
3411 216540
3412 216317
3413 215906
3414 215859
3415 216374
3416 215942
3417 215754
3418 215930
3419 215771
3420 216364
3421 216211
3422 216119
3423 216296
3424 216182
3425 216451
3426 216339
3427 215913
3428 215985
3429 216134
3430 215984
3431 216406
3432 216222
3433 215916
3434 216072
3435 216229
3436 215689
3437 216521
3438 216779
3439 216037
3440 216794
3441 216008
3442 216311
3443 216449
3444 216091
3445 216309
3446 216198
3447 216342
3448 216010
3449 216458
3450 216580
3451 216570
3452 216454
3453 216845
3454 216300
3455 216562
3456 216317
3457 216680
3458 216449
3459 216598
3460 216429
3461 216772
3462 216677
3463 216748
3464 216394
3465 216781
3466 216922
3467 216391
3468 216812
3469 217040
3470 217323
3471 216191
3472 216803
3473 216541
3474 216653
3475 216900
3476 217430
3477 217071
3478 216816
3479 216620
3480 216761
3481 217062
3482 216815
3483 217155
3484 217078
3485 216745
3486 216842
3487 216760
3488 217533
3489 216930
3490 217317
3491 216866
3492 217034
3493 216957
3494 217177
3495 217243
3496 217031
3497 217194
3498 217059
3499 217187
3500 217814
3501 217249
3502 217138
3503 217015
3504 218003
3505 217367
3506 217609
3507 218401
3508 217197
3509 217928
3510 217891
3511 217870
3512 217762
3513 217593
3514 217876
3515 217994
3516 217564
3517 218404
3518 218195
3519 218235
3520 218549
3521 217490
3522 218344
3523 217749
3524 218188
3525 218458
3526 218194
3527 218780
3528 218531
3529 218891
3530 218564
3531 217982
3532 218468
3533 218936
3534 218768
3535 218466
3536 218284
3537 218402
3538 218198
3539 218143
3540 218522
3541 218486
3542 218322
3543 218136
3544 218116
3545 217572
3546 218082
3547 218472
3548 217932
3549 218211
3550 218243
3551 217702
3552 218233
3553 217731
3554 218000
3555 218033
3556 218051
3557 218008
3558 217733
3559 216977
3560 217605
3561 217892
3562 218181
3563 217430
3564 217593
3565 217593
3566 217757
3567 218645
3568 217207
3569 217624
3570 217460
3571 217551
3572 217238
3573 217205
3574 217560
3575 217031
3576 216956
3577 217322
3578 217579
3579 217191
3580 217179
3581 217572
3582 217392
3583 217239
3584 216634
3585 217420
3586 217646
3587 217167
3588 216787
3589 217321
3590 217779
3591 217661
3592 217247
3593 217854
3594 217429
3595 217636
3596 217559
3597 217201
3598 217275
3599 217318
3600 217219
3601 217555
3602 217975
3603 217636
3604 217805
3605 217221
3606 217172
3607 217615
3608 217294
3609 217529
3610 217538
3611 217629
3612 217388
3613 217204
3614 217399
3615 217417
3616 217493
3617 217351
3618 217646
3619 217587
3620 217405
3621 216777
3622 217608
3623 217196
3624 216923
3625 217537
3626 216804
3627 217282
3628 217604
3629 217815
3630 217080
3631 217228
3632 217009
3633 217376
3634 217666
3635 217478
3636 217362
3637 217250
3638 217365
3639 216957
3640 217486
3641 217157
3642 217660
3643 217029
3644 216895
3645 216638
3646 216571
3647 217329
3648 217286
3649 217143
3650 217700
3651 217081
3652 217442
3653 217251
3654 217729
3655 217750
3656 217423
3657 217063
3658 217140
3659 217063
3660 217159
3661 217177
3662 217696
3663 216830
3664 217799
3665 217226
3666 217422
3667 217926
3668 217087
3669 217836
3670 217192
3671 217682
3672 217223
3673 217063
3674 217088
3675 217078
3676 217057
3677 217213
3678 216898
3679 217892
3680 216891
3681 217374
3682 217579
3683 216891
3684 217499
3685 217679
3686 217238
3687 217946
3688 217782
3689 217632
3690 216813
3691 217591
3692 217187
3693 217702
3694 216992
3695 217261
3696 216920
3697 217707
3698 217414
3699 217287
3700 217183
3701 217386
3702 217723
3703 216887
3704 217297
3705 216953
3706 217217
3707 217072
3708 216871
3709 216798
3710 216802
3711 217203
3712 217525
3713 217023
3714 217126
3715 216961
3716 217019
3717 217165
3718 216967
3719 217540
3720 216828
3721 216956
3722 216672
3723 217172
3724 217465
3725 217259
3726 217290
3727 216297
3728 217408
3729 217030
3730 217105
3731 217098
3732 217038
3733 216958
3734 217008
3735 217298
3736 217062
3737 217219
3738 216994
3739 216464
3740 216740
3741 216631
3742 216856
3743 216862
3744 217307
3745 216677
3746 217053
3747 216597
3748 216694
3749 217075
3750 217262
3751 217001
3752 216958
3753 216552
3754 217141
3755 216768
3756 217054
3757 217600
3758 216528
3759 217439
3760 216505
3761 217118
3762 216914
3763 216982
3764 217283
3765 217027
3766 217223
3767 217190
3768 217210
3769 217457
3770 217575
3771 216892
3772 216718
3773 217356
3774 216954
3775 216519
3776 216561
3777 216908
3778 216569
3779 216959
3780 216899
3781 216871
3782 216872
3783 216343
3784 216844
3785 216536
3786 216790
3787 216366
3788 217058
3789 216649
3790 216485
3791 216613
3792 216545
3793 216355
3794 217099
3795 216586
3796 216347
3797 216991
3798 216385
3799 216478
3800 216431
3801 216508
3802 216356
3803 216546
3804 216646
3805 216495
3806 215974
3807 216404
3808 216709
3809 216418
3810 216443
3811 216109
3812 216345
3813 216770
3814 216163
3815 216505
3816 216091
3817 215999
3818 216275
3819 216111
3820 216365
3821 216100
3822 216025
3823 215944
3824 216278
3825 216249
3826 216043
3827 216229
3828 216034
3829 216245
3830 216332
3831 215608
3832 215813
3833 215905
3834 216039
3835 216753
3836 216230
3837 215686
3838 215565
3839 215694
3840 215952
3841 216202
3842 215994
3843 215682
3844 215769
3845 215799
3846 215998
3847 215588
3848 215478
3849 215844
3850 215494
3851 215910
3852 215948
3853 215912
3854 215752
3855 216132
3856 215880
3857 216105
3858 215633
3859 215001
3860 216179
3861 215994
3862 215522
3863 215323
3864 215608
3865 215758
3866 215716
3867 215809
3868 215486
3869 215625
3870 215836
3871 215983
3872 215729
3873 215916
3874 215585
3875 215772
3876 215172
3877 215354
3878 215698
3879 215244
3880 215310
3881 215656
3882 215489
3883 215871
3884 215381
3885 215655
3886 215397
3887 215920
3888 215684
3889 215097
3890 215362
3891 215339
3892 214975
3893 215310
3894 215913
3895 215285
3896 214866
3897 214963
3898 215900
3899 215333
3900 215418
3901 215582
3902 215169
3903 215434
3904 215527
3905 214949
3906 215445
3907 215927
3908 215443
3909 215132
3910 214920
3911 214809
3912 215257
3913 215414
3914 215216
3915 215719
3916 215124
3917 215779
3918 214921
3919 215329
3920 215134
3921 214898
3922 215077
3923 215295
3924 215444
3925 215351
3926 214934
3927 215634
3928 214800
3929 215295
3930 214907
3931 215554
3932 214619
3933 215130
3934 215001
3935 214986
3936 215348
3937 214675
3938 214998
3939 215089
3940 215238
3941 214979
3942 214800
3943 215107
3944 215354
3945 214446
3946 215261
3947 214938
3948 214973
3949 214876
3950 215085
3951 214836
3952 215131
3953 215110
3954 215023
3955 215570
3956 214996
3957 214949
3958 215076
3959 214890
3960 214525
3961 214944
3962 214609
3963 214956
3964 214871
3965 215052
3966 215314
3967 215599
3968 214449
3969 215230
3970 215124
3971 215184
3972 215191
3973 214719
3974 215207
3975 214853
3976 214890
3977 215244
3978 215213
3979 214856
3980 215093
3981 215663
3982 215409
3983 214986
3984 215393
3985 215068
3986 214872
3987 215692
3988 215412
3989 215599
3990 215660
3991 215399
3992 215651
3993 215157
3994 216034
3995 215620
3996 215584
3997 215365
3998 216051
3999 215560
4000 215936
4001 215988
4002 216198
4003 215469
4004 215861
4005 216402
4006 215397
4007 215922
4008 216054
4009 216034
4010 216002
4011 216278
4012 216074
4013 215826
4014 216340
4015 216031
4016 216158
4017 216040
4018 215961
4019 216010
4020 216125
4021 216256
4022 216042
4023 216314
4024 215885
4025 215911
4026 215579
4027 215753
4028 216112
4029 215537
4030 215744
4031 216084
4032 216008
4033 215497
4034 215856
4035 215281
4036 215632
4037 215849
4038 215246
4039 215593
4040 215491
4041 215180
4042 215425
4043 215675
4044 214964
4045 215883
4046 215748
4047 215723
4048 215323
4049 214758
4050 215303
4051 215406
4052 215235
4053 215245
4054 215886
4055 214867
4056 215120
4057 215271
4058 214938
4059 215092
4060 215414
4061 215099
4062 215178
4063 214967
4064 214827
4065 215067
4066 215095
4067 215145
4068 214827
4069 214677
4070 214723
4071 215059
4072 214782
4073 215032
4074 214467
4075 214149
4076 214848
4077 214893
4078 215034
4079 215159
4080 214824
4081 214870
4082 214838
4083 214736
4084 214579
4085 215216
4086 214922
4087 214744
4088 214037
4089 214563
4090 214675
4091 214648
4092 214676
4093 214365
4094 213776
4095 214289
4096 214397
4097 214747
4098 214585
4099 214618
4100 214394
4101 214223
4102 214704
4103 214386
4104 214729
4105 214233
4106 214789
4107 214287
4108 213975
4109 214551
4110 214357
4111 214335
4112 214482
4113 214500
4114 214658
4115 214416
4116 214358
4117 214803
4118 214957
4119 214280
4120 214264
4121 214206
4122 214421
4123 214418
4124 214264
4125 214295
4126 214554
4127 213857
4128 214494
4129 214116
4130 213975
4131 214651
4132 214165
4133 214181
4134 213900
4135 214344
4136 214532
4137 214550
4138 214558
4139 214579
4140 214646
4141 213982
4142 214021
4143 214064
4144 213792
4145 214478
4146 213886
4147 214143
4148 214058
4149 214318
4150 214014
4151 213881
4152 214072
4153 214382
4154 214366
4155 214765
4156 214043
4157 213889
4158 214600
4159 214121
4160 214524
4161 214012
4162 214427
4163 214322
4164 213916
4165 213830
4166 214117
4167 214195
4168 214463
4169 214978
4170 214290
4171 213968
4172 214521
4173 213841
4174 214584
4175 214639
4176 214616
4177 213620
4178 213977
4179 214298
4180 214445
4181 214370
4182 214476
4183 214001
4184 214449
4185 214225
4186 214120
4187 214640
4188 214302
4189 214105
4190 214207
4191 213950
4192 214283
4193 213913
4194 213989
4195 214572
4196 214153
4197 213798
4198 214041
4199 214196
4200 214295
4201 213762
4202 214257
4203 213788
4204 214278
4205 214126
4206 213697
4207 213780
4208 214327
4209 214242
4210 213466
4211 214182
4212 214122
4213 214078
4214 213948
4215 213774
4216 213744
4217 214381
4218 214165
4219 214128
4220 213941
4221 214196
4222 213824
4223 213740
4224 213735
4225 214336
4226 214052
4227 214046
4228 214171
4229 213903
4230 213442
4231 213846
4232 213973
4233 213735
4234 214152
4235 213720
4236 213770
4237 213870
4238 214171
4239 213862
4240 214195
4241 213820
4242 214484
4243 213460
4244 214479
4245 213947
4246 214020
4247 214036
4248 214129
4249 213735
4250 213889
4251 214711
4252 213566
4253 214301
4254 213987
4255 213744
4256 213786
4257 214031
4258 214409
4259 214196
4260 213940
4261 213896
4262 214110
4263 213909
4264 213976
4265 213820
4266 213704
4267 214360
4268 213615
4269 213472
4270 213735
4271 214233
4272 214170
4273 214080
4274 213722
4275 213576
4276 213796
4277 214212
4278 213995
4279 214620
4280 214506
4281 213826
4282 214351
4283 214289
4284 214033
4285 214247
4286 214537
4287 213776
4288 214807
4289 214261
4290 214131
4291 214545
4292 214458
4293 214164
4294 214153
4295 214240
4296 214380
4297 214547
4298 214468
4299 214125
4300 213956
4301 214074
4302 213871
4303 214304
4304 213795
4305 214081
4306 214304
4307 214436
4308 214304
4309 214413
4310 214023
4311 215173
4312 213964
4313 214276
4314 214749
4315 214306
4316 214172
4317 214218
4318 214659
4319 214811
4320 214181
4321 214575
4322 214141
4323 214549
4324 214572
4325 214547
4326 214896
4327 214508
4328 214042
4329 214105
4330 214477
4331 214305
4332 214534
4333 214376
4334 214140
4335 214485
4336 214467
4337 214276
4338 214104
4339 214737
4340 214482
4341 214674
4342 214286
4343 214066
4344 214364
4345 214483
4346 214346
4347 214582
4348 214447
4349 214746
4350 214917
4351 214486
4352 214822
4353 214361
4354 214570
4355 214873
4356 214447
4357 214389
4358 214651
4359 214893
4360 214614
4361 214494
4362 215006
4363 214889
4364 214349
4365 214695
4366 215355
4367 214480
4368 214978
4369 215227
4370 214825
4371 214924
4372 215419
4373 215198
4374 215101
4375 214712
4376 214771
4377 214742
4378 214809
4379 215001
4380 215114
4381 214988
4382 214732
4383 215271
4384 215075
4385 215129
4386 215277
4387 215149
4388 215090
4389 215312
4390 215058
4391 215636
4392 215263
4393 215296
4394 214987
4395 215602
4396 215076
4397 214845
4398 214926
4399 215280
4400 215244
4401 215056
4402 215648
4403 215277
4404 215014
4405 215293
4406 215434
4407 214981
4408 215143
4409 215131
4410 215545
4411 215587
4412 214981
4413 215733
4414 215544
4415 215594
4416 215808
4417 215657
4418 216056
4419 215299
4420 215921
4421 215849
4422 215795
4423 215564
4424 215998
4425 215446
4426 215589
4427 215491
4428 215718
4429 215144
4430 216191
4431 215415
4432 215717
4433 216027
4434 215753
4435 215788
4436 215489
4437 215043
4438 215468
4439 215861
4440 216346
4441 215820
4442 216070
4443 215898
4444 215891
4445 215900
4446 215991
4447 216275
4448 215784
4449 216013
4450 216255
4451 216125
4452 215681
4453 216355
4454 215682
4455 216001
4456 215572
4457 216238
4458 216114
4459 216373
4460 215721
4461 216230
4462 216485
4463 215864
4464 216183
4465 216041
4466 216232
4467 216444
4468 216179
4469 215850
4470 216834
4471 216572
4472 216503
4473 216499
4474 217156
4475 216300
4476 216656
4477 216499
4478 216578
4479 216612
4480 216388
4481 216718
4482 217118
4483 217245
4484 217210
4485 217131
4486 216761
4487 216894
4488 216651
4489 216778
4490 216956
4491 217188
4492 216844
4493 217345
4494 216866
4495 216803
4496 217517
4497 217014
4498 217351
4499 216893
4500 216748
4501 217579
4502 216914
4503 217153
4504 217444
4505 217266
4506 217697
4507 217153
4508 217059
4509 217415
4510 217184
4511 217594
4512 216993
4513 217605
4514 218233
4515 217684
4516 217035
4517 217624
4518 217446
4519 217261
4520 217995
4521 217670
4522 216922
4523 217475
4524 217070
4525 217877
4526 218322
4527 217582
4528 217583
4529 217743
