H11890
GateTime 10
GateNumber 0
SN 30430302
0 208725
1 208664
2 208613
3 208589
4 208186
5 208080
6 208886
7 208713
8 208906
9 208628
10 208064
11 208863
12 208727
13 208652
14 208767
15 208670
16 209287
17 208652
18 208642
19 208163
20 208488
21 209233
22 208930
23 208575
24 208656
25 209542
26 208597
27 209024
28 208656
29 208740
30 208813
31 209233
32 208921
33 208703
34 209175
35 209199
36 208986
37 208990
38 209074
39 209319
40 209250
41 209465
42 209229
43 208631
44 208898
45 209087
46 209411
47 209526
48 209654
49 209611
50 209292
51 209386
52 208931
53 209336
54 209259
55 208783
56 209370
57 209752
58 209651
59 209479
60 209829
61 209447
62 209263
63 209186
64 210225
65 209942
66 209719
67 209743
68 210487
69 209840
70 210203
71 210571
72 211052
73 210682
74 210396
75 210887
76 210934
77 210914
78 211944
79 210971
80 211433
81 211305
82 211474
83 211856
84 211571
85 212258
86 212064
87 212236
88 212328
89 212156
90 212507
91 212514
92 212995
93 212620
94 213203
95 213546
96 213130
97 213514
98 213372
99 213107
100 213650
101 213724
102 213659
103 213182
104 213046
105 213041
106 213279
107 212918
108 212904
109 212599
110 212682
111 212544
112 212599
113 212100
114 212059
115 211820
116 211744
117 211487
118 211617
119 211312
120 211144
121 210946
122 210988
123 210774
124 210839
125 210191
126 209818
127 210138
128 209880
129 209979
130 210408
131 209732
132 209718
133 209685
134 209927
135 209543
136 209892
137 209754
138 209280
139 209840
140 209212
141 208902
142 209202
143 209181
144 209174
145 208803
146 209159
147 209410
148 209169
149 209036
150 208839
151 209042
152 208787
153 208877
154 209151
155 208727
156 208352
157 209116
158 208942
159 208810
160 208656
161 208676
162 208667
163 208797
164 208856
165 208976
166 208359
167 208429
168 208739
169 208058
170 208331
171 208476
172 208016
173 208161
174 208820
175 208077
176 208209
177 208074
178 208453
179 208457
180 208606
181 208389
182 208548
183 208215
184 208719
185 208606
186 208235
187 207888
188 208333
189 207847
190 208660
191 207663
192 207948
193 208731
194 208220
195 208032
196 208434
197 207964
198 207684
199 207750
200 208082
201 208021
202 207451
203 208177
204 208021
205 207653
206 207964
207 207854
208 208245
209 208009
210 207718
211 207602
212 207708
213 207961
214 207523
215 208103
216 207701
217 208220
218 208199
219 207916
220 208606
221 208202
222 207487
223 207936
224 208032
225 208011
226 208261
227 207774
228 207386
229 207125
230 207865
231 207340
232 207805
233 207310
234 207622
235 207811
236 207212
237 207363
238 207250
239 207057
240 207258
241 207061
242 207380
243 207690
244 207556
245 207864
246 208293
247 207497
248 207468
249 207678
250 208049
251 207103
252 207680
253 207372
254 207630
255 207713
256 207542
257 207424
258 207629
259 207499
260 207479
261 207764
262 207355
263 206995
264 207242
265 207316
266 207213
267 207042
268 207203
269 207492
270 207388
271 207429
272 207284
273 206974
274 207443
275 206919
276 207552
277 206800
278 206820
279 207162
280 207416
281 207783
282 207486
283 206896
284 207343
285 207170
286 207625
287 206992
288 207181
289 207225
290 206498
291 207099
292 206599
293 207123
294 207237
295 207324
296 206999
297 207394
298 206694
299 207119
300 207148
301 206965
302 206586
303 207471
304 206780
305 206907
306 206759
307 207401
308 206622
309 206744
310 207185
311 206890
312 206949
313 207144
314 206928
315 206932
316 207083
317 206658
318 206918
319 207257
320 207085
321 206345
322 206933
323 206271
324 207069
325 207258
326 206671
327 207326
328 207386
329 207463
330 207317
331 207596
332 207502
333 207051
334 207299
335 207514
336 206974
337 207408
338 207366
339 207506
340 207439
341 207192
342 207635
343 207386
344 207092
345 207043
346 207738
347 207337
348 208159
349 207201
350 207281
351 207299
352 207122
353 207252
354 207787
355 207030
356 206943
357 207255
358 207208
359 207286
360 207441
361 206822
362 207243
363 207402
364 207006
365 207322
366 207266
367 207887
368 207547
369 207069
370 207503
371 207341
372 207455
373 207433
374 207136
375 207132
376 207251
377 207191
378 206903
379 207309
380 206827
381 207173
382 207669
383 207363
384 207165
385 206820
386 207349
387 207457
388 207298
389 207657
390 207097
391 207345
392 207332
393 207617
394 207438
395 207462
396 207039
397 207385
398 207225
399 207077
400 207417
401 207697
402 207592
403 207181
404 207348
405 207559
406 207635
407 207676
408 208012
409 206925
410 207752
411 207946
412 207434
413 207843
414 207958
415 207367
416 207604
417 208180
418 207592
419 207334
420 207611
421 207432
422 207680
423 207825
424 207770
425 207711
426 207748
427 208047
428 207734
429 207292
430 207806
431 207531
432 207949
433 207691
434 207657
435 208051
436 207085
437 208004
438 207689
439 207771
440 207894
441 207740
442 207903
443 208091
444 207421
445 207926
446 207813
447 208274
448 208519
449 208427
450 208482
451 207980
452 208557
453 208440
454 208386
455 208195
456 208655
457 208251
458 208175
459 208721
460 208850
461 208273
462 208983
463 208591
464 208573
465 208822
466 208888
467 209063
468 208858
469 208747
470 208737
471 209209
472 208952
473 209162
474 208820
475 209353
476 209318
477 209326
478 209664
479 209332
480 209156
481 209642
482 209614
483 209760
484 209833
485 210282
486 209449
487 210272
488 210537
489 210438
490 209766
491 209960
492 210196
493 210524
494 210126
495 209846
496 209893
497 210042
498 210243
499 210041
500 209877
501 210123
502 209971
503 209690
504 209232
505 209235
506 209631
507 210890
508 209487
509 209996
510 209210
511 209259
512 209876
513 210093
514 210017
515 209799
516 210007
517 209603
518 209906
519 210291
520 209327
521 210158
522 210673
523 210700
524 210499
525 210299
526 211056
527 211043
528 211445
529 211080
530 211123
531 211650
532 212037
533 211785
534 211447
535 212356
536 212086
537 212457
538 212706
539 212353
540 212525
541 213186
542 213305
543 213881
544 213744
545 213449
546 213161
547 213526
548 213484
549 214201
550 213687
551 213902
552 213914
553 213857
554 213726
555 213545
556 213469
557 212912
558 212846
559 212832
560 212938
561 212773
562 212916
563 212781
564 211870
565 211597
566 212525
567 211583
568 211635
569 210809
570 211082
571 211124
572 210774
573 210652
574 210833
575 210542
576 210803
577 210211
578 210262
579 210463
580 209906
581 209638
582 209863
583 209072
584 209707
585 209679
586 209865
587 209843
588 208651
589 209522
590 209123
591 209372
592 208898
593 209251
594 208857
595 208752
596 208632
597 208782
598 208783
599 209089
600 209102
601 208736
602 208690
603 209044
604 208472
605 208577
606 208361
607 208601
608 208374
609 208311
610 208608
611 208979
612 208335
613 209098
614 208740
615 208916
616 208066
617 208222
618 208779
619 208675
620 208619
621 208763
622 208520
623 208614
624 208624
625 208110
626 208423
627 208407
628 208692
629 208041
630 208457
631 208663
632 208879
633 207886
634 208438
635 208234
636 208587
637 208681
638 208669
639 208998
640 208190
641 208456
642 208399
643 208381
644 208962
645 208603
646 208694
647 208388
648 209180
649 208666
650 208828
651 208684
652 208789
653 208407
654 208858
655 208512
656 208363
657 208270
658 208558
659 208417
660 208634
661 208511
662 208554
663 209378
664 208566
665 208382
666 209216
667 208450
668 208890
669 208521
670 208658
671 207966
672 208496
673 208274
674 208255
675 208522
676 208476
677 209150
678 208490
679 208834
680 208413
681 208131
682 208759
683 208427
684 208403
685 208527
686 208362
687 208001
688 208204
689 208552
690 208207
691 208094
692 208359
693 208513
694 208958
695 208344
696 208273
697 208521
698 208598
699 207879
700 208129
701 208612
702 208301
703 208777
704 208600
705 208503
706 208625
707 208122
708 208785
709 208615
710 208523
711 209046
712 208166
713 208917
714 208122
715 208868
716 208819
717 208750
718 208391
719 208670
720 208385
721 208901
722 208657
723 208691
724 208531
725 209014
726 208732
727 209189
728 208730
729 208929
730 209042
731 209182
732 208859
733 209153
734 209114
735 208920
736 209111
737 209531
738 209504
739 208814
740 208941
741 209336
742 209043
743 209645
744 209137
745 209201
746 208603
747 208662
748 209510
749 209094
750 209217
751 209508
752 209237
753 209171
754 209421
755 209544
756 209058
757 209699
758 209231
759 209589
760 209998
761 210199
762 209792
763 209361
764 210160
765 210068
766 210277
767 210317
768 209425
769 210705
770 210024
771 210184
772 210417
773 210211
774 209906
775 210014
776 210384
777 210624
778 209615
779 210268
780 209938
781 210046
782 210204
783 209970
784 209875
785 209900
786 209635
787 209681
788 209569
789 209876
790 209547
791 209528
792 209556
793 209685
794 209165
795 209058
796 209935
797 209056
798 209369
799 209341
800 209812
801 209665
802 209050
803 209027
804 209350
805 208724
806 209018
807 208891
808 209141
809 209258
810 208706
811 208784
812 209109
813 208664
814 208906
815 208993
816 209158
817 208789
818 209186
819 209037
820 209052
821 208904
822 209128
823 208834
824 208835
825 208611
826 208909
827 209292
828 209050
829 208466
830 209116
831 208899
832 208975
833 209727
834 209431
835 209324
836 209066
837 209170
838 208751
839 208866
840 209279
841 209179
842 208863
843 208962
844 209048
845 209002
846 208807
847 209064
848 208659
849 208771
850 208538
851 209499
852 208854
853 209406
854 209142
855 209231
856 208366
857 208580
858 208298
859 208997
860 208494
861 208702
862 208674
863 208150
864 208852
865 208436
866 208650
867 208899
868 209057
869 208760
870 208842
871 208713
872 208557
873 209054
874 208957
875 209332
876 208475
877 208759
878 208455
879 209031
880 209044
881 208313
882 209011
883 208771
884 208210
885 208782
886 209225
887 208581
888 208643
889 208700
890 208569
891 208168
892 208906
893 208832
894 208259
895 209244
896 208426
897 208893
898 208828
899 208639
900 208767
901 208322
902 208654
903 208607
904 208467
905 208676
906 208786
907 208838
908 208458
909 208030
910 208584
911 208667
912 208382
913 208920
914 208604
915 208435
916 208768
917 208584
918 208286
919 208339
920 208513
921 208502
922 208909
923 208584
924 208075
925 208512
926 208588
927 209018
928 208836
929 208370
930 208829
931 208204
932 208548
933 207532
934 208446
935 208677
936 208664
937 208635
938 208487
939 208360
940 208269
941 208722
942 208852
943 208164
944 208566
945 208570
946 208321
947 208009
948 208145
949 208306
950 208336
951 208496
952 208145
953 208047
954 208252
955 208514
956 207951
957 208352
958 208397
959 208061
960 208858
961 208517
962 208805
963 208768
964 207733
965 208164
966 208396
967 208565
968 208507
969 208347
970 208118
971 208639
972 208116
973 208448
974 208177
975 209013
976 208423
977 208362
978 208885
979 208192
980 208639
981 208353
982 208465
983 208580
984 208315
985 208601
986 208286
987 208718
988 208329
989 208493
990 208379
991 208202
992 208245
993 208752
994 208487
995 208336
996 208691
997 208061
998 208811
999 208131
1000 208298
1001 208491
1002 208463
1003 208274
1004 208423
1005 208134
1006 207962
1007 208293
1008 208908
1009 208208
1010 208435
1011 208373
1012 208511
1013 208422
1014 208192
1015 208221
1016 208481
1017 208313
1018 208918
1019 208878
1020 209478
1021 208383
1022 208680
1023 208001
1024 208596
1025 208290
1026 208691
1027 208871
1028 208385
1029 208786
1030 208771
1031 208701
1032 208360
1033 208687
1034 208762
1035 209118
1036 208445
1037 208792
1038 208616
1039 208495
1040 209094
1041 208404
1042 208463
1043 208560
1044 208590
1045 208869
1046 208850
1047 208862
1048 209085
1049 209259
1050 208759
1051 208875
1052 209179
1053 209229
1054 208944
1055 208955
1056 209186
1057 209175
1058 208776
1059 209357
1060 208792
1061 209392
1062 209368
1063 209530
1064 209198
1065 209115
1066 209434
1067 209181
1068 209938
1069 209274
1070 209832
1071 209678
1072 209875
1073 209814
1074 210187
1075 209874
1076 209820
1077 209687
1078 209970
1079 210203
1080 210779
1081 210391
1082 210598
1083 211160
1084 211328
1085 210667
1086 210691
1087 211487
1088 211428
1089 211825
1090 211289
1091 211217
1092 211644
1093 211968
1094 211897
1095 212430
1096 212091
1097 212181
1098 212017
1099 211659
1100 212264
1101 212435
1102 212201
1103 212749
1104 212062
1105 211460
1106 211908
1107 211560
1108 211937
1109 211801
1110 211466
1111 211529
1112 211238
1113 211506
1114 210779
1115 211251
1116 210630
1117 210605
1118 210617
1119 210381
1120 210298
1121 210259
1122 210192
1123 210243
1124 209938
1125 209469
1126 209199
1127 209224
1128 209284
1129 209455
1130 209102
1131 209362
1132 209426
1133 208995
1134 208604
1135 208473
1136 208962
1137 208751
1138 208041
1139 208706
1140 208657
1141 208245
1142 208305
1143 207837
1144 208599
1145 208299
1146 208609
1147 208099
1148 208200
1149 207529
1150 208252
1151 208138
1152 207878
1153 208031
1154 207952
1155 207950
1156 208169
1157 207883
1158 208367
1159 207486
1160 207485
1161 207696
1162 207698
1163 207683
1164 207865
1165 207160
1166 206848
1167 207529
1168 207539
1169 207610
1170 207576
1171 207789
1172 207140
1173 207389
1174 207334
1175 207706
1176 207712
1177 207047
1178 207141
1179 207613
1180 207125
1181 206536
1182 206983
1183 206822
1184 207195
1185 207465
1186 206995
1187 207256
1188 207853
1189 207020
1190 207009
1191 206382
1192 206670
1193 207269
1194 207360
1195 207176
1196 206945
1197 206588
1198 206922
1199 206855
1200 206473
1201 207190
1202 207298
1203 207723
1204 206656
1205 206509
1206 206598
1207 206717
1208 206545
1209 206331
1210 206442
1211 206096
1212 206652
1213 206323
1214 206631
1215 206826
1216 206580
1217 206820
1218 206800
1219 206701
1220 206839
1221 206469
1222 206490
1223 206598
1224 206216
1225 206490
1226 206355
1227 206887
1228 206485
1229 206407
1230 206813
1231 206055
1232 206738
1233 206434
1234 206892
1235 206113
1236 206165
1237 205976
1238 206211
1239 206430
1240 206504
1241 206375
1242 206571
1243 206879
1244 206553
1245 206313
1246 206565
1247 206051
1248 206618
1249 206943
1250 205917
1251 206287
1252 207104
1253 206732
1254 206831
1255 206519
1256 206122
1257 206943
1258 206650
1259 206573
1260 206157
1261 206578
1262 206627
1263 206869
1264 206590
1265 206552
1266 206622
1267 206379
1268 206349
1269 207221
1270 206504
1271 206828
1272 206441
1273 206830
1274 206206
1275 206336
1276 206354
1277 206278
1278 206742
1279 206272
1280 206731
1281 206248
1282 206460
1283 205896
1284 205906
1285 205726
1286 205847
1287 206186
1288 205888
1289 206054
1290 205360
1291 205139
1292 205613
1293 205689
1294 206387
1295 205656
1296 205448
1297 205599
1298 205714
1299 206048
1300 205228
1301 205952
1302 205710
1303 205880
1304 205790
1305 205741
1306 206086
1307 205753
1308 205596
1309 206013
1310 205453
1311 205908
1312 205567
1313 205856
1314 205584
1315 205536
1316 205959
1317 205756
1318 205232
1319 205849
1320 206144
1321 205648
1322 205966
1323 205579
1324 205873
1325 206236
1326 206453
1327 206001
1328 205943
1329 205784
1330 206288
1331 205844
1332 206614
1333 205983
1334 206312
1335 205924
1336 206795
1337 205753
1338 206464
1339 205815
1340 206458
1341 206249
1342 206726
1343 206457
1344 206453
1345 206415
1346 206302
1347 206388
1348 206165
1349 206271
1350 206504
1351 205915
1352 206372
1353 205548
1354 206232
1355 206106
1356 206218
1357 206480
1358 205921
1359 205909
1360 206142
1361 206200
1362 205960
1363 206320
1364 206015
1365 205354
1366 205622
1367 205487
1368 205261
1369 205912
1370 206066
1371 205553
1372 205637
1373 205936
1374 205306
1375 205538
1376 205367
1377 205635
1378 205404
1379 205818
1380 205502
1381 205835
1382 205301
1383 205710
1384 205549
1385 205740
1386 205944
1387 205729
1388 205360
1389 205535
1390 205673
1391 205590
1392 205550
1393 205256
1394 205118
1395 205638
1396 204376
1397 205456
1398 205641
1399 205452
1400 205406
1401 205543
1402 205511
1403 205278
1404 205706
1405 205650
1406 205366
1407 206046
1408 205122
1409 205852
1410 205859
1411 205296
1412 206034
1413 205371
1414 205839
1415 205893
1416 206000
1417 205863
1418 206513
1419 205738
1420 206259
1421 206701
1422 206198
1423 206509
1424 206324
1425 206804
1426 206360
1427 206490
1428 206694
1429 206443
1430 206305
1431 206811
1432 207118
1433 206862
1434 206675
1435 206349
1436 206691
1437 206996
1438 206667
1439 206780
1440 206417
1441 205813
1442 206660
1443 206680
1444 206742
1445 206426
1446 206492
1447 206766
1448 206716
1449 206431
1450 206595
1451 206239
1452 206060
1453 206264
1454 206400
1455 206063
1456 206429
1457 206885
1458 206520
1459 206409
1460 206671
1461 206699
1462 206504
1463 206212
1464 206753
1465 206158
1466 207024
1467 206618
1468 206833
1469 205874
1470 206304
1471 206820
1472 206313
1473 206409
1474 206552
1475 206120
1476 206545
1477 206445
1478 206720
1479 206508
1480 206499
1481 206876
1482 206512
1483 206674
1484 206798
1485 206376
1486 206562
1487 206681
1488 206757
1489 206354
1490 206452
1491 206849
1492 206081
1493 206225
1494 206679
1495 206399
1496 206371
1497 206345
1498 206762
1499 207343
1500 206639
1501 206890
1502 206632
1503 206433
1504 206034
1505 207035
1506 206700
1507 207011
1508 206428
1509 206813
1510 206764
1511 206513
1512 207023
1513 206747
1514 207222
1515 207404
1516 207312
1517 207164
1518 207286
1519 207374
1520 207627
1521 208205
1522 207577
1523 207678
1524 208213
1525 207984
1526 208373
1527 207763
1528 208020
1529 208286
1530 208193
1531 208609
1532 208690
1533 207802
1534 209048
1535 208917
1536 209415
1537 209510
1538 209185
1539 208933
1540 209453
1541 209221
1542 209762
1543 210175
1544 210281
1545 209848
1546 209213
1547 210020
1548 210108
1549 209708
1550 209983
1551 210229
1552 210268
1553 210173
1554 210022
1555 209801
1556 209531
1557 209938
1558 209208
1559 209380
1560 208878
1561 209327
1562 209123
1563 209379
1564 208907
1565 208956
1566 208764
1567 208473
1568 208970
1569 208600
1570 208588
1571 208270
1572 208332
1573 208459
1574 208597
1575 207919
1576 207889
1577 207525
1578 208039
1579 207913
1580 207472
1581 207806
1582 207545
1583 207836
1584 207518
1585 207116
1586 207457
1587 207245
1588 207371
1589 207842
1590 207428
1591 207013
1592 207183
1593 206920
1594 207271
1595 206946
1596 207183
1597 207993
1598 207366
1599 207204
1600 207205
1601 207276
1602 207203
1603 206862
1604 207105
1605 207196
1606 206993
1607 206698
1608 206577
1609 206880
1610 207160
1611 207084
1612 206705
1613 206945
1614 207060
1615 206566
1616 206749
1617 207202
1618 206620
1619 206933
1620 206878
1621 206742
1622 206937
1623 206875
1624 206705
1625 206814
1626 206856
1627 207196
1628 206623
1629 206786
1630 206253
1631 206905
1632 206797
1633 206716
1634 206298
1635 206785
1636 206532
1637 206774
1638 206833
1639 206537
1640 206554
1641 206566
1642 207017
1643 207136
1644 206712
1645 206659
1646 206822
1647 206785
1648 206359
1649 206198
1650 206376
1651 207172
1652 206793
1653 206879
1654 207075
1655 206855
1656 207197
1657 206822
1658 206965
1659 206662
1660 206751
1661 207135
1662 207206
1663 206940
1664 207043
1665 206839
1666 206845
1667 206822
1668 206499
1669 207071
1670 207014
1671 206428
1672 207207
1673 206450
1674 206294
1675 206437
1676 206959
1677 206793
1678 206914
1679 207061
1680 206516
1681 207209
1682 206651
1683 207345
1684 206903
1685 207086
1686 207099
1687 206689
1688 207368
1689 206902
1690 206538
1691 206522
1692 207212
1693 207347
1694 207527
1695 207416
1696 207029
1697 206996
1698 206840
1699 207831
1700 207174
1701 207230
1702 207520
1703 207300
1704 207183
1705 207304
1706 206839
1707 206772
1708 207025
1709 207229
1710 207379
1711 206783
1712 207145
1713 207258
1714 207024
1715 207743
1716 207320
1717 207093
1718 207485
1719 207525
1720 207653
1721 206813
1722 206715
1723 206936
1724 206694
1725 207658
1726 207555
1727 207020
1728 207502
1729 207287
1730 207288
1731 206983
1732 208072
1733 207384
1734 207521
1735 207604
1736 207187
1737 207337
1738 207910
1739 207603
1740 207789
1741 207828
1742 207334
1743 207599
1744 207841
1745 207420
1746 207747
1747 207518
1748 207518
1749 207527
1750 207679
1751 207473
1752 207831
1753 208326
1754 207931
1755 208120
1756 207990
1757 207880
1758 208197
1759 208187
1760 208035
1761 208052
1762 207600
1763 207700
1764 207141
1765 207817
1766 207804
1767 207918
1768 207964
1769 207271
1770 207684
1771 207941
1772 208260
1773 207754
1774 207580
1775 207366
1776 208113
1777 207160
1778 207718
1779 208455
1780 207768
1781 207873
1782 207320
1783 207992
1784 208494
1785 207412
1786 207550
1787 208062
1788 208111
1789 207888
1790 207665
1791 207439
1792 208277
1793 207744
1794 207583
1795 207984
1796 207730
1797 208065
1798 207618
1799 206947
1800 207889
1801 208427
1802 207946
1803 207925
1804 208284
1805 208097
1806 207979
1807 207876
1808 208035
1809 207769
1810 207347
1811 207880
1812 207661
1813 207914
1814 207736
1815 208244
1816 208160
1817 207758
1818 207814
1819 208367
1820 207623
1821 207874
1822 207801
1823 208108
1824 208270
1825 208078
1826 207705
1827 207913
1828 208897
1829 208391
1830 208451
1831 207629
1832 207977
1833 208383
1834 207880
1835 207985
1836 208513
1837 207500
1838 207782
1839 208106
1840 208256
1841 207760
1842 207760
1843 208123
1844 208100
1845 207977
1846 207873
1847 208318
1848 208345
1849 207999
1850 208160
1851 207929
1852 208541
1853 208238
1854 208490
1855 208215
1856 208310
1857 208571
1858 208458
1859 208700
1860 207946
1861 208187
1862 207764
1863 207946
1864 207635
1865 208019
1866 207837
1867 207965
1868 207695
1869 207893
1870 207596
1871 207706
1872 207344
1873 208047
1874 207579
1875 208018
1876 207431
1877 207842
1878 207502
1879 207683
1880 207144
1881 207077
1882 207060
1883 207596
1884 207559
1885 207317
1886 207862
1887 207263
1888 207141
1889 207425
1890 207143
1891 207691
1892 207641
1893 206903
1894 206791
1895 207060
1896 207320
1897 207573
1898 207370
1899 207364
1900 207472
1901 207001
1902 207916
1903 206969
1904 206877
1905 206978
1906 207212
1907 207311
1908 207168
1909 206957
1910 207119
1911 207679
1912 207236
1913 207194
1914 207390
1915 207080
1916 207308
1917 207121
1918 206581
1919 207297
1920 206506
1921 206942
1922 206911
1923 206939
1924 207204
1925 206973
1926 206589
1927 206742
1928 207562
1929 206734
1930 206668
1931 207237
1932 206880
1933 206476
1934 206732
1935 207294
1936 206315
1937 206541
1938 206935
1939 206479
1940 206762
1941 206256
1942 206993
1943 206603
1944 206522
1945 206225
1946 206562
1947 205848
1948 206677
1949 206845
1950 206213
1951 206438
1952 206234
1953 206832
1954 206255
1955 206089
1956 205754
1957 205781
1958 205938
1959 206116
1960 206593
1961 206039
1962 205943
1963 206258
1964 205870
1965 205771
1966 206348
1967 206103
1968 206195
1969 206244
1970 206107
1971 205696
1972 206282
1973 206338
1974 206203
1975 205758
1976 205813
1977 206010
1978 205891
1979 205855
1980 205709
1981 205675
1982 205404
1983 205761
1984 205561
1985 206090
1986 206147
1987 205808
1988 205729
1989 205878
1990 205256
1991 206138
1992 205538
1993 205041
1994 205692
1995 205829
1996 205315
1997 205442
1998 205565
1999 205960
2000 205295
2001 204933
2002 205237
2003 205312
2004 205497
2005 205428
2006 205537
2007 204982
2008 205134
2009 205122
2010 205483
2011 205968
2012 205626
2013 205384
2014 205604
2015 205457
2016 205103
2017 205049
2018 205466
2019 205253
2020 205094
2021 205161
2022 205646
2023 205674
2024 204664
2025 205519
2026 205138
2027 205693
2028 205630
2029 205221
2030 205022
2031 205515
2032 205596
2033 204632
2034 205151
2035 205277
2036 204972
2037 205124
2038 205250
2039 205257
2040 205167
2041 205097
2042 205542
2043 204969
2044 205525
2045 205022
2046 205417
2047 205701
2048 205563
2049 205589
2050 205460
2051 205568
2052 205793
2053 205716
2054 205707
2055 205835
2056 206029
2057 205915
2058 205745
2059 206055
2060 206223
2061 206177
2062 205636
2063 205547
2064 205837
2065 206012
2066 206614
2067 206733
2068 206210
2069 206056
2070 206408
2071 206343
2072 206518
2073 206543
2074 206519
2075 206466
2076 206796
2077 206839
2078 207002
2079 206381
2080 207570
2081 207270
2082 206789
2083 207219
2084 207123
2085 206713
2086 207118
2087 207221
2088 207650
2089 207721
2090 207567
2091 207771
2092 208025
2093 208258
2094 207652
2095 207919
2096 208399
2097 207905
2098 207935
2099 208087
2100 208089
2101 208048
2102 208428
2103 208353
2104 208490
2105 208110
2106 208451
2107 207878
2108 207758
2109 207426
2110 208074
2111 207429
2112 207752
2113 207928
2114 208136
2115 207954
2116 207176
2117 207772
2118 207778
2119 207250
2120 207539
2121 207323
2122 207100
2123 206780
2124 206239
2125 206477
2126 205858
2127 205940
2128 205864
2129 206311
2130 205741
2131 205722
2132 205010
2133 205127
2134 205721
2135 205400
2136 205720
2137 205540
2138 205350
2139 205091
2140 205649
2141 205016
2142 204997
2143 205261
2144 204821
2145 205138
2146 204403
2147 204572
2148 205008
2149 204238
2150 205059
2151 204685
2152 204788
2153 204655
2154 204973
2155 204536
2156 204786
2157 204360
2158 204549
2159 204658
2160 204545
2161 204420
2162 204631
2163 204390
2164 204162
2165 204144
2166 204437
2167 204363
2168 204654
2169 203869
2170 204313
2171 203794
2172 204043
2173 203966
2174 204315
2175 203845
2176 204054
2177 203469
2178 203579
2179 203766
2180 203595
2181 203191
2182 203390
2183 203220
2184 203025
2185 203563
2186 203753
2187 203705
2188 203420
2189 203430
2190 203484
2191 202803
2192 203383
2193 203292
2194 203203
2195 203080
2196 203084
2197 203478
2198 202764
2199 203475
2200 203265
2201 203508
2202 203278
2203 202719
2204 203098
2205 202862
2206 203410
2207 203125
2208 203140
2209 203111
2210 202634
2211 202799
2212 202779
2213 202816
2214 202639
2215 202998
2216 203000
2217 202920
2218 202950
2219 202653
2220 203012
2221 202742
2222 203151
2223 203006
2224 202635
2225 202641
2226 202476
2227 202630
2228 202950
2229 202579
2230 202842
2231 202422
2232 202510
2233 202731
2234 202446
2235 202727
2236 202570
2237 202260
2238 202792
2239 201964
2240 202072
2241 202483
2242 202334
2243 202958
2244 202915
2245 201966
2246 202120
2247 202921
2248 202640
2249 202572
2250 202464
2251 202257
2252 202300
2253 202618
2254 202198
2255 202270
2256 202508
2257 202444
2258 202291
2259 202384
2260 202476
2261 202234
2262 201614
2263 202473
2264 202479
2265 201963
2266 202260
2267 202448
2268 202399
2269 202022
2270 202195
2271 202081
2272 201775
2273 201975
2274 201969
2275 202200
2276 202398
2277 202068
2278 202322
2279 202025
2280 201712
2281 202344
2282 201936
2283 202017
2284 201811
2285 201402
2286 201646
2287 202141
2288 201801
2289 202061
2290 202194
2291 201624
2292 201681
2293 201722
2294 201185
2295 201860
2296 201414
2297 201735
2298 202207
2299 201698
2300 201443
2301 201483
2302 201801
2303 201485
2304 201871
2305 201987
2306 202108
2307 201640
2308 201508
2309 201908
2310 201608
2311 201988
2312 201144
2313 201845
2314 201945
2315 202303
2316 202303
2317 201851
2318 202260
2319 202210
2320 201344
2321 201892
2322 202557
2323 202613
2324 202114
2325 202259
2326 201979
2327 202456
2328 202353
2329 202009
2330 201977
2331 202507
2332 202001
2333 202296
2334 202269
2335 202309
2336 202093
2337 202475
2338 202258
2339 202807
2340 202456
2341 202417
2342 202678
2343 202554
2344 202614
2345 202675
2346 202348
2347 202398
2348 202574
2349 202615
2350 202850
2351 202859
2352 202526
2353 202467
2354 202550
2355 202820
2356 202228
2357 202528
2358 201802
2359 202565
2360 202076
2361 202338
2362 202665
2363 202861
2364 203061
2365 202726
2366 202812
2367 202855
2368 202952
2369 202433
2370 202829
2371 202801
2372 202467
2373 203228
2374 202574
2375 202279
2376 202448
2377 202632
2378 202763
2379 202589
2380 202173
2381 202403
2382 202746
2383 202777
2384 203140
2385 202793
2386 202601
2387 202774
2388 202875
2389 202754
2390 202943
2391 203164
2392 202786
2393 202616
2394 202997
2395 202488
2396 203072
2397 202957
2398 202946
2399 202661
2400 203345
2401 202911
2402 203047
2403 203308
2404 202869
2405 202642
2406 203060
2407 203345
2408 203253
2409 203262
2410 203237
2411 203496
2412 203517
2413 203284
2414 203580
2415 203549
2416 203864
2417 203037
2418 203472
2419 203480
2420 203233
2421 203939
2422 203321
2423 203410
2424 203724
2425 202857
2426 203842
2427 204155
2428 203146
2429 203797
2430 203423
2431 202919
2432 203470
2433 203721
2434 203629
2435 203483
2436 203750
2437 203121
2438 203224
2439 203763
2440 202973
2441 203394
2442 203391
2443 203514
2444 203451
2445 203212
2446 203079
2447 203505
2448 203232
2449 203306
2450 203262
2451 203314
2452 203334
2453 203469
2454 204091
2455 204032
2456 203770
2457 203202
2458 203507
2459 203914
2460 203565
2461 204256
2462 203977
2463 203935
2464 204564
2465 204518
2466 204143
2467 204390
2468 204393
2469 204224
2470 204513
2471 204307
2472 204529
2473 204626
2474 204775
2475 204795
2476 205099
2477 204499
2478 204881
2479 204786
2480 204802
2481 205165
2482 204895
2483 204883
2484 205009
2485 205145
2486 205238
2487 205466
2488 204797
2489 205245
2490 205709
2491 205348
2492 205509
2493 205537
2494 205290
2495 205645
2496 205545
2497 205185
2498 205361
2499 206193
2500 205554
2501 205764
2502 205471
2503 205474
2504 205413
2505 205422
2506 206023
2507 206095
2508 205311
2509 205814
2510 205732
2511 205552
2512 206065
2513 206120
2514 206078
2515 206523
2516 206079
2517 206536
2518 206557
2519 207039
2520 206309
2521 206367
2522 207057
2523 206816
2524 206758
2525 206729
2526 206953
2527 207136
2528 206907
2529 207111
2530 207679
2531 207366
2532 207569
2533 207423
2534 207788
2535 207793
2536 207814
2537 207525
2538 208152
2539 207920
2540 207814
2541 207615
2542 208636
2543 208630
2544 208256
2545 208617
2546 208585
2547 207977
2548 208572
2549 208366
2550 208416
2551 209018
2552 208901
2553 208674
2554 208771
2555 208346
2556 208836
2557 208323
2558 208460
2559 208325
2560 208499
2561 208766
2562 208384
2563 207966
2564 207777
2565 208311
2566 207275
2567 207469
2568 207963
2569 207582
2570 207714
2571 207600
2572 207159
2573 206962
2574 207015
2575 206730
2576 206922
2577 206628
2578 207138
2579 206921
2580 207042
2581 206641
2582 206532
2583 207145
2584 206503
2585 207099
2586 206406
2587 206411
2588 206460
2589 206592
2590 206375
2591 205584
2592 205987
2593 206593
2594 206583
2595 205743
2596 206544
2597 206434
2598 205736
2599 206234
2600 206257
2601 206335
2602 206093
2603 207250
2604 205978
2605 206641
2606 205922
2607 206379
2608 205810
2609 206582
2610 205798
2611 206398
2612 205611
2613 206012
2614 206097
2615 206445
2616 206031
2617 205849
2618 206308
2619 206044
2620 206221
2621 206048
2622 206114
2623 205448
2624 206460
2625 206344
2626 206092
2627 205931
2628 206205
2629 205927
2630 206316
2631 206486
2632 206261
2633 206429
2634 206130
2635 206198
2636 206376
2637 206004
2638 206942
2639 206315
2640 206417
2641 206319
2642 206163
2643 205774
2644 206409
2645 206654
2646 206399
2647 206801
2648 205971
2649 206087
2650 206431
2651 206150
2652 205969
2653 206509
2654 206460
2655 206829
2656 206057
2657 206856
2658 206639
2659 206727
2660 207003
2661 206484
2662 206904
2663 206677
2664 206128
2665 206424
2666 206879
2667 206652
2668 206715
2669 206905
2670 206278
2671 206460
2672 207386
2673 206615
2674 207002
2675 207287
2676 206915
2677 206774
2678 207099
2679 207016
2680 206960
2681 207757
2682 207625
2683 206787
2684 207078
2685 207590
2686 207757
2687 207529
2688 207522
2689 207937
2690 208006
2691 208002
2692 206849
2693 207597
2694 207564
2695 207978
2696 207946
2697 207493
2698 208343
2699 207272
2700 207621
2701 208036
2702 207991
2703 207769
2704 208307
2705 208514
2706 207803
2707 207993
2708 207949
2709 207976
2710 208548
2711 208231
2712 208248
2713 208252
2714 208430
2715 208238
2716 207875
2717 208069
2718 207828
2719 208185
2720 207767
2721 208403
2722 208190
2723 207900
2724 207911
2725 207735
2726 207772
2727 208076
2728 207693
2729 208299
2730 208175
2731 208157
2732 207846
2733 208148
2734 208021
2735 207939
2736 207747
2737 207879
2738 207487
2739 207967
2740 207519
2741 207611
2742 207762
2743 208094
2744 207716
2745 207926
2746 207304
2747 207891
2748 208353
2749 207844
2750 207597
2751 207674
2752 208417
2753 208085
2754 207702
2755 207977
2756 207694
2757 207949
2758 208082
2759 208049
2760 207397
2761 207373
2762 207646
2763 208091
2764 207819
2765 207738
2766 208123
2767 207585
2768 208153
2769 207973
2770 208093
2771 208046
2772 207820
2773 207842
2774 208347
2775 208052
2776 208128
2777 207966
2778 208440
2779 208002
2780 208293
2781 207950
2782 207485
2783 208305
2784 208274
2785 208093
2786 208018
2787 208187
2788 208310
2789 208048
2790 208267
2791 207872
2792 207920
2793 208113
2794 208225
2795 207996
2796 208063
2797 208118
2798 208241
2799 207979
2800 208394
2801 208519
2802 208031
2803 207874
2804 207993
2805 208329
2806 208120
2807 208068
2808 208354
2809 208097
2810 208540
2811 208520
2812 208542
2813 208543
2814 208653
2815 208503
2816 208004
2817 208582
2818 208347
2819 208135
2820 208391
2821 207774
2822 208649
2823 208193
2824 208200
2825 207969
2826 208643
2827 208558
2828 209077
2829 208885
2830 208386
2831 208551
2832 208610
2833 208298
2834 208615
2835 208476
2836 208571
2837 208942
2838 208832
2839 208022
2840 208379
2841 208711
2842 208667
2843 208529
2844 208505
2845 208272
2846 208137
2847 208442
2848 208643
2849 208229
2850 208567
2851 208777
2852 208537
2853 208560
2854 208778
2855 208567
2856 209058
2857 208428
2858 208946
2859 208925
2860 208338
2861 208506
2862 208573
2863 208672
2864 208870
2865 208648
2866 208588
2867 208438
2868 208518
2869 208443
2870 208263
2871 208753
2872 208071
2873 208044
2874 208242
2875 208040
2876 208411
2877 208492
2878 208547
2879 208227
2880 207845
2881 208367
2882 207993
2883 207924
2884 208169
2885 208338
2886 208402
2887 208253
2888 208040
2889 208253
2890 208505
2891 208237
2892 208182
2893 208412
2894 208186
2895 208655
2896 208319
2897 208510
2898 208609
2899 208376
2900 207908
2901 208730
2902 208267
2903 208420
2904 208987
2905 208724
2906 208605
2907 208554
2908 208292
2909 208622
2910 208533
2911 208591
2912 208150
2913 208796
2914 209198
2915 208452
2916 208178
2917 209051
2918 208874
2919 208142
2920 208991
2921 208842
2922 208682
2923 208742
2924 208942
2925 208558
2926 208705
2927 208591
2928 208617
2929 208450
2930 208421
2931 208797
2932 208465
2933 209108
2934 208376
2935 208023
2936 208782
2937 208008
2938 208264
2939 208589
2940 208552
2941 208701
2942 208613
2943 208845
2944 208955
2945 208856
2946 208807
2947 208983
2948 208593
2949 208941
2950 208743
2951 208741
2952 208846
2953 209328
2954 208820
2955 208997
2956 208933
2957 208595
2958 208654
2959 208641
2960 209064
2961 208768
2962 208768
2963 208871
2964 209104
2965 208849
2966 208755
2967 209126
2968 208299
2969 208779
2970 209059
2971 208853
2972 208328
2973 208696
2974 208384
2975 208656
2976 209048
2977 209256
2978 209097
2979 209581
2980 209292
2981 208870
2982 209551
2983 209554
2984 209843
2985 209752
2986 209543
2987 209478
2988 209376
2989 209572
2990 209554
2991 209961
2992 209864
2993 210559
2994 209962
2995 209882
2996 209984
2997 209320
2998 209724
2999 209822
3000 209992
3001 209784
3002 209896
3003 210111
3004 209137
3005 209605
3006 209559
3007 209814
3008 209487
3009 209093
3010 209535
3011 209069
3012 209007
3013 209737
3014 209419
3015 208818
3016 209457
3017 209344
3018 208741
3019 209259
3020 209329
3021 209067
3022 209338
3023 209158
3024 209195
3025 209482
3026 208883
3027 208733
3028 209214
3029 208969
3030 208667
3031 209399
3032 208885
3033 208689
3034 208572
3035 208599
3036 209046
3037 209023
3038 208269
3039 208567
3040 209148
3041 209000
3042 209153
3043 208793
3044 208518
3045 208861
3046 208687
3047 209116
3048 209120
3049 208451
3050 208332
3051 209232
3052 209065
3053 208894
3054 209192
3055 209293
3056 209084
3057 209045
3058 209326
3059 209518
3060 209338
3061 209453
3062 209362
3063 209419
3064 209486
3065 209615
3066 209420
3067 209447
3068 209407
3069 210270
3070 209892
3071 209995
3072 210155
3073 210593
3074 210095
3075 210597
3076 210424
3077 210742
3078 210482
3079 210785
3080 210594
3081 210650
3082 210913
3083 210823
3084 211266
3085 211421
3086 212183
3087 210884
3088 211487
3089 211843
3090 211731
3091 211761
3092 211931
3093 212087
3094 212648
3095 212006
3096 212606
3097 212728
3098 212098
3099 212741
3100 212951
3101 212528
3102 213416
3103 213136
3104 212595
3105 212571
3106 213030
3107 213083
3108 212282
3109 212616
3110 212815
3111 212056
3112 211939
3113 211831
3114 211882
3115 212006
3116 211532
3117 211647
3118 211207
3119 211048
3120 211160
3121 211747
3122 211073
3123 210852
3124 210419
3125 210550
3126 210346
3127 210635
3128 210260
3129 210884
3130 210171
3131 209898
3132 210360
3133 210077
3134 209428
3135 210069
3136 209499
3137 209530
3138 209624
3139 209515
3140 209411
3141 209719
3142 209597
3143 209375
3144 209363
3145 209106
3146 209290
3147 209378
3148 209397
3149 209410
3150 209413
3151 209653
3152 208929
3153 209076
3154 209177
3155 208645
3156 209160
3157 208935
3158 208998
3159 208671
3160 209006
3161 208916
3162 208875
3163 209124
3164 209106
3165 209255
3166 208563
3167 208651
3168 208864
3169 208222
3170 208843
3171 208617
3172 208389
3173 208817
3174 207887
3175 208644
3176 208780
3177 208442
3178 208418
3179 208641
3180 208448
3181 208795
3182 208881
3183 208494
3184 208572
3185 208255
3186 208866
3187 208478
3188 207788
3189 208547
3190 208253
3191 208285
3192 208640
3193 208065
3194 208644
3195 208155
3196 208215
3197 208412
3198 208304
3199 208135
3200 208595
3201 208014
3202 207242
3203 208412
3204 208108
3205 208123
3206 208455
3207 208137
3208 208518
3209 208281
3210 207952
3211 207822
3212 208289
3213 208018
3214 208335
3215 207734
3216 208235
3217 207951
3218 207976
3219 208249
3220 208230
3221 208134
3222 208312
3223 207879
3224 208016
3225 207880
3226 208264
3227 207658
3228 207679
3229 208226
3230 208556
3231 207548
3232 207857
3233 207377
3234 208365
3235 208280
3236 207720
3237 207992
3238 207599
3239 207392
3240 207712
3241 207252
3242 207800
3243 208030
3244 207551
3245 207945
3246 207679
3247 207913
3248 207604
3249 207503
3250 207609
3251 207367
3252 207414
3253 207681
3254 207677
3255 207220
3256 207198
3257 207914
3258 207296
3259 208138
3260 207642
3261 207695
3262 208051
3263 207815
3264 207540
3265 207576
3266 207401
3267 207767
3268 207877
3269 207589
3270 207387
3271 207621
3272 207614
3273 207421
3274 207650
3275 207369
3276 207295
3277 207803
3278 207404
3279 207098
3280 207092
3281 207434
3282 207123
3283 207431
3284 207158
3285 207263
3286 207254
3287 207765
3288 207237
3289 207134
3290 207096
3291 207197
3292 207344
3293 207116
3294 207507
3295 207099
3296 207980
3297 207717
3298 207277
3299 207359
3300 207164
3301 206962
3302 207173
3303 207106
3304 207309
3305 207077
3306 207457
3307 207243
3308 206801
3309 207268
3310 207202
3311 207128
3312 207435
3313 207167
3314 207113
3315 207388
3316 207084
3317 207397
3318 207686
3319 207228
3320 207406
3321 207326
3322 207796
3323 207169
3324 207611
3325 207549
3326 207407
3327 207207
3328 207541
3329 207581
3330 207280
3331 207260
3332 207139
3333 207810
3334 207388
3335 207475
3336 207359
3337 207170
3338 207394
3339 207423
3340 207519
3341 206972
3342 207453
3343 207678
3344 207283
3345 207360
3346 207302
3347 207280
3348 207665
3349 207631
3350 207338
3351 206957
3352 207620
3353 208012
3354 207522
3355 207160
3356 207403
3357 207649
3358 207583
3359 207051
3360 207197
3361 207274
3362 207059
3363 207387
3364 207537
3365 207136
3366 206975
3367 207053
3368 207196
3369 207262
3370 207823
3371 207283
3372 207110
3373 207303
3374 207904
3375 207583
3376 207191
3377 207706
3378 207071
3379 207726
3380 208102
3381 207578
3382 207151
3383 207646
3384 207577
3385 207254
3386 207242
3387 207361
3388 207544
3389 207366
3390 207650
3391 207668
3392 207666
3393 207735
3394 207925
3395 207924
3396 207968
3397 207516
3398 207457
3399 207658
3400 207335
3401 207583
3402 207693
3403 207528
3404 207568
3405 208031
3406 207788
3407 207782
3408 207265
3409 207607
3410 207479
3411 207995
3412 207562
3413 207400
3414 207585
3415 208165
3416 207295
3417 208029
3418 207648
3419 208402
3420 208141
3421 207993
3422 208165
3423 207934
3424 208336
3425 207588
3426 207972
3427 207544
3428 208127
3429 207776
3430 207967
3431 208208
3432 207617
3433 208591
3434 208108
3435 207806
3436 208096
3437 208122
3438 208111
3439 208162
3440 208176
3441 208077
3442 208338
3443 207707
3444 208544
3445 208212
3446 208402
3447 208221
3448 208231
3449 208183
3450 208467
3451 208181
3452 208559
3453 208314
3454 207941
3455 208618
3456 207951
3457 207993
3458 208058
3459 207902
3460 208290
3461 208121
3462 208137
3463 208323
3464 208213
3465 207768
3466 207789
3467 207977
3468 208172
3469 208491
3470 207858
3471 208241
3472 208297
3473 208484
3474 208519
3475 208804
3476 208546
3477 208954
3478 208327
3479 208136
3480 208351
3481 208102
3482 208777
3483 208323
3484 208574
3485 208379
3486 208621
3487 208846
3488 208253
3489 208606
3490 208953
3491 208645
3492 209167
3493 208799
3494 208718
3495 209220
3496 208304
3497 208888
3498 208503
3499 208908
3500 208834
3501 209604
3502 209165
3503 208939
3504 208743
3505 209411
3506 209088
3507 209165
3508 208889
3509 209213
3510 209983
3511 209648
3512 209314
3513 209565
3514 209725
3515 209117
3516 209606
3517 209619
3518 209478
3519 209567
3520 209989
3521 210371
3522 210421
3523 210266
3524 209925
3525 210434
3526 210240
3527 210453
3528 210583
3529 210266
3530 211211
3531 211154
3532 211252
3533 211571
3534 211525
3535 211690
3536 211684
3537 211733
3538 211931
3539 212552
3540 212073
3541 212295
3542 212536
3543 212754
3544 212736
3545 212855
3546 213106
3547 212983
3548 213321
3549 213041
3550 213150
3551 212893
3552 212973
3553 212891
3554 212752
3555 212593
3556 212964
3557 212327
3558 212661
3559 212578
3560 211955
3561 211557
3562 211832
3563 212293
3564 211122
3565 211571
3566 211223
3567 211331
3568 210968
3569 211905
3570 211401
3571 210878
3572 210976
3573 210103
3574 210194
3575 210274
3576 210037
3577 209823
3578 210215
3579 210112
3580 210477
3581 209925
3582 209546
3583 209910
3584 210367
3585 209769
3586 209585
3587 209662
3588 209347
3589 209955
3590 209470
3591 209821
3592 209496
3593 209632
3594 209073
3595 209501
3596 210050
3597 209512
3598 209621
3599 209189
3600 209449
3601 209223
3602 209344
3603 208769
3604 209145
3605 209032
3606 208729
3607 209325
3608 209656
3609 209079
3610 209150
3611 208672
3612 209128
3613 209409
3614 209141
3615 208793
3616 209040
3617 208957
3618 209087
3619 208826
3620 209013
3621 209610
3622 209085
3623 208658
3624 209236
3625 208980
3626 209012
3627 208745
3628 209111
3629 209176
3630 208964
3631 208311
3632 208962
3633 208911
3634 209068
3635 209053
3636 208668
3637 208767
3638 208976
3639 209110
3640 209129
3641 208773
3642 208890
3643 208610
3644 208687
3645 209012
3646 209001
3647 208519
3648 208562
3649 208453
3650 209212
3651 208885
3652 208538
3653 209147
3654 208930
3655 209298
3656 208426
3657 209088
3658 208558
3659 208753
3660 209124
3661 208817
3662 208321
3663 208775
3664 208746
3665 208985
3666 208598
3667 209012
3668 208423
3669 208769
3670 208656
3671 208366
3672 208730
3673 208983
3674 209128
3675 208265
3676 208770
3677 207940
3678 208611
3679 208634
3680 208485
3681 209071
3682 208381
3683 208774
3684 209151
3685 208824
3686 208607
3687 208821
3688 208651
3689 208327
3690 208697
3691 209445
3692 208650
3693 208541
3694 208891
3695 208690
3696 208969
3697 208765
3698 208516
3699 208688
3700 209604
3701 208702
3702 208771
3703 208686
3704 208790
3705 208890
3706 208964
3707 209266
3708 208958
3709 208859
3710 208520
3711 208537
3712 208701
3713 208924
3714 208422
3715 208986
3716 209120
3717 208272
3718 208728
3719 208903
3720 209038
3721 208197
3722 208890
3723 208774
3724 208567
3725 208810
3726 209018
3727 208492
3728 208185
3729 208573
3730 208887
3731 208961
3732 208742
3733 208760
3734 208862
3735 208926
3736 208987
3737 208575
3738 208894
3739 208450
3740 208956
3741 208760
3742 209135
3743 208728
3744 208360
3745 208565
3746 208665
3747 208391
3748 208595
3749 208640
3750 208747
3751 208878
3752 208984
3753 208793
3754 209104
3755 208328
3756 208978
3757 208435
3758 208798
3759 208593
3760 208442
3761 208877
3762 208814
3763 208990
3764 208926
3765 208349
3766 208227
3767 208910
3768 208819
3769 208579
3770 208512
3771 208576
3772 208233
3773 208024
3774 208698
3775 208520
3776 208763
3777 208613
3778 208813
3779 208171
3780 208899
3781 208844
3782 209332
3783 208673
3784 208623
3785 208646
3786 208873
3787 209314
3788 208973
3789 208958
3790 208608
3791 208263
3792 209053
3793 209064
3794 208586
3795 209301
3796 208737
3797 209190
3798 208805
3799 209093
3800 209051
3801 209119
3802 208600
3803 208973
3804 208521
3805 209020
3806 209039
3807 209353
3808 208711
3809 209165
3810 208618
3811 208650
3812 209126
3813 208831
3814 209391
3815 208745
3816 208602
3817 208698
3818 209367
3819 208988
3820 208810
3821 209021
3822 208862
3823 209021
3824 208821
3825 209094
3826 209150
3827 208583
3828 208974
3829 208779
3830 209315
3831 208799
3832 208850
3833 209054
3834 209110
3835 209174
3836 208852
3837 208627
3838 208922
3839 208996
3840 208721
3841 208792
3842 209332
3843 209101
3844 208467
3845 209650
3846 209128
3847 208721
3848 209191
3849 208619
3850 208889
3851 209011
3852 209113
3853 209054
3854 208675
3855 209453
3856 209218
3857 208910
3858 208790
3859 208534
3860 209166
3861 208775
3862 208985
3863 208499
3864 208523
3865 208787
3866 208581
3867 208468
3868 208795
3869 208965
3870 208465
3871 208403
3872 208766
3873 208327
3874 208477
3875 208773
3876 208816
3877 208233
3878 208658
3879 209100
3880 208590
3881 208900
3882 208166
3883 208372
3884 208627
3885 208376
3886 208635
3887 208442
3888 208526
3889 208149
3890 208447
3891 208396
3892 208072
3893 208541
3894 208105
3895 208059
3896 207936
3897 208651
3898 208335
3899 208315
3900 208999
3901 208412
3902 208380
3903 208268
3904 208790
3905 208477
3906 208292
3907 208020
3908 208324
3909 208129
3910 208454
3911 208545
3912 207961
3913 208000
3914 208621
3915 207316
3916 208019
3917 207940
3918 207814
3919 208481
3920 208263
3921 207864
3922 207882
3923 208301
3924 208176
3925 208096
3926 208245
3927 208176
3928 208252
3929 208365
3930 208143
3931 207731
3932 208258
3933 207737
3934 208212
3935 208038
3936 208229
3937 207906
3938 207984
3939 207359
3940 208332
3941 208410
3942 208546
3943 207827
3944 208113
3945 208415
3946 207524
3947 208525
3948 208255
3949 208079
3950 208136
3951 207591
3952 208055
3953 208405
3954 208155
3955 207954
3956 208004
3957 208438
3958 208119
3959 207932
3960 208544
3961 208272
3962 207941
3963 207905
3964 208034
3965 207974
3966 208350
3967 208384
3968 208571
3969 208076
3970 207863
3971 208121
3972 208236
3973 207769
3974 207955
3975 208366
3976 208500
3977 208468
3978 208181
3979 207853
3980 207616
3981 207978
3982 208146
3983 208151
3984 208159
3985 207508
3986 208532
3987 208160
3988 208182
3989 208791
3990 208087
3991 208039
3992 208112
3993 208125
3994 208109
3995 208045
3996 207980
3997 208842
3998 208191
3999 207848
4000 207916
4001 208339
4002 208255
4003 208067
4004 208491
4005 208391
4006 209094
4007 208440
4008 208173
4009 208576
4010 208804
4011 208103
4012 208262
4013 208739
4014 207876
4015 208444
4016 208232
4017 208311
4018 208755
4019 208296
4020 208556
4021 208535
4022 208505
4023 207835
4024 208445
4025 208570
4026 208040
4027 208518
4028 208404
4029 208251
4030 208005
4031 208125
4032 208191
4033 207878
4034 208295
4035 208048
4036 207968
4037 208022
4038 208214
4039 208382
4040 207816
4041 207743
4042 208496
4043 207590
4044 208070
4045 208518
4046 208044
4047 208487
4048 208246
4049 208019
4050 208407
4051 208552
4052 208062
4053 208675
4054 208480
4055 208715
4056 208631
4057 208963
4058 208765
4059 209040
4060 208232
4061 207685
4062 208681
4063 208561
4064 208688
4065 208418
4066 208660
4067 209165
4068 208740
4069 209053
4070 208904
4071 209450
4072 209640
4073 209593
4074 209053
4075 210033
4076 209493
4077 209567
4078 209624
4079 209898
4080 209512
4081 209651
4082 209799
4083 210177
4084 210060
4085 210795
4086 210396
4087 210636
4088 210890
4089 210868
4090 210483
4091 211040
4092 210753
4093 211591
4094 211087
4095 210798
4096 211305
4097 211625
4098 211632
4099 211483
4100 211807
4101 211649
4102 211913
4103 211632
4104 212206
4105 211804
4106 211478
4107 211625
4108 211855
4109 211120
4110 211399
4111 211041
4112 210782
4113 210473
4114 211238
4115 210329
4116 210234
4117 211026
4118 210105
4119 210195
4120 210392
4121 209851
4122 209582
4123 209618
4124 209881
4125 209273
4126 209502
4127 208675
4128 209480
4129 209158
4130 209473
4131 208815
4132 208829
4133 208403
4134 208579
4135 208260
4136 208110
4137 208608
4138 208732
4139 207915
4140 208505
4141 208187
4142 208548
4143 208356
4144 208071
4145 208132
4146 208208
4147 207832
4148 207604
4149 208015
4150 207812
4151 208073
4152 208023
4153 207925
4154 207906
4155 207036
4156 207627
4157 207349
4158 207825
4159 207765
4160 207385
4161 207025
4162 207218
4163 207121
4164 207096
4165 207549
4166 207334
4167 207292
4168 207297
4169 207207
4170 207479
4171 207573
4172 207571
4173 207167
4174 207412
4175 207359
4176 207028
4177 206876
4178 207251
4179 207216
4180 207180
4181 207151
4182 206928
4183 207066
4184 207096
4185 207066
4186 206848
4187 206957
4188 206699
4189 206978
4190 207079
4191 207007
4192 207098
4193 206698
4194 206739
4195 206667
4196 206725
4197 206884
4198 206792
4199 206923
4200 206824
4201 206359
4202 207133
4203 207029
4204 206947
4205 207291
4206 206108
4207 206591
4208 206726
4209 207144
4210 206188
4211 207103
4212 206352
4213 206434
4214 205893
4215 205926
4216 206497
4217 206531
4218 206998
4219 206363
4220 206351
4221 206626
4222 206941
4223 206751
4224 206220
4225 206189
4226 206373
4227 206790
4228 206703
4229 206650
4230 206636
4231 206946
4232 205923
4233 206280
4234 206884
4235 206175
4236 206030
4237 206390
4238 206615
4239 206524
4240 206756
4241 206234
4242 206516
4243 206755
4244 206355
4245 206616
4246 206300
4247 206513
4248 206393
4249 206224
4250 206966
4251 206226
4252 206948
4253 206186
4254 206213
4255 205978
4256 206636
4257 206031
4258 206790
4259 206347
4260 206434
4261 206201
4262 206735
4263 206425
4264 206488
4265 206302
4266 206117
4267 205748
4268 205802
4269 206338
4270 206427
4271 205992
4272 206579
4273 206373
4274 205713
4275 206246
4276 206430
4277 205947
4278 205908
4279 205836
4280 206432
4281 205805
4282 206098
4283 205971
4284 205729
4285 205769
4286 206021
4287 205984
4288 205960
4289 206080
4290 205883
4291 205674
4292 205644
4293 205346
4294 205885
4295 205769
4296 205820
4297 205891
4298 205557
4299 205590
4300 205510
4301 205824
4302 205711
4303 205620
4304 205200
4305 205068
4306 205906
4307 206138
4308 205921
4309 205717
4310 205778
4311 205119
4312 205187
4313 205806
4314 205959
4315 205409
4316 205720
4317 205962
4318 205414
4319 205430
4320 206089
4321 205803
4322 205527
4323 205054
4324 205313
4325 205441
4326 206004
4327 205189
4328 205664
4329 205232
4330 205673
4331 205132
4332 205413
4333 206194
4334 205663
4335 205131
4336 205915
4337 205554
4338 205537
4339 205327
4340 205677
4341 205633
4342 205364
4343 205767
4344 205900
4345 205836
4346 205744
4347 205789
4348 205891
4349 205620
4350 205922
4351 204932
4352 205541
4353 205587
4354 205632
4355 206233
4356 205590
4357 206039
4358 205814
4359 205641
4360 205844
4361 206275
4362 205841
4363 206076
4364 206037
4365 205901
4366 206281
4367 206134
4368 206774
4369 206016
4370 206144
4371 205675
4372 205939
4373 205583
4374 205953
4375 206001
4376 206026
4377 206166
4378 206343
4379 206064
4380 205407
4381 206191
4382 205996
4383 206842
4384 205904
4385 206436
4386 206426
4387 206529
4388 206412
4389 206352
4390 206038
4391 206757
4392 206263
4393 206106
4394 206084
4395 206454
4396 206553
4397 206001
4398 206125
4399 206669
4400 206094
4401 206624
4402 206485
4403 206292
4404 206337
4405 206418
4406 206167
4407 206569
4408 206390
4409 206732
4410 206649
4411 206272
4412 207124
4413 206251
4414 206474
4415 206316
4416 206062
4417 206419
4418 206395
4419 206198
4420 206790
4421 206467
4422 206697
4423 206425
4424 206244
4425 206780
4426 206326
4427 206175
4428 207386
4429 206332
4430 206495
4431 206260
4432 206554
4433 206729
4434 206590
4435 207095
4436 206725
4437 206504
4438 206496
4439 206652
4440 206838
4441 206624
4442 206487
4443 206405
4444 206208
4445 205969
4446 207029
4447 207077
4448 206300
4449 206675
4450 206864
4451 206566
4452 206654
4453 206326
4454 206628
4455 207072
4456 206492
4457 206524
4458 206896
4459 206598
4460 206486
4461 206576
4462 206954
4463 206676
4464 206687
4465 206429
4466 207107
4467 206853
4468 206249
4469 206460
4470 206832
4471 206858
4472 207016
4473 206988
4474 206729
4475 206597
4476 207117
4477 206128
4478 206473
4479 206579
4480 206787
4481 206685
4482 206438
4483 206848
4484 206358
4485 206818
4486 206321
4487 206714
4488 206935
4489 206897
4490 206393
4491 206698
4492 206883
4493 206756
4494 207441
4495 207025
4496 207267
4497 206982
4498 207171
4499 207092
4500 206796
4501 207233
4502 207540
4503 206735
4504 207402
4505 207416
4506 206990
4507 207452
4508 207057
4509 207636
4510 207648
4511 207225
4512 207356
4513 207762
4514 207832
4515 207653
4516 207913
4517 207014
4518 207934
4519 208028
4520 208662
4521 208036
4522 208883
4523 208667
4524 208121
4525 208831
4526 207842
4527 208529
4528 208733
4529 208534
4530 209115
4531 208705
4532 208786
4533 209207
4534 209156
4535 209000
4536 209335
4537 209390
4538 209740
4539 210132
4540 209546
4541 210449
4542 210099
4543 210288
4544 210426
4545 210518
4546 210638
4547 210514
4548 210554
4549 210789
4550 211059
4551 210813
4552 211205
4553 211614
4554 211314
4555 211145
4556 211208
4557 210693
4558 211212
4559 211028
4560 210932
4561 210788
4562 210476
4563 211134
4564 210061
4565 210863
4566 210224
4567 209743
4568 210289
4569 209860
4570 209046
4571 209770
4572 209375
4573 209256
4574 208943
4575 209307
4576 209970
4577 209524
4578 208832
4579 209119
4580 208781
4581 208567
4582 208832
4583 208469
4584 208511
4585 208408
4586 208174
4587 208809
4588 208062
4589 208494
4590 208844
4591 208178
4592 207703
4593 207502
4594 208155
4595 208040
4596 207863
4597 207967
4598 207736
4599 207704
4600 207989
4601 208135
4602 207742
4603 208152
4604 208113
4605 207617
4606 208158
4607 208022
4608 207792
4609 207968
4610 207476
4611 208104
4612 207613
4613 207765
4614 208116
4615 207360
4616 207827
4617 207375
4618 207581
4619 207613
4620 207696
4621 207386
4622 207596
4623 207545
4624 207252
4625 207656
4626 207238
4627 207934
4628 207670
4629 207917
4630 207588
4631 207377
4632 207618
4633 207540
4634 207200
4635 207708
4636 207582
4637 207036
4638 206812
4639 207531
4640 207831
4641 207480
4642 207184
4643 207316
4644 207615
4645 207202
4646 207355
4647 207595
4648 206692
4649 207574
4650 207375
4651 206971
4652 207766
4653 207186
4654 207488
4655 207595
4656 207764
4657 207285
4658 207887
4659 207447
4660 207445
4661 207644
4662 207590
4663 207723
4664 207462
4665 207679
4666 208578
4667 207719
4668 207380
4669 208193
4670 207303
4671 208271
4672 207929
4673 208120
4674 207322
4675 207649
4676 207816
4677 207740
4678 208025
4679 208395
4680 208297
4681 207774
4682 208121
4683 207989
4684 208449
4685 208324
4686 208236
4687 207487
4688 208588
4689 208154
4690 208306
4691 208699
4692 208637
4693 208075
4694 208634
4695 208783
4696 208050
4697 208156
4698 208035
4699 207933
4700 208338
4701 208067
4702 208488
4703 208407
4704 207953
4705 208181
4706 207971
4707 207856
4708 207541
4709 207931
4710 208146
4711 208155
4712 208201
4713 207909
4714 207904
4715 208580
4716 208490
4717 207634
4718 207387
4719 207999
4720 207861
4721 207724
4722 207688
4723 207958
4724 207551
4725 208085
4726 208189
4727 208545
4728 207748
4729 207766
4730 208354
4731 207935
4732 208115
4733 207889
4734 208225
4735 208005
4736 207422
4737 208095
4738 208409
4739 208361
4740 208319
4741 208031
4742 208378
4743 208088
4744 208728
4745 208632
4746 208260
4747 208010
4748 208239
4749 208318
4750 208539
4751 208063
4752 208534
4753 208370
4754 207913
4755 208046
4756 208480
4757 208190
4758 208333
4759 208734
4760 208344
4761 208157
4762 207978
4763 208146
4764 208980
4765 208438
4766 208510
4767 208145
4768 208466
4769 208393
4770 208637
4771 208578
4772 208594
4773 208415
4774 208385
4775 208614
4776 208709
4777 208761
4778 208355
4779 208575
4780 208395
4781 209025
4782 208672
4783 208681
4784 208983
4785 209077
4786 208468
4787 208778
4788 208207
4789 208467
4790 208416
4791 208476
4792 208943
4793 208752
4794 208806
4795 208332
4796 208457
4797 208088
4798 208560
4799 208224
4800 208322
4801 208645
4802 208760
4803 208009
4804 208033
4805 208539
4806 208561
4807 208363
4808 208337
4809 208551
4810 208736
4811 208624
4812 208625
4813 208531
4814 207826
4815 208886
4816 208828
4817 207911
4818 208589
4819 208407
4820 208723
4821 208480
4822 208706
4823 208623
4824 208661
4825 208784
4826 208634
4827 208491
4828 209035
4829 208710
4830 208711
4831 208253
4832 208606
4833 208069
4834 208518
4835 208320
4836 208595
4837 208419
4838 208568
4839 208892
4840 208723
4841 208840
4842 208090
4843 208230
4844 208940
4845 208852
4846 207926
4847 208391
4848 208922
4849 208475
4850 208253
4851 208510
4852 208488
4853 208050
4854 207920
4855 208627
4856 208094
4857 207675
4858 208057
4859 208006
4860 208130
4861 208487
4862 207579
4863 207970
4864 208498
4865 208128
4866 207936
4867 207508
4868 208242
4869 208134
4870 207884
4871 207457
4872 208408
4873 208334
4874 208552
4875 208081
4876 208636
4877 208606
4878 208121
4879 208023
4880 208332
4881 208156
4882 208361
4883 209075
4884 208766
4885 208352
4886 208049
4887 207835
4888 207824
4889 208185
4890 208552
4891 208372
4892 208488
4893 208341
4894 207991
4895 208379
4896 208004
4897 208668
4898 208921
4899 208578
4900 208430
4901 208090
4902 208144
4903 208595
4904 208166
4905 208474
4906 208178
4907 207998
4908 208009
4909 208604
4910 207847
4911 208355
4912 208132
4913 207945
4914 207944
4915 208118
4916 207977
4917 208423
4918 207568
4919 207901
4920 208056
4921 207926
4922 208032
4923 208383
4924 207645
4925 207773
4926 207690
4927 208034
4928 207762
4929 207919
4930 207765
4931 207870
4932 207825
4933 208087
4934 207472
4935 207670
4936 208177
4937 208209
4938 208110
4939 207845
4940 207570
4941 208071
4942 207963
4943 207725
4944 207906
4945 207985
4946 207788
4947 207910
4948 207701
4949 207954
4950 207537
4951 208071
4952 208140
4953 208381
4954 208358
4955 208163
4956 207866
4957 207906
4958 207907
4959 208229
4960 207946
4961 208170
4962 207794
4963 207915
4964 208377
4965 207770
4966 208291
4967 208397
4968 208533
4969 207769
4970 208583
4971 208376
4972 208255
4973 208032
4974 208643
4975 207755
4976 208092
4977 208294
4978 207821
4979 208008
4980 208144
4981 208300
4982 207932
4983 208486
4984 208364
4985 208301
4986 208433
4987 208383
4988 207836
4989 208393
4990 208501
4991 208362
4992 208149
4993 208661
4994 208007
4995 208312
4996 208454
4997 207957
4998 208004
4999 208596
5000 207906
5001 208054
5002 208270
5003 207893
5004 208264
5005 208302
5006 208159
5007 208077
5008 208351
5009 208147
5010 208407
5011 208031
5012 208252
5013 208421
5014 208480
5015 208262
5016 208319
5017 208119
5018 208534
5019 208224
5020 208575
5021 208123
5022 208052
5023 208473
5024 207818
5025 208695
5026 208234
5027 208729
5028 208649
5029 207945
5030 208470
5031 208246
5032 208321
5033 208418
5034 208554
5035 208416
5036 207845
5037 208609
5038 208724
5039 208888
5040 208571
5041 208913
5042 208566
5043 208193
5044 208802
5045 208563
5046 208833
5047 208776
5048 208418
5049 208896
5050 208668
5051 209272
5052 208444
5053 208744
5054 209043
5055 209291
5056 209553
5057 208846
5058 209063
5059 209087
5060 209660
5061 209176
5062 209433
5063 209095
5064 209359
5065 209557
5066 209778
5067 209339
5068 209771
5069 209914
5070 209215
5071 209368
5072 209622
5073 210234
5074 210354
5075 210755
5076 209975
5077 210423
5078 210777
5079 210646
5080 211153
5081 210761
5082 211482
5083 210767
5084 211017
5085 210882
5086 211496
5087 211317
5088 210911
5089 211728
5090 210839
5091 211881
5092 211951
5093 212009
5094 212423
5095 212152
5096 212272
5097 212063
5098 212190
5099 211990
5100 212575
5101 212430
5102 212214
5103 212610
5104 212259
5105 211948
5106 212122
5107 211881
5108 212169
5109 211765
5110 211989
5111 211741
5112 211540
5113 211367
5114 211392
5115 210602
5116 211232
5117 210700
5118 210897
5119 209972
5120 210380
5121 210271
5122 210158
5123 209833
5124 209417
5125 209898
5126 209408
5127 210008
5128 209270
5129 209345
5130 208817
5131 209377
5132 209452
5133 209142
5134 209158
5135 208753
5136 208897
5137 209027
5138 208856
5139 208667
5140 208427
5141 208034
5142 208644
5143 209133
5144 208183
5145 208338
5146 208629
5147 208778
5148 208193
5149 208308
5150 208245
5151 208248
5152 207976
5153 208247
5154 207991
5155 208118
5156 208133
5157 207867
5158 208409
5159 208267
5160 208009
5161 207513
5162 207489
5163 208019
5164 207829
5165 207891
5166 207548
5167 207913
5168 208002
5169 207848
5170 207489
5171 207806
5172 207991
5173 207454
5174 207931
5175 207713
5176 207362
5177 207514
5178 207764
5179 207288
5180 207290
5181 207160
5182 207560
5183 207720
5184 207174
5185 207389
5186 207099
5187 207806
5188 207707
5189 207676
5190 207237
5191 207078
5192 207253
5193 207253
5194 207700
5195 207364
5196 207322
5197 207590
5198 207606
5199 207248
5200 207403
5201 207334
5202 207663
5203 207166
5204 207155
5205 207261
5206 207827
5207 206792
5208 207340
5209 207030
5210 207541
5211 207883
5212 206949
5213 207086
5214 207250
5215 206903
5216 207490
5217 207010
5218 207215
5219 207075
5220 207272
5221 207439
5222 207672
5223 207220
5224 207331
5225 207243
5226 207420
5227 207033
5228 206970
5229 207668
5230 207010
5231 207735
5232 207450
5233 207505
5234 207429
5235 207606
5236 207081
5237 207338
5238 207253
5239 207272
5240 207227
5241 207628
5242 207364
5243 207302
5244 206944
5245 207236
5246 207564
5247 206922
5248 207063
5249 207273
5250 207449
5251 207535
5252 207672
5253 207743
5254 207381
5255 207443
5256 207134
5257 207197
5258 206673
5259 206823
5260 206995
5261 206891
5262 207517
5263 207369
5264 206833
5265 207289
5266 207286
5267 207204
5268 206754
5269 207263
5270 207275
5271 207000
5272 207348
5273 206926
5274 206858
5275 206722
5276 207235
5277 207016
5278 207324
5279 207532
5280 207467
5281 207273
5282 206719
5283 207286
5284 207111
5285 206882
5286 206706
5287 206710
5288 207233
5289 207100
5290 207084
5291 206830
5292 207020
5293 207423
5294 206720
5295 206820
5296 206629
5297 206494
5298 207035
5299 206809
5300 206869
5301 206711
5302 207016
5303 206797
5304 207299
5305 206560
5306 206931
5307 206864
5308 206262
5309 206783
5310 206491
5311 206675
5312 206515
5313 206532
5314 206526
5315 206975
5316 206051
5317 207041
5318 207108
5319 206184
5320 206484
5321 206573
5322 206741
5323 206420
5324 206384
5325 206851
5326 206939
5327 207101
5328 206586
5329 205968
5330 206151
5331 206803
5332 206728
5333 206950
5334 206534
5335 206932
5336 206412
5337 206659
5338 206278
5339 206597
5340 205963
5341 206763
5342 206720
5343 206690
5344 206295
5345 206708
5346 206264
5347 206472
5348 206566
5349 206420
5350 206397
5351 206583
5352 206724
5353 206371
5354 207080
5355 206751
5356 206465
5357 206948
5358 206689
5359 206518
5360 206400
5361 206776
5362 206787
5363 207139
5364 207012
5365 206434
5366 206726
5367 206577
5368 207086
5369 206411
5370 206750
5371 206309
5372 206808
5373 206691
5374 206860
5375 206879
5376 206325
5377 206697
5378 206664
5379 206831
5380 206952
5381 206457
5382 206748
5383 206628
5384 206371
5385 206737
5386 206850
5387 206779
5388 207028
5389 206558
5390 206547
5391 206872
5392 206801
5393 207132
5394 206673
5395 206699
5396 206745
5397 206697
5398 207249
5399 207058
5400 206879
5401 206455
5402 206683
5403 206667
5404 206882
5405 206864
5406 206480
5407 206651
5408 206889
5409 207451
5410 206977
5411 206687
5412 206719
5413 207214
5414 207451
5415 206841
5416 206842
5417 207289
5418 206900
5419 206971
5420 207207
5421 207532
5422 207089
5423 207498
5424 207342
5425 207270
5426 207185
5427 207366
5428 207825
5429 207415
5430 207516
5431 207418
5432 207367
5433 207158
5434 207792
5435 207340
5436 207207
5437 207304
5438 207541
5439 207599
5440 207830
5441 207686
5442 208131
5443 207838
5444 207831
5445 207834
5446 207638
5447 207250
5448 207738
5449 207910
5450 207953
5451 207492
5452 207365
5453 207982
5454 207795
5455 207638
5456 207701
5457 207616
5458 208187
5459 207376
5460 207704
5461 207879
5462 207973
5463 208194
5464 207729
5465 208347
5466 207574
5467 207646
5468 207641
5469 207130
5470 207822
5471 207186
5472 207479
5473 208237
5474 207420
5475 208309
5476 208404
5477 207810
5478 207632
5479 208019
5480 207583
5481 208052
5482 207790
5483 207870
5484 207770
5485 207981
5486 207334
5487 207705
5488 208029
5489 207608
5490 207771
5491 207898
5492 207844
5493 208125
5494 208046
5495 207927
5496 208275
5497 208676
5498 208555
5499 208095
5500 208615
5501 208788
5502 208494
5503 208151
5504 208474
5505 208481
5506 208803
5507 208733
5508 209019
5509 208996
5510 208837
5511 208684
5512 208293
5513 208834
5514 209518
5515 209180
5516 209217
5517 208904
5518 209444
5519 209426
5520 209026
5521 209161
5522 208713
5523 209329
5524 209404
5525 209879
5526 209787
5527 209645
5528 209854
5529 210207
5530 210098
5531 210423
5532 210501
5533 210822
5534 210315
5535 210698
5536 210869
5537 211136
5538 211319
5539 211139
5540 211060
5541 212181
5542 211823
5543 211664
5544 212218
5545 212092
5546 212084
5547 212598
5548 212572
5549 212069
5550 212527
5551 213160
5552 212543
5553 212503
5554 212813
5555 212607
5556 212492
5557 212213
5558 212525
5559 212711
5560 212552
5561 212534
5562 212078
5563 212032
5564 211814
5565 211897
5566 211826
5567 211805
5568 211547
5569 211354
5570 211297
5571 211056
5572 210853
5573 210806
5574 210791
5575 210834
5576 210310
5577 210905
5578 210436
5579 210689
5580 210448
5581 210139
5582 210258
5583 209872
5584 209537
5585 209394
5586 209352
5587 210085
5588 209613
5589 209525
5590 209388
5591 209480
5592 209193
5593 209135
5594 209027
5595 209283
5596 209046
5597 209278
5598 208648
5599 209340
5600 208850
5601 209167
5602 208876
5603 209169
5604 209486
5605 208773
5606 208588
5607 208842
5608 209002
5609 208737
5610 208817
5611 208288
5612 208701
5613 209085
5614 208880
5615 208318
5616 208361
5617 207880
5618 208281
5619 208359
5620 208743
5621 208057
5622 208814
5623 208504
5624 208567
5625 208296
5626 208081
5627 208428
5628 208186
5629 207879
5630 208491
5631 208154
5632 208418
5633 208301
5634 209012
5635 208582
5636 208388
5637 208509
5638 207966
5639 208932
5640 208159
5641 207646
5642 208120
5643 208500
5644 208143
5645 208338
5646 208906
5647 208197
5648 208210
5649 208356
5650 208472
5651 208070
5652 208225
5653 208308
5654 208128
5655 208251
5656 208168
5657 207905
5658 207940
5659 208305
5660 208394
5661 207896
5662 207719
5663 208137
5664 208491
5665 208135
5666 208371
5667 208216
5668 208149
5669 208037
5670 208222
5671 208547
5672 208330
5673 208318
5674 208793
5675 208319
5676 208141
5677 208408
5678 207704
5679 208164
5680 208239
5681 207937
5682 208115
5683 208131
5684 207816
5685 208278
5686 208293
5687 208224
5688 208609
5689 207786
5690 208235
5691 208400
5692 208307
5693 208385
5694 208389
5695 208381
5696 208109
5697 207813
5698 207929
5699 207824
5700 207961
5701 207961
5702 208207
5703 208822
5704 208424
5705 208355
5706 208503
5707 208361
5708 208212
5709 208172
5710 208280
5711 208500
5712 208516
5713 208068
5714 208652
5715 208244
5716 208286
5717 208637
5718 208457
5719 207942
5720 208100
5721 209052
5722 208062
5723 208095
5724 208251
5725 208592
5726 208680
5727 208564
5728 208667
5729 208766
5730 208291
5731 208308
5732 208492
5733 208619
5734 209009
5735 207969
5736 208291
5737 208106
5738 208457
5739 208266
5740 208673
5741 208340
5742 208542
5743 208427
5744 208538
5745 208617
5746 208423
5747 209659
5748 208355
5749 208781
5750 208756
5751 208836
5752 208178
5753 208549
5754 208543
5755 208759
5756 208925
5757 208744
5758 209191
5759 208634
5760 207902
5761 208758
5762 208503
5763 208689
5764 208797
5765 208549
5766 208706
5767 208238
5768 208644
5769 208623
5770 208355
5771 208150
5772 208618
5773 208854
5774 208674
5775 208356
5776 208578
5777 208640
5778 208397
5779 208435
5780 208543
5781 208788
5782 208542
5783 209222
5784 208847
5785 208835
5786 208566
5787 208225
5788 208511
5789 209005
5790 208659
5791 208450
5792 208826
5793 208435
5794 208648
5795 208693
5796 209029
5797 208398
5798 208611
5799 208766
5800 208668
5801 208458
5802 208729
5803 208524
5804 208691
5805 208907
5806 208842
5807 208713
5808 208571
5809 208460
5810 208646
5811 208358
5812 208938
5813 208433
5814 209034
5815 208896
5816 208644
5817 208744
5818 208491
5819 209019
5820 208478
5821 208979
5822 209283
5823 208741
5824 209061
5825 208828
5826 208585
5827 208947
5828 209196
5829 209131
5830 208916
5831 208273
5832 208770
5833 208823
5834 208792
5835 208828
5836 209114
5837 208723
5838 208700
5839 209316
5840 208794
5841 208765
5842 208887
5843 209142
5844 208723
5845 208884
5846 208872
5847 208803
5848 208845
5849 209019
5850 208810
5851 209415
5852 208992
5853 209332
5854 208849
5855 208829
5856 209155
5857 208994
5858 208778
5859 208824
5860 208550
5861 208843
5862 208769
5863 208456
5864 208660
5865 208830
5866 208502
5867 208536
5868 209174
5869 208600
5870 208768
5871 209011
5872 208404
5873 208332
5874 209180
5875 208737
5876 209074
5877 208859
5878 208314
5879 209151
5880 208752
5881 208843
5882 208622
5883 209266
5884 208491
5885 208833
5886 208391
5887 208518
5888 208536
5889 209246
5890 208943
5891 208965
5892 208820
5893 208640
5894 208845
5895 208577
5896 208562
5897 208667
5898 208529
5899 208363
5900 209102
5901 208621
5902 208577
5903 208725
5904 208970
5905 208926
5906 209655
5907 208309
5908 208934
5909 209050
5910 208916
5911 208994
5912 208672
5913 208772
5914 208576
5915 208450
5916 208979
5917 208378
5918 208261
5919 208560
5920 208993
5921 208975
5922 208692
5923 209012
5924 208928
5925 208599
5926 208738
5927 208990
5928 208362
5929 208870
5930 208939
5931 208690
5932 208708
5933 208640
5934 208483
5935 208285
5936 208684
5937 208612
5938 208453
5939 208642
5940 208032
5941 208724
5942 208339
5943 208312
5944 208363
5945 208903
5946 208694
5947 208624
5948 208299
5949 208538
5950 208340
5951 208580
5952 208678
5953 208468
5954 209125
5955 208903
5956 208944
5957 209274
5958 208804
5959 209205
5960 208746
5961 208898
5962 208792
5963 208626
5964 209116
5965 208670
5966 209027
5967 208583
5968 208562
5969 208431
5970 208784
5971 208633
5972 208956
5973 208548
5974 208624
5975 208792
5976 208642
5977 208540
5978 208929
5979 208844
5980 208867
5981 208773
5982 208161
5983 208676
5984 208596
5985 208735
5986 208697
5987 208832
5988 208721
5989 209378
5990 208713
5991 208931
5992 208887
5993 208890
5994 208418
5995 208400
5996 208610
5997 208733
5998 208049
5999 208604
6000 208436
6001 208950
6002 208649
6003 209118
6004 208611
6005 208950
6006 208388
6007 209007
6008 208743
6009 209077
6010 208580
6011 209308
6012 208844
6013 208712
6014 208561
6015 208528
6016 209158
6017 208560
6018 208734
6019 208217
6020 208295
6021 208545
6022 208004
6023 208670
6024 208390
6025 208511
6026 209475
6027 208492
6028 208787
6029 208668
6030 208932
6031 208671
6032 208861
6033 209119
6034 208539
6035 209045
6036 208727
6037 208189
6038 208778
6039 208509
6040 208795
6041 208461
6042 209199
6043 208704
6044 209020
6045 209024
6046 208946
6047 209078
6048 209249
6049 208866
6050 209264
6051 209406
6052 209325
6053 209249
6054 208545
6055 209211
6056 208744
6057 208823
6058 209004
6059 209043
6060 209318
6061 209214
6062 209358
6063 209667
6064 209447
6065 209535
6066 208949
6067 209556
6068 209922
6069 209165
6070 209889
6071 209758
6072 210081
6073 209631
6074 210302
6075 210082
6076 210324
6077 210127
6078 209936
6079 210354
6080 210287
6081 210648
6082 210235
6083 210967
6084 210575
6085 210643
6086 211221
6087 211403
6088 211664
6089 212004
6090 211852
6091 211425
6092 211888
6093 212343
6094 211887
6095 211926
6096 212609
6097 212856
6098 212639
6099 213447
6100 212914
6101 213019
6102 213109
6103 213086
6104 213241
