H11890
GateTime 10
GateNumber 0
SN 30430302
0 207769
1 206875
2 207021
3 207336
4 206856
5 206989
6 206990
7 207054
8 207135
9 207037
10 207476
11 207344
12 207053
13 207031
14 207810
15 207118
16 207170
17 207238
18 206836
19 207367
20 207363
21 206874
22 206926
23 207189
24 207608
25 207367
26 207211
27 206822
28 207301
29 207165
30 206889
31 207104
32 207118
33 206865
34 207137
35 207328
36 207402
37 207332
38 207185
39 206631
40 207473
41 207033
42 207310
43 207029
44 206911
45 206803
46 206872
47 207468
48 207046
49 207342
50 206457
51 207111
52 207362
53 207106
54 206974
55 206955
56 207414
57 207099
58 206779
59 207471
60 207256
61 206931
62 207107
63 207049
64 207021
65 206773
66 207074
67 207567
68 207108
69 207009
70 206904
71 207267
72 207000
73 207071
74 206943
75 207274
76 207064
77 207551
78 207145
79 206931
80 207020
81 206961
82 206783
83 206937
84 207390
85 207702
86 207308
87 207383
88 207026
89 207638
90 206782
91 207492
92 207628
93 207627
94 206953
95 207481
96 207980
97 207239
98 207651
99 207809
100 208047
101 207795
102 208089
103 208212
104 208165
105 208369
106 208833
107 208686
108 208672
109 208535
110 208836
111 208642
112 208879
113 208980
114 209126
115 209262
116 209355
117 209181
118 209868
119 209597
120 209889
121 210040
122 209646
123 210404
124 210112
125 209786
126 210257
127 210179
128 210019
129 210133
130 209655
131 210106
132 210543
133 209648
134 210013
135 209613
136 210199
137 209361
138 209961
139 209382
140 209644
141 209575
142 209242
143 209111
144 209140
145 209516
146 209100
147 208829
148 208856
149 208567
150 209034
151 208973
152 208694
153 208418
154 208823
155 208022
156 208042
157 207835
158 208572
159 208269
160 208144
161 207765
162 208395
163 208057
164 207879
165 208045
166 207850
167 207777
168 207676
169 207434
170 207307
171 207667
172 208438
173 207999
174 207759
175 207599
176 207619
177 206983
178 207398
179 207873
180 206390
181 206663
182 206688
183 206844
184 207082
185 206741
186 207348
187 206841
188 207062
189 207023
190 206620
191 207255
192 207215
193 206824
194 206815
195 206950
196 206775
197 206917
198 207174
199 206429
200 206434
201 206721
202 206661
203 206751
204 206840
205 206350
206 206377
207 206346
208 206377
209 206255
210 206268
211 206156
212 206015
213 206144
214 206235
215 205915
216 206523
217 206305
218 206470
219 206657
220 206130
221 206309
222 206132
223 206198
224 206338
225 206527
226 205883
227 205585
228 205923
229 206193
230 206290
231 206474
232 206132
233 206128
234 206233
235 206048
236 206040
237 205542
238 205759
239 205999
240 206024
241 206191
242 206073
243 205963
244 205856
245 205778
246 205640
247 205548
248 206092
249 205823
250 206355
251 205651
252 206097
253 205878
254 206150
255 206189
256 206078
257 205953
258 205363
259 206232
260 206502
261 205357
262 206077
263 206161
264 205674
265 206202
266 205248
267 205890
268 206249
269 205883
270 205530
271 206441
272 205889
273 206017
274 205706
275 205782
276 205634
277 205849
278 205738
279 206224
280 205545
281 206057
282 205372
283 205442
284 205987
285 205746
286 205755
287 205612
288 205974
289 206226
290 205615
291 205698
292 205780
293 205253
294 206205
295 205480
296 205362
297 205823
298 205766
299 205480
300 205345
301 205699
302 205748
303 205801
304 205550
305 205718
306 206139
307 205524
308 205582
309 205341
310 205367
311 205757
312 205852
313 205528
314 205463
315 205368
316 205507
317 205459
318 205693
319 205215
320 205737
321 205484
322 205656
323 205267
324 205153
325 205530
326 205548
327 205028
328 204838
329 205562
330 205220
331 205408
332 204928
333 205195
334 205414
335 205809
336 205022
337 205020
338 205211
339 204882
340 205115
341 205248
342 205237
343 205366
344 205605
345 205483
346 204859
347 205392
348 205630
349 205806
350 205219
351 205658
352 205615
353 205745
354 204988
355 205361
356 205143
357 205204
358 205539
359 204801
360 205114
361 205497
362 204975
363 204715
364 205219
365 204920
366 205065
367 204821
368 205589
369 205849
370 204908
371 205157
372 205363
373 205161
374 205208
375 205202
376 205345
377 204651
378 205018
379 204796
380 205199
381 204785
382 205177
383 205232
384 205003
385 205716
386 204994
387 204975
388 205390
389 205138
390 205037
391 205285
392 205129
393 204792
394 205456
395 204824
396 205132
397 205062
398 205625
399 205544
400 205375
401 205042
402 205603
403 205240
404 205325
405 205197
406 205045
407 205136
408 205745
409 205173
410 204979
411 204928
412 205262
413 205562
414 205678
415 204925
416 205714
417 205396
418 205381
419 205083
420 205246
421 205476
422 205456
423 205259
424 205570
425 205812
426 205004
427 204836
428 205458
429 205405
430 205697
431 205826
432 205299
433 205627
434 205479
435 205262
436 205635
437 205093
438 205060
439 205604
440 205364
441 205572
442 205221
443 205396
444 205288
445 205498
446 205145
447 205415
448 205804
449 205011
450 205651
451 205949
452 205377
453 205458
454 205679
455 205190
456 205373
457 205448
458 205805
459 205566
460 206157
461 205646
462 205562
463 205488
464 205298
465 205332
466 205859
467 205821
468 205992
469 205563
470 206147
471 205988
472 205745
473 206048
474 205824
475 205828
476 205924
477 205997
478 205668
479 205846
480 205743
481 206174
482 206059
483 205345
484 206043
485 205813
486 205996
487 205675
488 206096
489 206176
490 206105
491 206196
492 205781
493 205680
494 206088
495 206589
496 206274
497 206354
498 205704
499 206088
500 206515
501 206022
502 205694
503 206281
504 206295
505 206511
506 206671
507 206392
508 206205
509 205867
510 206096
511 206355
512 206226
513 206405
514 206839
515 206565
516 206102
517 206413
518 206756
519 206817
520 206636
521 206358
522 206171
523 206571
524 206662
525 206668
526 206129
527 206392
528 207057
529 206704
530 206509
531 207124
532 207102
533 206843
534 207038
535 206993
536 206965
537 206888
538 206792
539 207271
540 207048
541 207670
542 207454
543 207488
544 207099
545 207107
546 207350
547 207670
548 207264
549 207428
550 207284
551 207361
552 207674
553 207334
554 208193
555 207212
556 207138
557 207595
558 207793
559 207400
560 207543
561 207680
562 207944
563 208049
564 208179
565 208380
566 207820
567 207453
568 208378
569 208359
570 208368
571 208237
572 208769
573 208632
574 208575
575 209283
576 208944
577 209137
578 209252
579 209272
580 209747
581 209385
582 209148
583 209941
584 209765
585 209651
586 209948
587 210361
588 210045
589 210418
590 210258
591 210408
592 210210
593 209990
594 210330
595 210239
596 210655
597 210243
598 210437
599 210009
600 209488
601 209776
602 210013
603 210272
604 209817
605 209841
606 209790
607 209137
608 209342
609 208869
610 208946
611 209282
612 209228
613 208629
614 208682
615 208616
616 208405
617 208321
618 208463
619 207899
620 207956
621 208498
622 208113
623 208475
624 208338
625 207822
626 207921
627 207418
628 207779
629 207889
630 208276
631 207836
632 207621
633 207359
634 207770
635 207414
636 207617
637 207247
638 207331
639 207262
640 207001
641 207386
642 207083
643 207336
644 207167
645 207238
646 207364
647 207157
648 207120
649 207496
650 207260
651 207026
652 207292
653 206856
654 206964
655 206829
656 207355
657 207181
658 207414
659 206905
660 206966
661 206793
662 207454
663 207040
664 207117
665 207358
666 206718
667 206993
668 207527
669 206979
670 207122
671 206957
672 206953
673 207052
674 206829
675 207371
676 206997
677 206746
678 206944
679 207378
680 206949
681 206987
682 206963
683 207232
684 206768
685 207031
686 206494
687 206709
688 207223
689 206920
690 207561
691 207018
692 207191
693 207029
694 207298
695 207042
696 206948
697 207319
698 207180
699 206627
700 206615
701 206830
702 207052
703 207611
704 207477
705 206941
706 206988
707 207049
708 207334
709 207507
710 207385
711 207475
712 207370
713 207606
714 207042
715 206866
716 207051
717 206879
718 207403
719 207048
720 207020
721 207415
722 206994
723 207101
724 207382
725 207003
726 207914
727 207108
728 207495
729 207170
730 207668
731 207316
732 206949
733 207457
734 207505
735 207693
736 207215
737 207045
738 207404
739 207562
740 207268
741 207277
742 207775
743 208185
744 208141
745 207781
746 207910
747 207855
748 207645
749 207815
750 208273
751 207421
752 207895
753 208021
754 207667
755 207778
756 207451
757 207697
758 208071
759 207382
760 207967
761 207919
762 207845
763 207516
764 207321
765 207867
766 207447
767 207680
768 207527
769 207752
770 207641
771 207134
772 207703
773 207003
774 207445
775 207474
776 206806
777 207616
778 207372
779 207013
780 207359
781 207665
782 207589
783 207047
784 207423
785 207506
786 207361
787 207718
788 207189
789 207517
790 208214
791 207531
792 207287
793 207259
794 207433
795 207503
796 207243
797 207381
798 207123
799 207723
800 207628
801 207490
802 207483
803 207441
804 207706
805 207057
806 207337
807 207803
808 207529
809 206968
810 207096
811 207810
812 207387
813 207393
814 207560
815 207911
816 207582
817 207884
818 207428
819 207057
820 207764
821 207668
822 207831
823 207502
824 207266
825 208101
826 207623
827 207474
828 208023
829 207948
830 207538
831 207611
832 207583
833 208193
834 207868
835 207097
836 207725
837 207978
838 207866
839 208278
840 207716
841 208202
842 207239
843 208081
844 207755
845 208063
846 208608
847 207957
848 207838
849 207839
850 207928
851 208227
852 207871
853 208465
854 207854
855 207787
856 207819
857 207950
858 208201
859 207168
860 207735
861 207665
862 208604
863 208397
864 207640
865 208064
866 207968
867 207850
868 207320
869 207935
870 207490
871 207756
872 208018
873 208350
874 208057
875 207553
876 207978
877 207850
878 208149
879 208086
880 208052
881 207766
882 207656
883 208274
884 208092
885 207686
886 208158
887 207884
888 207908
889 207834
890 208312
891 208433
892 208026
893 208232
894 208107
895 207737
896 207613
897 208163
898 207998
899 207254
900 208070
901 207820
902 207444
903 207591
904 207754
905 208012
906 207955
907 207751
908 207905
909 207908
910 207329
911 207815
912 207756
913 207584
914 207832
915 207830
916 207579
917 207382
918 207628
919 207571
920 206850
921 207625
922 207303
923 207795
924 207327
925 207745
926 208034
927 207816
928 207724
929 207578
930 207395
931 207546
932 207932
933 207440
934 207299
935 207600
936 207731
937 207883
938 207504
939 207633
940 207524
941 207457
942 207740
943 207364
944 207025
945 207542
946 207884
947 207052
948 207776
949 207116
950 207779
951 207231
952 207576
953 207457
954 207857
955 207400
956 207842
957 207703
958 207405
959 207801
960 207457
961 207709
962 207672
963 207143
964 207482
965 207039
966 207768
967 207826
968 207491
969 207537
970 207511
971 207851
972 207656
973 207661
974 207553
975 207455
976 207483
977 206936
978 208047
979 207517
980 207215
981 207335
982 207234
983 206879
984 207378
985 207737
986 207165
987 207485
988 207461
989 207606
990 207034
991 207276
992 207354
993 207345
994 206730
995 207218
996 207136
997 207726
998 207275
999 207453
1000 207390
1001 207628
1002 207300
1003 207027
1004 207738
1005 207153
1006 207405
1007 207517
1008 207169
1009 207337
1010 207138
1011 207401
1012 206915
1013 207306
1014 207460
1015 207224
1016 207292
1017 207205
1018 207670
1019 206626
1020 207597
1021 207394
1022 207000
1023 207440
1024 206997
1025 207253
1026 207238
1027 206876
1028 207268
1029 206972
1030 207648
1031 207251
1032 207540
1033 207350
1034 207591
1035 207028
1036 207366
1037 206843
1038 207015
1039 207084
1040 206545
1041 206865
1042 207153
1043 207185
1044 207226
1045 207279
1046 207495
1047 207378
1048 207302
1049 207273
1050 207200
1051 207491
1052 207660
1053 206863
1054 207062
1055 207037
1056 207342
1057 206985
1058 206801
1059 207636
1060 207239
1061 207025
1062 207477
1063 206868
1064 207298
1065 207005
1066 206900
1067 206800
1068 207645
1069 207935
1070 207442
1071 207489
1072 207604
1073 207329
1074 207202
1075 208409
1076 207533
1077 207509
1078 207314
1079 207630
1080 207455
1081 207402
1082 207871
1083 207787
1084 207816
1085 207694
1086 208181
1087 206777
1088 207620
1089 207986
1090 207944
1091 207563
1092 208262
1093 208205
1094 208055
1095 208339
1096 208229
1097 208290
1098 207656
1099 208008
1100 208368
1101 208549
1102 208476
1103 209255
1104 208424
1105 208534
1106 209172
1107 208520
1108 209496
1109 208973
1110 209296
1111 209740
1112 209027
1113 209179
1114 209587
1115 209559
1116 210037
1117 210400
1118 209524
1119 210127
1120 209989
1121 210021
1122 210531
1123 210662
1124 210407
1125 210618
1126 210596
1127 210628
1128 210446
1129 211146
1130 210799
1131 210600
1132 210824
1133 210538
1134 210848
1135 210692
1136 210047
1137 210334
1138 210182
1139 210232
1140 210715
1141 210034
1142 210424
1143 210358
1144 209876
1145 209869
1146 210241
1147 209658
1148 209631
1149 209281
1150 209852
1151 209389
1152 209562
1153 209275
1154 209712
1155 209417
1156 209217
1157 209747
1158 209984
1159 209212
1160 209501
1161 209191
1162 209314
1163 209465
1164 208917
1165 209467
1166 209130
1167 209503
1168 208954
1169 208550
1170 208584
1171 208216
1172 208773
1173 209087
1174 208425
1175 208871
1176 208995
1177 208693
1178 208761
1179 207939
1180 208548
1181 208611
1182 208289
1183 208582
1184 208457
1185 208118
1186 208256
1187 208763
1188 207984
1189 208346
1190 207873
1191 208421
1192 208095
1193 207728
1194 208192
1195 207985
1196 207949
1197 207593
1198 208099
1199 207890
1200 207694
1201 207933
1202 207320
1203 207748
1204 208090
1205 207578
1206 207654
1207 207297
1208 207830
1209 207789
1210 207392
1211 207321
1212 207582
1213 206994
1214 207301
1215 207664
1216 207325
1217 207667
1218 206832
1219 207008
1220 207332
1221 207302
1222 206622
1223 207496
1224 207417
1225 206996
1226 207494
1227 207094
1228 207153
1229 207067
1230 207313
1231 207187
1232 207247
1233 207631
1234 206886
1235 207227
1236 206724
1237 207361
1238 207233
1239 206760
1240 206877
1241 206817
1242 206607
1243 207080
1244 207079
1245 207237
1246 207105
1247 206902
1248 207061
1249 207437
1250 207442
1251 207070
1252 207376
1253 206782
1254 207313
1255 206882
1256 207150
1257 206878
1258 206857
1259 206898
1260 207282
1261 206692
1262 207267
1263 206929
1264 207262
1265 207150
1266 207207
1267 207265
1268 207511
1269 207567
1270 207573
1271 207332
1272 206948
1273 207792
1274 207101
1275 207386
1276 206984
1277 207836
1278 207883
1279 206865
1280 207751
1281 207254
1282 207348
1283 207425
1284 207509
1285 207182
1286 207489
1287 206975
1288 207537
1289 207044
1290 207561
1291 207364
1292 207324
1293 207445
1294 207710
1295 207735
1296 207150
1297 206388
1298 207323
1299 207619
1300 206924
1301 207748
1302 207596
1303 207388
1304 207442
1305 206923
1306 207397
1307 207546
1308 207020
1309 207163
1310 206643
1311 207044
1312 206953
1313 207358
1314 207017
1315 207204
1316 207836
1317 207735
1318 207752
1319 207241
1320 207178
1321 207133
1322 207736
1323 207253
1324 207788
1325 207658
1326 207361
1327 207624
1328 207528
1329 208347
1330 207681
1331 207245
1332 207790
1333 207818
1334 207355
1335 207742
1336 207493
1337 207875
1338 207233
1339 208087
1340 207984
1341 207183
1342 207679
1343 207704
1344 207590
1345 207408
1346 207115
1347 207306
1348 207826
1349 207057
1350 207377
1351 207217
1352 206864
1353 207057
1354 206783
1355 207400
1356 206836
1357 207573
1358 207128
1359 207474
1360 206759
1361 207352
1362 207385
1363 207177
1364 207100
1365 206923
1366 206948
1367 206944
1368 207664
1369 206963
1370 206791
1371 207373
1372 206983
1373 206816
1374 207093
1375 206974
1376 206779
1377 206921
1378 207120
1379 207065
1380 207346
1381 207065
1382 207095
1383 206839
1384 207319
1385 207242
1386 207182
1387 207826
1388 207734
1389 207256
1390 207468
1391 207661
1392 207224
1393 207557
1394 207629
1395 207197
1396 207326
1397 207744
1398 207677
1399 207794
1400 207070
1401 207422
1402 207349
1403 207172
1404 207712
1405 207217
1406 207403
1407 207371
1408 207397
1409 207687
1410 207263
1411 207363
1412 207637
1413 207153
1414 207994
1415 207199
1416 207702
1417 207611
1418 207414
1419 207509
1420 207130
1421 207158
1422 206828
1423 207448
1424 207637
1425 207293
1426 207251
1427 207264
1428 206934
1429 206912
1430 207641
1431 206817
1432 207466
1433 207472
1434 207126
1435 207287
1436 207534
1437 207650
1438 206688
1439 207065
1440 206821
1441 207458
1442 207380
1443 207748
1444 207335
1445 207702
1446 207268
1447 207610
1448 207467
1449 207252
1450 207482
1451 207615
1452 207498
1453 207905
1454 207523
1455 207750
1456 207744
1457 207904
1458 208080
1459 208009
1460 208001
1461 207586
1462 207526
1463 207696
1464 207813
1465 208253
1466 207712
1467 207650
1468 207561
1469 207778
1470 207960
1471 207702
1472 208017
1473 207925
1474 207811
1475 207834
1476 207494
1477 207671
1478 208010
1479 207869
1480 208103
1481 208155
1482 208264
1483 207800
1484 208247
1485 208141
1486 208403
1487 208377
1488 207976
1489 207855
1490 208501
1491 207901
1492 208112
1493 207956
1494 208185
1495 208543
1496 208133
1497 208121
1498 208164
1499 208079
1500 208041
1501 208343
1502 207495
1503 207831
1504 208400
1505 208297
1506 208407
1507 208567
1508 208301
1509 208435
1510 208355
1511 208119
1512 208038
1513 208034
1514 207744
1515 208181
1516 208537
1517 208086
1518 208251
1519 208426
1520 208467
1521 208895
1522 208729
1523 208851
1524 208722
1525 208363
1526 208939
1527 208751
1528 208313
1529 208812
1530 209062
1531 208495
1532 208622
1533 208690
1534 208991
1535 209049
1536 208653
1537 208753
1538 208857
1539 209160
1540 208591
1541 208818
1542 208637
1543 209338
1544 208948
1545 208998
1546 209147
1547 208954
1548 208906
1549 209154
1550 209726
1551 209424
1552 209792
1553 209002
1554 209504
1555 209529
1556 210018
1557 209582
1558 209906
1559 209722
1560 209492
1561 209985
1562 209361
1563 209610
1564 209417
1565 209544
1566 210104
1567 210102
1568 209956
1569 210432
1570 210461
1571 210113
1572 210128
1573 210926
1574 210281
1575 210617
1576 210493
1577 210681
1578 210376
1579 210594
1580 210324
1581 210720
1582 210190
1583 210840
1584 211025
1585 210561
1586 210985
1587 211231
1588 210944
1589 211311
1590 210940
1591 211182
1592 211618
1593 211458
1594 210851
1595 210987
1596 211159
1597 210474
1598 210845
1599 210461
1600 210368
1601 211344
1602 210737
1603 211121
1604 210552
1605 210518
1606 210236
1607 210430
1608 210273
1609 210275
1610 210862
1611 210652
1612 209982
1613 210028
1614 210207
1615 209601
1616 210081
1617 209624
1618 209935
1619 209914
1620 209798
1621 209538
1622 209481
1623 209556
1624 209423
1625 209576
1626 209685
1627 209717
1628 209740
1629 209580
1630 209294
1631 209375
1632 209276
1633 209613
1634 209663
1635 208931
1636 209714
1637 209736
1638 209403
1639 209108
1640 209308
1641 209455
1642 208868
1643 209331
1644 209132
1645 209294
1646 209164
1647 209511
1648 209002
1649 209315
1650 209505
1651 209464
1652 209622
1653 209170
1654 209132
1655 209341
1656 209575
1657 208592
1658 209576
1659 209175
1660 209517
1661 209130
1662 209431
1663 209156
1664 209383
1665 209543
1666 209574
1667 209254
1668 209278
1669 208765
1670 209388
1671 208778
1672 208992
1673 209273
1674 209323
1675 209304
1676 209207
1677 209310
1678 209192
1679 209279
1680 209020
1681 209596
1682 209112
1683 208903
1684 209013
1685 209213
1686 209546
1687 209135
1688 209798
1689 209194
1690 209215
1691 209300
1692 209339
1693 209331
1694 209267
1695 209235
1696 208884
1697 209577
1698 209267
1699 209003
1700 208982
1701 209436
1702 209432
1703 209129
1704 209376
1705 209728
1706 209790
1707 209171
1708 209502
1709 209536
1710 209192
1711 209023
1712 209357
1713 209279
1714 209639
1715 208981
1716 209568
1717 209387
1718 209533
1719 209763
1720 209319
1721 209066
1722 209175
1723 209474
1724 210063
1725 209681
1726 209926
1727 209660
1728 209009
1729 209429
1730 209462
1731 209847
1732 209637
1733 209638
1734 209596
1735 210059
1736 209804
1737 209619
1738 209401
1739 209327
1740 210064
1741 209517
1742 209674
1743 209370
1744 210394
1745 209765
1746 209782
1747 209655
1748 210244
1749 209715
1750 210025
1751 210463
1752 209729
1753 210050
1754 209853
1755 210126
1756 210112
1757 209790
1758 210089
1759 209933
1760 210100
1761 209753
1762 210099
1763 210006
1764 209896
1765 209947
1766 209662
1767 210058
1768 210472
1769 210094
1770 210022
1771 210331
1772 210035
1773 209946
1774 209497
1775 210218
1776 209852
1777 210272
1778 210514
1779 210089
1780 210148
1781 210306
1782 209905
1783 210123
1784 209843
1785 210582
1786 210151
1787 209907
1788 209444
1789 209756
1790 210341
1791 210099
1792 210313
1793 210567
1794 210472
1795 210493
1796 209989
1797 210159
1798 210294
1799 210293
1800 210478
1801 210102
1802 209978
1803 210285
1804 210228
1805 210337
1806 210099
1807 210084
1808 210462
1809 210561
1810 210120
1811 210373
1812 210568
1813 210218
1814 210486
1815 210363
1816 210382
1817 210611
1818 210396
1819 210636
1820 210541
1821 210761
1822 210624
1823 210530
1824 210585
1825 211056
1826 210859
1827 210447
1828 210488
1829 211056
1830 211142
1831 210644
1832 210864
1833 211173
1834 210518
1835 210714
1836 211029
1837 210902
1838 211174
1839 210738
1840 210913
1841 210887
1842 211571
1843 211477
1844 211572
1845 211138
1846 211434
1847 211312
1848 211024
1849 210940
1850 211639
1851 211694
1852 211198
1853 211437
1854 211335
1855 211069
1856 211410
1857 211291
1858 211380
1859 211108
1860 211510
1861 211386
1862 211179
1863 211130
1864 211254
1865 211262
1866 211438
1867 211642
1868 211235
1869 210887
1870 211499
1871 211197
1872 211159
1873 211230
1874 210536
1875 210950
1876 211180
1877 211018
1878 211481
1879 210517
1880 211068
1881 211594
1882 211303
1883 210724
1884 211736
1885 210976
1886 211001
1887 211537
1888 210945
1889 211114
1890 211591
1891 211074
1892 210592
1893 211157
1894 211403
1895 211231
1896 211611
1897 211123
1898 211104
1899 211679
1900 211148
1901 210984
1902 211009
1903 211249
1904 211005
1905 211260
1906 211277
1907 211248
1908 211022
1909 211183
1910 210894
1911 211247
1912 211193
1913 210744
1914 210985
1915 210965
1916 210941
1917 210927
1918 210656
1919 211256
1920 211054
1921 210443
1922 210360
1923 210855
1924 210772
1925 211256
1926 211105
1927 210735
1928 211012
1929 210793
1930 210892
1931 210773
1932 210720
1933 210234
1934 210844
1935 210622
1936 210282
1937 210402
1938 210124
1939 211010
1940 210342
1941 209954
1942 210460
1943 210304
1944 210206
1945 210649
1946 209903
1947 210571
1948 210377
1949 210587
1950 210315
1951 209948
1952 209863
1953 209810
1954 209931
1955 210248
1956 210210
1957 210271
1958 210047
1959 209959
1960 209694
1961 210277
1962 210233
1963 209445
1964 209966
1965 210575
1966 210240
1967 209791
1968 209746
1969 210207
1970 209817
1971 210045
1972 209641
1973 209651
1974 209935
1975 210023
1976 210136
1977 210065
1978 209671
1979 209911
1980 209574
1981 210255
1982 209464
1983 209558
1984 210399
1985 209318
1986 209632
1987 209673
1988 210439
1989 209903
1990 209867
1991 209957
1992 209676
1993 209653
1994 209332
1995 209360
1996 209960
1997 209328
1998 209567
1999 209583
2000 210045
2001 209246
2002 210106
2003 210179
2004 209566
2005 209934
2006 209991
2007 210269
2008 209381
2009 209795
2010 210348
2011 209529
2012 209994
2013 209547
2014 209588
2015 210155
2016 209425
2017 210046
2018 209696
2019 209968
2020 209726
2021 209809
2022 209685
2023 209421
2024 210122
2025 209281
2026 209160
2027 209875
2028 209107
2029 209724
2030 209220
2031 209889
2032 209522
2033 209644
2034 209317
2035 209594
2036 209592
2037 209385
2038 209955
2039 209521
2040 209250
2041 209856
2042 209635
2043 209984
2044 209549
2045 209857
2046 209493
2047 209438
2048 209121
2049 209567
2050 209571
2051 209930
2052 209437
2053 209492
2054 209205
2055 209141
2056 209106
2057 209453
2058 209326
2059 209520
2060 209886
2061 209403
2062 209503
2063 209124
2064 209266
2065 209009
2066 209715
2067 208945
2068 209613
2069 209601
2070 209311
2071 209529
2072 209432
2073 209368
2074 209408
2075 209136
2076 209779
2077 209339
2078 209244
2079 209293
2080 209506
2081 209402
2082 209581
2083 210239
2084 209631
2085 209517
2086 210090
2087 209772
2088 209955
2089 209794
2090 209886
2091 209939
2092 209768
2093 209642
2094 209628
2095 210422
2096 209399
2097 210264
2098 210102
2099 210181
2100 209955
2101 210318
2102 209918
2103 210345
2104 209218
2105 210069
2106 209935
2107 209674
2108 209852
2109 209966
2110 210031
2111 209928
2112 209910
2113 209923
2114 210395
2115 210663
2116 210126
2117 210301
2118 210346
2119 210255
2120 210486
2121 210859
2122 210423
2123 210688
2124 210044
2125 211133
2126 211229
2127 211702
2128 211310
2129 210871
2130 211290
2131 211636
2132 210848
2133 210855
2134 210727
2135 211463
2136 210929
2137 210983
2138 211026
2139 210658
2140 211366
2141 210870
2142 210789
2143 210729
2144 210353
2145 210300
2146 210499
2147 210448
2148 210381
2149 210518
2150 210007
2151 210097
2152 210135
2153 210357
2154 209983
2155 210328
2156 210247
2157 209288
2158 209718
2159 209566
2160 209771
2161 209391
2162 209586
2163 209147
2164 209492
2165 209876
2166 209695
2167 209594
2168 209032
2169 209475
2170 209443
2171 209161
2172 209286
2173 209298
2174 209389
2175 208863
2176 209042
2177 209171
2178 208892
2179 209567
2180 208871
2181 208674
2182 209061
2183 209109
2184 209193
2185 209261
2186 208906
2187 208748
2188 208640
2189 208876
2190 209168
2191 209138
2192 208708
2193 209161
2194 208994
2195 208891
2196 208826
2197 208752
2198 208615
2199 209059
2200 209266
2201 208746
2202 209093
2203 208163
2204 208705
2205 208232
2206 208515
2207 208627
2208 208051
2209 208849
2210 208320
2211 208910
2212 208592
2213 208303
2214 208178
2215 208648
2216 209049
2217 208095
2218 208123
2219 208243
2220 208444
2221 208632
2222 208388
2223 208655
2224 208259
2225 208285
2226 208708
2227 208701
2228 208490
2229 208111
2230 208497
2231 208329
2232 208365
2233 208375
2234 207899
2235 208229
2236 208053
2237 208310
2238 208047
2239 208323
2240 208427
2241 208343
2242 208542
2243 208136
2244 208569
2245 208113
2246 208579
2247 207993
2248 208333
2249 208270
2250 207837
2251 208395
2252 208203
2253 208266
2254 208752
2255 208091
2256 208076
2257 208480
2258 208242
2259 208315
2260 208291
2261 208133
2262 208134
2263 208296
2264 208022
2265 208300
2266 208261
2267 208104
2268 208009
2269 208198
2270 208257
2271 208950
2272 208283
2273 208088
2274 207920
2275 208481
2276 208496
2277 208426
2278 208185
2279 208675
2280 208736
2281 208216
2282 208198
2283 208367
2284 208291
2285 208946
2286 208075
2287 208300
2288 208264
2289 207990
2290 208119
2291 208320
2292 208707
2293 208505
2294 208321
2295 208808
2296 208374
2297 208656
2298 208388
2299 208447
2300 208315
2301 208457
2302 208632
2303 208422
2304 208497
2305 208675
2306 208344
2307 208277
2308 208156
2309 208290
2310 208128
2311 208074
2312 208020
2313 208277
2314 208491
2315 207681
2316 208836
2317 208073
2318 208207
2319 208285
2320 208060
2321 208232
2322 208100
2323 208200
2324 208101
2325 208439
2326 208252
2327 208704
2328 208202
2329 208122
2330 208389
2331 208403
2332 208523
2333 208551
2334 208156
2335 208206
2336 207970
2337 208575
2338 208342
2339 208045
2340 208606
2341 208531
2342 208502
2343 207813
2344 208091
2345 208032
2346 208006
2347 208195
2348 208135
2349 208182
2350 208427
2351 208052
2352 208067
2353 208065
2354 208450
2355 208441
2356 208281
2357 208448
2358 207985
2359 207837
2360 207946
2361 208711
2362 207559
2363 208003
2364 208043
2365 207708
2366 207943
2367 208430
2368 208038
2369 208219
2370 208618
2371 208369
2372 208239
2373 208148
2374 208161
2375 208085
2376 208190
2377 208223
2378 208047
2379 208753
2380 208058
2381 208679
2382 208152
2383 208392
2384 208319
2385 208286
2386 208217
2387 208241
2388 207975
2389 208716
2390 208585
2391 208609
2392 208357
2393 208551
2394 208317
2395 208294
2396 208508
2397 208070
2398 208369
2399 208564
2400 208149
2401 208470
2402 208694
2403 208378
2404 208440
2405 208288
2406 208813
2407 208099
2408 208071
2409 208350
2410 209007
2411 208106
2412 208234
2413 208170
2414 207873
2415 208576
2416 208329
2417 208283
2418 208388
2419 208465
2420 208592
2421 208428
2422 208773
2423 208603
2424 208929
2425 208700
2426 207764
2427 209011
2428 208628
2429 208370
2430 208749
2431 208308
2432 208600
2433 208382
2434 208454
2435 208662
2436 208036
2437 208372
2438 208519
2439 208413
2440 208856
2441 208862
2442 208596
2443 209062
2444 208501
2445 208334
2446 209235
2447 209064
2448 208705
2449 209048
2450 209184
2451 209036
2452 208964
2453 208412
2454 208541
2455 208697
2456 208292
2457 208693
2458 208932
2459 209099
2460 208989
2461 209504
2462 208752
2463 209145
2464 209060
2465 209704
2466 209713
2467 209044
2468 208718
2469 208769
2470 209347
2471 208846
2472 208847
2473 209055
2474 208558
2475 208846
2476 208878
2477 209055
2478 208955
2479 208687
2480 209026
2481 208980
2482 209225
2483 209569
2484 208961
2485 209920
2486 209203
2487 209504
2488 209544
2489 209204
2490 209798
2491 209174
2492 209066
2493 209205
2494 209170
2495 209393
2496 209648
2497 209163
2498 208989
2499 209249
2500 209589
2501 209507
2502 209053
2503 208932
2504 209473
2505 209370
2506 209809
2507 209288
2508 209437
2509 210172
2510 208756
2511 209285
2512 209251
2513 209225
2514 209647
2515 209902
2516 209656
2517 210089
2518 209444
2519 209591
2520 209272
2521 209211
2522 209829
2523 209345
2524 209345
2525 209805
2526 209961
2527 208989
2528 209467
2529 209880
2530 209591
2531 209107
2532 208710
2533 209263
2534 209112
2535 209296
2536 209328
2537 209592
2538 209347
2539 209082
2540 209050
2541 208937
2542 208985
2543 209067
2544 209526
2545 209441
2546 209510
2547 209927
2548 209327
2549 209068
2550 209932
2551 209511
2552 209214
2553 209246
2554 209239
2555 209719
2556 209770
2557 210276
2558 210040
2559 209428
2560 209776
2561 210115
2562 210183
2563 210299
2564 210326
2565 210539
2566 210606
2567 210132
2568 210783
2569 210889
2570 210640
2571 210290
2572 211042
2573 210832
2574 210644
2575 211099
2576 210938
2577 211007
2578 211088
2579 211050
2580 211459
2581 211333
2582 211598
2583 211093
2584 211658
2585 210817
2586 211345
2587 211690
2588 211553
2589 211534
2590 211785
2591 211606
2592 211489
2593 211349
2594 211801
2595 211031
2596 211112
2597 211411
2598 211345
2599 210979
2600 210629
2601 211098
2602 210954
2603 210865
2604 210754
2605 210803
2606 210875
2607 211074
2608 210650
2609 210738
2610 210522
2611 210783
2612 210458
2613 210707
2614 210257
2615 210461
2616 210316
2617 210566
2618 210502
2619 210515
2620 210394
2621 210381
2622 210407
2623 211080
2624 210886
2625 210665
2626 210650
2627 210694
2628 210560
2629 211009
2630 210789
2631 210767
2632 210897
2633 211234
2634 210403
2635 210726
2636 210553
2637 211067
2638 210569
2639 211092
2640 210819
2641 210585
2642 211094
2643 210914
2644 211178
2645 210761
2646 211218
2647 210519
2648 210471
2649 210711
2650 210385
2651 210373
2652 210710
2653 210863
2654 210842
2655 210767
2656 210975
2657 211424
2658 211102
2659 211139
2660 211331
2661 211706
2662 211540
2663 211003
2664 211337
2665 211155
2666 211086
2667 211052
2668 211116
2669 211285
2670 211074
2671 211146
2672 210851
2673 211764
2674 211348
2675 211298
2676 211105
2677 211022
2678 211077
2679 211020
2680 211270
2681 210802
2682 211294
2683 211136
2684 211077
2685 211196
2686 211001
2687 211712
2688 211279
2689 211295
2690 211333
2691 211537
2692 211164
2693 211649
2694 211244
2695 211621
2696 211271
2697 211060
2698 211136
2699 211676
2700 211234
2701 211805
2702 211712
2703 211276
2704 211145
2705 211217
2706 211241
2707 211568
2708 211097
2709 211104
2710 211506
2711 211931
2712 210912
2713 211468
2714 211286
2715 211770
2716 211490
2717 211324
2718 211774
2719 211301
2720 211761
2721 212017
2722 211248
2723 211438
2724 211715
2725 211527
2726 211146
2727 211269
2728 211650
2729 212014
2730 211665
2731 212128
2732 211417
2733 211861
2734 211243
2735 211671
2736 212335
2737 211561
2738 211682
2739 211575
2740 212058
2741 211923
2742 211833
2743 211661
2744 212162
2745 212271
2746 211809
2747 212299
2748 212214
2749 212383
2750 211984
2751 212434
2752 211899
2753 211787
2754 212246
2755 212241
2756 212127
2757 211425
2758 212214
2759 211854
2760 212617
2761 212236
2762 212352
2763 212461
2764 212503
2765 212934
2766 212589
2767 212069
2768 212329
2769 212349
2770 212886
2771 212538
2772 212165
2773 212723
2774 212366
2775 212457
2776 213177
2777 212878
2778 212826
2779 213261
2780 212970
2781 212798
2782 212944
2783 212742
2784 213022
2785 213037
2786 212928
2787 213214
2788 212904
2789 212941
2790 212647
2791 213168
2792 212746
2793 213067
2794 212889
2795 212689
2796 213024
2797 213596
2798 213654
2799 213125
2800 213355
2801 213688
2802 213108
2803 213696
2804 213060
2805 213443
2806 213297
2807 213627
2808 213401
2809 212939
2810 213638
2811 213932
2812 213507
2813 213020
2814 214170
2815 213495
2816 213437
2817 213685
2818 213784
2819 213710
2820 214114
2821 213673
2822 213698
2823 213357
2824 213766
2825 213842
2826 213645
2827 213569
2828 213713
2829 213789
2830 213830
2831 213922
2832 214400
2833 213897
2834 214164
2835 213693
2836 214116
2837 213640
2838 213708
2839 214719
2840 214141
2841 213541
2842 214265
2843 214047
2844 213390
2845 214026
2846 214036
2847 213862
2848 213791
2849 214412
2850 214346
2851 214081
2852 214084
2853 214414
2854 214555
2855 214291
2856 214513
2857 214551
2858 214230
2859 214616
2860 213804
2861 214586
2862 214044
2863 214307
2864 214708
2865 214497
2866 214721
2867 214570
2868 214369
2869 214635
2870 214756
2871 214913
2872 214020
2873 214482
2874 214167
2875 214174
2876 214136
2877 214318
2878 214599
2879 214840
2880 214581
2881 214568
2882 214713
2883 214756
2884 214318
2885 214537
2886 214561
2887 214097
2888 214757
2889 214493
2890 214973
2891 214626
2892 214350
2893 214852
2894 214816
2895 214549
2896 214206
2897 214593
2898 214901
2899 214895
2900 214401
2901 214583
2902 214567
2903 214829
2904 214574
2905 214876
2906 214874
2907 215060
2908 214445
2909 214452
2910 214521
2911 215140
2912 214850
2913 215127
2914 214521
2915 215129
2916 214900
2917 214818
2918 214786
2919 214774
2920 215115
2921 214569
2922 214266
2923 214900
2924 214944
2925 214410
2926 215114
2927 215056
2928 215245
2929 214519
2930 214972
2931 214966
2932 215341
2933 215354
2934 215108
2935 214872
2936 215097
2937 215441
2938 215210
2939 215341
2940 214899
2941 214725
2942 215297
2943 215490
2944 215567
2945 214839
2946 214796
2947 215304
2948 215147
2949 215230
2950 215339
2951 215819
2952 215009
2953 215209
2954 215535
2955 215096
2956 215019
2957 215259
2958 215493
2959 215765
2960 215494
2961 215352
2962 215109
2963 215945
2964 214909
2965 215541
2966 215636
2967 215818
2968 215545
2969 214863
2970 215858
2971 216066
2972 215359
2973 215576
2974 215212
2975 215545
2976 214919
2977 215322
2978 215542
2979 215820
2980 215320
2981 215880
2982 215427
2983 215401
2984 215300
2985 216356
2986 215677
2987 215859
2988 215866
2989 215404
2990 215849
2991 215900
2992 215862
2993 216186
2994 215218
2995 215935
2996 215902
2997 215654
2998 215561
2999 215470
3000 215236
3001 216008
3002 215624
3003 215906
3004 215966
3005 215640
3006 216138
3007 215605
3008 216029
3009 216141
3010 215862
3011 215739
3012 215794
3013 216139
3014 215874
3015 216220
3016 215812
3017 216309
3018 215772
3019 215633
3020 215969
3021 215715
3022 216259
3023 216106
3024 216117
3025 216086
3026 216011
3027 216908
3028 216111
3029 216340
3030 215984
3031 215860
3032 216104
3033 215791
3034 216566
3035 216945
3036 216220
3037 215858
3038 216446
3039 216303
3040 216246
3041 216480
3042 216584
3043 216454
3044 216273
3045 216460
3046 216523
3047 216145
3048 216393
3049 216582
3050 216566
3051 216547
3052 215905
3053 216695
3054 216044
3055 216248
3056 216197
3057 215811
3058 216075
3059 216330
3060 216047
3061 216251
3062 216633
3063 216438
3064 216832
3065 216144
3066 216506
3067 216652
3068 216643
3069 216278
3070 216180
3071 216712
3072 216994
3073 216448
3074 216105
3075 216405
3076 217023
3077 216669
3078 216451
3079 216783
3080 216584
3081 216746
3082 216912
3083 216902
3084 217052
3085 217491
3086 216834
3087 216574
3088 216536
3089 217136
3090 216792
3091 217447
3092 217164
3093 216846
3094 217635
3095 217330
3096 217024
3097 217460
3098 217749
3099 217747
3100 217676
3101 217501
3102 217180
3103 217657
3104 217662
3105 217689
3106 217496
3107 217723
3108 217490
3109 217974
3110 218208
3111 217593
3112 218025
3113 217940
3114 218120
3115 218054
3116 217391
3117 218188
3118 218081
3119 218189
3120 218151
3121 218504
3122 218743
3123 218576
3124 219195
3125 219062
3126 218526
3127 218800
3128 218505
3129 218810
3130 218710
3131 218709
3132 218665
3133 218336
3134 218885
3135 218391
3136 218814
3137 219122
3138 219072
3139 218550
3140 218978
3141 218791
3142 218676
3143 218403
3144 218632
3145 218805
3146 218371
3147 218139
3148 218642
3149 218700
3150 218132
3151 218516
3152 218584
3153 218399
3154 218328
3155 218765
3156 218497
3157 217929
3158 218557
3159 218108
3160 218241
3161 218324
3162 217959
3163 217583
3164 218436
3165 218060
3166 217797
3167 217526
3168 217674
3169 218037
3170 217615
3171 218037
3172 218176
3173 217029
3174 217612
3175 217860
3176 217864
3177 217735
3178 217842
3179 217485
3180 217576
3181 218119
3182 218116
3183 217683
3184 218483
3185 217954
3186 218122
3187 217484
3188 217688
3189 218026
3190 217841
3191 217802
3192 218075
3193 217845
3194 217439
3195 217810
3196 218009
3197 218053
3198 217299
3199 217484
3200 218291
3201 217794
3202 217570
3203 218039
3204 217284
3205 217831
3206 217752
3207 217493
3208 217428
3209 218159
3210 217241
3211 217671
3212 217746
3213 217850
3214 217532
3215 217786
3216 217189
3217 217264
3218 217765
3219 217606
3220 217550
3221 217618
3222 217641
3223 217851
3224 217244
3225 217131
3226 217613
3227 217743
3228 217444
3229 217947
3230 217819
3231 217483
3232 217640
3233 217455
3234 217085
3235 217939
3236 217474
3237 217973
3238 217398
3239 217315
3240 217848
3241 217774
3242 217557
3243 217438
3244 217862
3245 217786
3246 217948
3247 217688
3248 217410
3249 217832
3250 217710
3251 217482
3252 217674
3253 217529
3254 217381
3255 217924
3256 218041
3257 217798
3258 217590
3259 217100
3260 217601
3261 217357
3262 217141
3263 217744
3264 217196
3265 216853
3266 217419
3267 217091
3268 217139
3269 217435
3270 217006
3271 217247
3272 217557
3273 217417
3274 217105
3275 217478
3276 217925
3277 217860
3278 217316
3279 217659
3280 217090
3281 217445
3282 217562
3283 217327
3284 217774
3285 217354
3286 217352
3287 217396
3288 217588
3289 217427
3290 217360
3291 217694
3292 217356
3293 217438
3294 217393
3295 217992
3296 217616
3297 217352
3298 217526
3299 217907
3300 217401
3301 217503
3302 217505
3303 217700
3304 217904
3305 218065
3306 217242
3307 218034
3308 218129
3309 217627
3310 218222
3311 218210
3312 217619
3313 218166
3314 217678
3315 217291
3316 218246
3317 217764
3318 217716
3319 217542
3320 217570
3321 217739
3322 217682
3323 217790
3324 217977
3325 217924
3326 217621
3327 217411
3328 218013
3329 218018
3330 217174
3331 217654
3332 217688
3333 217681
3334 218012
3335 217358
3336 218116
3337 217481
3338 217796
3339 217773
3340 217259
3341 217496
3342 217516
3343 216807
3344 218291
3345 217673
3346 217596
3347 217195
3348 217403
3349 217682
3350 217151
3351 217389
3352 217409
3353 217964
3354 217888
3355 217249
3356 217768
3357 217521
3358 217433
3359 217459
3360 217586
3361 217019
3362 217664
3363 217855
3364 217919
3365 217741
3366 217464
3367 218056
3368 218143
3369 217861
3370 217855
3371 218079
3372 217610
3373 217659
3374 217944
3375 217880
3376 218243
3377 217694
3378 217748
3379 217694
3380 218441
3381 217850
3382 217661
3383 218009
3384 217996
3385 218252
3386 218233
3387 218340
3388 217940
3389 218135
3390 218270
3391 217587
3392 217710
3393 217785
3394 217596
3395 217878
3396 217793
3397 218475
3398 218133
3399 217722
3400 218424
3401 217451
3402 218088
3403 217975
3404 218452
3405 218293
3406 217877
3407 218102
3408 218147
3409 218025
3410 217842
3411 218579
3412 218468
3413 218086
3414 218479
3415 218338
3416 217926
3417 218272
3418 218039
3419 218308
3420 217877
3421 218070
3422 218167
3423 218296
3424 217931
3425 218310
3426 218845
3427 218340
3428 218201
3429 218621
3430 218069
3431 218278
3432 218614
3433 217959
3434 218646
3435 218795
3436 218626
3437 218477
3438 218454
3439 218450
3440 218767
3441 218378
3442 218644
3443 218921
3444 219207
3445 217974
3446 219063
3447 218829
3448 218587
3449 218686
3450 218362
3451 218570
3452 218830
3453 218592
3454 218744
3455 218897
3456 218962
3457 218676
3458 218706
3459 219187
3460 219019
3461 218569
3462 218918
3463 219074
3464 219373
3465 218900
3466 218603
3467 218602
3468 218891
3469 219232
3470 218770
3471 218805
3472 218933
3473 219143
3474 219094
3475 218849
3476 219145
3477 219380
3478 219271
3479 218702
3480 219357
3481 218998
3482 219476
3483 219411
3484 219435
3485 219739
3486 219915
3487 219904
3488 219857
3489 219404
3490 219569
3491 219853
3492 220415
3493 219493
3494 219684
3495 219552
3496 219916
3497 219496
3498 219629
3499 220122
3500 219645
3501 219753
3502 219660
3503 219744
3504 219748
3505 219802
3506 219830
3507 219855
3508 219870
3509 219771
3510 219490
3511 220095
3512 219921
3513 219880
3514 220356
3515 219487
3516 219999
3517 220375
3518 220568
3519 219859
3520 220346
3521 220021
3522 219802
3523 219598
3524 219926
3525 219829
3526 219615
3527 220182
3528 219908
3529 220271
3530 220145
3531 219867
3532 219818
3533 220402
3534 220022
3535 220389
3536 220190
3537 220501
3538 219462
3539 220440
3540 220543
3541 220810
3542 220356
3543 220063
3544 220827
3545 220822
3546 220782
3547 220534
3548 220929
3549 220670
3550 220658
3551 220535
3552 220823
3553 220929
3554 220626
3555 221024
3556 221445
3557 220849
3558 220756
3559 221006
3560 221032
3561 220933
3562 220969
3563 221092
3564 221255
3565 221154
3566 220877
3567 221050
3568 221334
3569 221036
3570 221279
3571 221228
3572 221792
3573 221381
3574 221148
3575 221595
3576 221989
3577 221161
3578 221629
3579 221358
3580 221769
3581 221747
3582 221297
3583 222246
3584 221784
3585 221964
3586 221438
3587 222058
3588 221927
3589 221941
3590 222576
3591 221685
3592 222653
3593 221860
3594 222275
3595 222356
3596 222390
3597 221755
3598 222136
3599 222100
3600 222204
3601 222545
3602 222411
3603 221965
3604 222534
3605 222281
3606 222193
3607 222233
3608 222172
3609 222361
3610 221885
3611 222564
3612 222408
3613 221553
3614 222209
3615 221902
3616 221946
3617 221822
3618 221689
3619 222043
3620 221945
3621 221549
3622 222264
3623 221575
3624 222035
3625 221786
3626 221621
3627 221376
3628 221307
3629 221496
3630 221466
3631 221586
3632 221668
3633 221456
3634 222262
3635 221347
3636 222160
3637 221632
3638 221375
3639 221661
3640 221452
3641 221669
3642 221846
3643 221437
3644 221857
3645 221298
3646 221801
3647 222220
3648 221773
3649 221769
3650 221386
3651 221710
3652 221125
3653 221505
3654 221928
3655 221217
3656 221876
3657 221584
3658 221887
3659 221941
3660 221641
3661 221647
3662 221666
3663 221812
3664 221283
3665 221743
3666 221895
3667 222034
3668 222324
3669 221609
3670 222101
3671 222083
3672 222074
3673 221342
3674 221902
3675 221890
3676 221948
3677 221250
3678 221779
3679 221742
3680 222364
3681 221916
3682 221694
3683 221911
3684 221476
3685 221727
3686 222230
3687 222017
3688 222218
3689 221696
3690 222082
3691 221635
3692 221674
3693 221928
3694 222346
3695 222049
3696 221758
3697 222156
3698 221731
3699 221718
3700 221386
3701 221775
3702 221719
3703 221335
3704 221893
3705 221772
3706 221748
3707 222016
3708 221709
3709 221854
3710 222105
3711 221569
3712 222067
3713 222134
3714 221350
3715 222054
3716 221801
3717 221978
3718 222135
3719 221567
3720 222019
3721 221902
3722 222045
3723 221384
3724 221986
3725 221512
3726 221914
3727 221635
3728 221699
3729 221254
3730 221824
3731 222308
3732 221846
3733 221926
3734 221678
3735 221502
3736 221700
3737 221763
3738 221199
3739 221668
3740 222180
3741 221911
3742 221899
3743 221801
3744 222014
3745 221800
3746 221674
3747 222113
3748 221485
3749 221676
3750 221608
3751 222086
3752 222026
3753 222272
3754 222441
3755 221717
3756 221487
3757 221496
3758 221996
3759 221940
3760 221496
3761 221593
3762 221785
3763 221960
3764 222079
3765 221890
3766 222142
3767 222014
3768 221803
3769 222150
3770 222310
3771 222196
3772 221860
3773 222245
3774 222727
3775 221553
3776 221725
3777 222337
3778 222000
3779 221698
3780 222505
3781 221800
3782 222268
3783 222510
3784 221958
3785 222333
3786 221748
3787 222568
3788 222499
3789 222307
3790 222030
3791 222268
3792 221957
3793 221970
3794 221441
3795 221774
3796 222118
3797 221828
3798 222200
3799 222292
3800 222290
3801 222178
3802 222575
3803 222303
3804 222545
3805 222185
3806 221963
3807 222285
3808 222929
3809 222457
3810 222333
3811 222524
3812 222034
3813 222291
3814 222129
3815 221917
3816 222318
3817 222802
3818 222284
3819 222014
3820 222674
3821 222731
3822 222624
3823 222670
3824 222445
3825 222149
3826 222832
3827 222652
3828 222002
3829 222708
3830 222397
3831 222943
3832 222868
3833 222258
3834 222360
3835 222863
3836 222678
3837 222537
3838 222667
3839 222942
3840 222785
3841 222971
3842 222926
3843 222761
3844 222867
3845 222419
3846 222889
3847 222951
3848 222593
3849 222363
3850 222745
3851 223192
3852 223248
3853 222997
3854 222975
3855 222885
3856 223334
3857 223402
3858 222902
3859 222724
3860 222828
3861 223094
3862 222523
3863 223375
3864 222517
3865 223194
3866 223664
3867 222655
3868 223363
3869 222908
3870 223095
3871 222659
3872 222643
3873 222735
3874 222754
3875 222796
3876 222442
3877 222991
3878 223059
3879 222510
3880 222785
3881 222289
3882 223027
3883 222817
3884 222267
3885 222654
3886 222662
3887 222561
3888 222618
3889 222592
3890 222443
3891 222601
3892 223091
3893 222243
3894 222685
3895 222425
3896 222162
3897 222764
3898 222540
3899 222659
3900 222299
3901 222512
3902 222269
3903 223023
3904 222075
3905 222670
3906 221981
3907 221908
3908 222498
3909 222645
3910 222140
3911 222405
3912 222084
3913 222447
3914 222142
3915 222260
3916 222166
3917 222371
3918 221791
3919 222444
3920 221892
3921 222372
3922 222038
3923 221990
3924 222304
3925 221804
3926 222288
3927 222322
3928 222035
3929 221955
3930 221675
3931 221971
3932 221581
3933 222430
3934 222470
3935 221753
3936 221975
3937 222044
3938 221861
3939 221902
3940 221906
3941 221699
3942 222160
3943 221640
3944 221541
3945 222011
3946 221003
3947 222331
3948 221757
3949 221432
3950 222071
3951 221916
3952 221498
3953 221676
3954 222033
3955 221822
3956 221908
3957 221425
3958 221277
3959 221924
3960 221573
3961 221905
3962 221976
3963 221758
3964 220936
3965 221891
3966 221451
3967 221668
3968 221406
3969 221506
3970 221592
3971 221807
3972 221299
3973 221334
3974 221888
3975 221509
3976 221512
3977 222197
3978 221548
3979 221728
3980 221591
3981 221492
3982 221625
3983 221159
3984 221912
3985 221834
3986 221192
3987 221231
3988 221333
3989 221654
3990 221222
3991 221412
3992 221297
3993 220947
3994 221179
3995 221323
3996 221127
3997 221223
3998 221176
3999 221330
4000 221457
4001 221164
4002 222018
4003 220919
4004 221169
4005 221383
4006 221200
4007 221653
4008 220802
4009 221228
4010 221644
4011 221440
4012 221391
4013 221028
4014 221516
4015 220828
4016 221065
4017 220937
4018 221065
4019 221156
4020 220580
4021 221182
4022 220938
4023 220877
4024 220730
4025 220731
4026 221102
4027 220941
4028 221072
4029 220932
4030 220770
4031 220580
4032 221156
4033 221404
4034 221062
4035 221016
4036 220684
4037 221116
4038 220830
4039 221109
4040 220619
4041 220682
4042 220553
4043 220860
4044 220767
4045 220254
4046 220987
4047 220310
4048 220724
4049 220652
4050 220849
4051 220651
4052 220170
4053 220275
4054 220459
4055 220515
4056 220537
4057 220206
4058 220941
4059 220163
4060 220463
4061 221031
4062 220154
4063 220254
4064 220438
4065 220121
4066 220460
4067 220413
4068 220210
4069 219846
4070 220358
4071 219988
4072 219995
4073 219807
4074 219907
4075 220158
4076 219843
4077 220443
4078 220656
4079 220714
4080 220452
4081 220158
4082 219841
4083 220275
4084 220123
4085 219815
4086 220010
4087 220092
4088 220515
4089 220119
4090 219946
4091 219832
4092 219945
4093 219811
4094 220397
4095 219666
4096 220191
4097 220102
4098 220156
4099 220293
4100 220065
4101 220598
4102 221068
4103 220547
4104 220037
4105 219867
4106 220121
4107 220573
4108 219759
4109 219712
4110 220376
4111 220403
4112 220211
4113 220728
4114 220076
4115 220600
4116 219963
4117 220649
4118 219874
4119 220511
4120 219761
4121 220356
4122 219917
4123 220283
4124 220573
4125 219983
4126 219979
4127 220196
4128 220141
4129 219961
4130 219902
4131 219972
4132 220036
4133 219925
4134 220127
4135 220658
4136 219790
4137 220460
4138 219357
4139 219542
4140 220039
4141 219532
4142 219725
4143 219788
4144 219151
4145 219716
4146 219830
4147 219594
4148 219105
4149 219720
4150 219462
4151 218738
4152 219295
4153 219054
4154 218902
4155 219423
4156 218633
4157 219451
4158 218584
4159 218446
4160 218581
4161 218883
4162 218793
4163 218447
4164 218958
4165 218674
4166 218282
4167 218214
4168 218387
4169 218415
4170 218212
4171 218201
4172 217734
4173 217904
4174 218068
4175 218177
4176 218156
4177 217701
4178 217978
4179 217456
4180 217929
4181 217423
4182 218098
4183 217927
4184 217490
4185 217323
4186 217026
4187 217563
4188 217644
4189 217245
4190 217396
4191 217566
4192 217542
4193 217863
4194 217450
4195 217159
4196 217261
4197 217036
4198 216933
4199 217018
4200 217178
4201 216892
4202 217204
4203 216668
4204 216404
4205 216453
4206 217040
4207 216571
4208 216603
4209 217030
4210 216921
4211 216560
4212 216841
4213 216607
4214 216507
4215 216243
4216 216357
4217 216216
4218 216646
4219 216319
4220 215647
4221 216257
4222 215713
4223 215829
4224 215787
4225 215595
4226 215682
4227 215967
4228 216433
4229 216267
4230 216071
4231 216280
4232 216263
4233 215937
4234 215821
4235 215249
4236 216172
4237 215674
4238 216039
4239 215826
4240 215611
4241 215684
4242 215784
4243 215982
4244 215695
4245 215783
4246 215923
4247 215610
4248 215667
4249 215126
4250 215446
4251 214981
4252 215803
4253 214947
4254 215371
4255 214346
4256 215349
4257 215280
4258 215252
4259 215388
4260 215064
4261 214808
4262 214445
4263 214686
4264 214883
4265 214369
4266 215021
4267 214586
4268 214806
4269 215182
4270 215362
4271 215479
4272 214960
4273 214649
4274 214965
4275 215069
4276 214835
4277 214590
4278 214745
4279 214603
4280 214912
4281 214519
4282 214674
4283 214825
4284 214724
4285 215168
4286 214951
4287 214915
4288 214636
4289 214109
4290 214353
4291 214497
4292 214287
4293 214139
4294 214695
4295 215178
4296 214374
4297 215106
4298 214599
4299 214089
4300 214131
4301 214240
4302 214513
4303 214120
4304 214447
4305 213682
4306 214455
4307 214102
4308 214646
4309 213929
4310 214549
4311 214206
4312 214317
4313 214341
4314 214012
4315 213639
4316 214078
4317 213903
4318 213699
4319 213562
4320 213900
4321 214122
4322 213994
4323 213526
4324 213993
4325 213942
4326 213946
4327 213672
4328 213992
4329 213952
4330 214103
4331 214028
4332 213824
4333 213491
4334 213546
4335 213798
4336 213991
4337 213796
4338 213684
4339 213797
4340 213897
4341 213953
4342 213314
4343 213551
4344 212925
4345 212896
4346 213140
4347 213360
4348 213765
4349 213512
4350 212807
4351 213581
4352 212561
4353 212978
4354 213092
4355 213275
4356 213351
4357 213263
4358 213501
4359 213476
4360 213249
4361 212881
4362 212968
4363 213518
4364 213482
4365 213299
4366 213203
4367 213601
4368 212790
4369 213560
4370 212982
4371 212878
4372 213508
4373 213610
4374 213060
4375 213349
4376 212727
4377 213375
4378 213313
4379 213378
4380 213335
4381 212855
4382 213347
4383 213562
4384 213484
4385 213310
4386 213190
4387 213205
4388 213266
4389 213286
4390 212648
4391 213705
4392 213401
4393 213243
4394 213563
4395 213034
4396 213354
4397 213626
4398 213133
4399 213644
4400 213471
4401 213477
4402 213217
4403 213324
4404 213618
4405 213075
4406 213300
4407 213422
4408 213165
4409 213018
4410 213121
4411 213415
4412 214065
4413 213400
4414 213232
4415 213420
4416 213488
4417 213321
4418 213204
4419 213386
4420 213170
4421 213776
4422 213648
4423 213477
4424 213085
4425 213418
4426 212872
4427 213155
4428 213030
4429 213077
4430 213335
4431 213312
4432 213612
4433 213537
4434 213400
4435 213005
4436 212714
4437 213289
4438 212542
4439 213199
4440 213735
4441 213359
4442 213248
4443 213185
4444 212971
4445 213737
4446 212974
4447 213022
4448 213375
4449 213089
4450 213044
4451 213246
4452 213331
4453 213161
4454 212998
4455 213198
4456 213011
4457 213246
4458 213722
4459 213784
4460 213673
4461 213265
4462 213287
4463 213344
4464 213587
4465 213204
4466 213402
4467 213180
4468 213692
4469 213597
4470 213552
4471 212742
4472 213399
4473 213345
4474 213421
4475 212811
4476 213774
4477 213073
4478 213668
4479 213445
4480 213334
4481 213862
4482 214141
4483 213291
4484 213511
4485 213503
4486 213370
4487 213031
4488 213958
4489 213002
4490 213650
4491 213590
4492 213781
4493 213755
4494 213753
4495 213364
4496 213623
4497 213722
4498 213791
4499 213752
4500 213588
4501 213333
4502 214088
4503 213488
4504 213481
4505 213235
4506 214042
4507 213740
4508 213792
4509 213770
4510 213668
4511 214133
4512 213152
4513 213685
4514 214370
4515 213407
4516 213537
4517 213417
4518 213544
4519 213873
4520 213394
4521 214032
4522 213984
4523 213758
4524 213723
4525 213635
4526 214132
4527 213976
4528 214146
4529 213767
4530 213970
4531 213967
4532 213996
4533 213192
4534 214236
4535 214305
4536 213852
4537 213706
4538 214520
4539 214362
4540 214244
4541 214726
4542 214382
4543 214541
4544 214246
4545 214796
4546 214429
4547 214068
4548 213888
4549 214746
4550 214166
4551 213998
4552 215067
4553 214673
4554 214586
4555 214678
4556 214456
4557 214217
4558 214721
4559 214706
4560 214879
4561 215070
4562 214427
4563 214578
4564 214511
4565 215218
4566 214835
4567 214985
4568 214909
4569 215241
4570 215872
4571 214982
4572 215406
4573 215140
4574 215466
4575 215262
4576 215919
4577 215313
4578 215545
4579 215148
4580 215336
4581 215116
4582 215499
4583 215402
4584 215640
4585 215770
4586 215568
4587 215478
4588 215633
4589 215465
4590 215513
4591 215938
4592 215805
4593 216175
4594 215896
4595 215341
4596 215437
4597 215163
4598 215719
4599 215086
4600 215545
4601 215523
4602 215288
4603 215352
4604 215391
4605 215382
4606 214633
4607 215300
4608 215503
4609 214931
4610 214929
4611 215383
4612 214603
4613 214910
4614 214749
4615 214965
4616 214616
4617 214464
4618 214816
4619 214887
4620 215530
4621 214728
4622 214394
4623 214349
4624 214544
4625 214117
4626 214586
4627 214557
4628 214583
4629 214331
4630 214905
4631 214914
4632 214685
4633 214122
4634 214254
4635 214501
4636 214019
4637 214337
4638 214009
4639 214590
4640 214432
4641 214522
4642 214762
4643 214532
4644 214314
4645 214667
4646 214589
4647 214510
4648 214758
4649 214236
4650 214632
4651 214863
4652 214510
4653 214765
4654 214813
4655 214642
4656 214680
4657 215130
4658 214637
4659 214918
4660 214763
4661 214637
4662 214411
4663 214895
4664 214566
4665 214747
4666 214600
4667 214685
4668 214657
4669 214442
4670 215150
4671 214504
4672 214151
4673 214569
4674 214738
4675 214642
4676 214249
4677 214756
4678 214482
4679 214806
4680 214535
4681 214487
4682 214406
4683 214298
4684 214262
4685 215061
4686 214736
4687 214450
4688 214341
4689 214337
4690 214321
4691 214309
4692 215372
4693 213970
4694 214673
4695 214452
4696 214616
4697 214355
4698 214591
4699 214778
4700 214719
4701 214626
4702 215005
4703 214689
4704 214707
4705 214619
4706 214532
4707 214649
4708 214778
4709 214836
4710 215367
4711 215276
4712 214635
4713 214878
4714 214695
4715 215201
4716 214812
4717 215091
4718 215258
4719 214935
4720 214455
4721 214873
4722 215205
4723 214556
4724 215363
4725 215434
4726 215176
4727 214806
4728 215082
4729 215305
4730 214956
4731 214905
4732 215623
4733 214983
4734 215482
4735 215378
4736 215142
4737 215208
4738 215615
4739 214936
4740 215162
4741 215243
4742 215450
4743 215342
4744 214772
4745 215579
4746 215519
4747 215105
4748 215076
4749 215320
4750 215205
4751 215515
4752 215602
4753 215291
4754 215110
4755 215016
4756 215371
4757 215194
4758 215703
4759 215542
4760 215224
4761 215543
4762 215211
4763 215553
4764 215410
4765 215124
4766 215558
4767 215734
4768 215025
4769 215704
4770 215215
4771 215968
4772 215724
4773 215520
4774 215657
4775 215340
4776 215592
4777 215431
4778 215485
4779 215804
4780 216084
4781 215964
4782 215687
4783 215750
4784 215917
4785 215757
4786 215756
4787 216156
4788 215978
4789 215876
4790 215833
4791 215373
4792 215827
4793 215275
4794 215577
4795 215796
4796 215540
4797 215757
4798 215626
4799 215766
4800 215445
4801 215480
4802 215335
4803 215260
4804 215703
4805 215151
4806 215723
4807 215384
4808 215154
4809 215921
4810 215508
4811 215428
4812 215250
4813 215147
4814 215250
4815 215796
4816 215620
4817 216002
4818 215518
4819 215607
4820 215480
4821 215511
4822 216096
4823 215690
4824 215577
4825 215066
4826 215483
4827 215810
4828 215646
4829 216203
4830 215956
4831 215957
4832 215999
4833 215629
4834 215861
4835 215759
4836 216012
4837 215545
4838 215781
4839 215772
4840 214995
4841 215867
4842 215651
4843 216296
4844 216206
4845 215857
4846 216637
4847 216219
4848 215703
4849 216012
4850 216098
4851 215972
4852 216048
4853 215638
4854 215824
4855 216220
4856 215887
4857 215688
4858 215957
4859 216369
4860 215534
4861 216283
4862 215760
4863 216162
4864 216219
4865 216249
4866 216197
4867 216540
4868 216328
4869 215965
4870 215621
4871 216098
4872 215907
4873 216033
4874 215720
4875 215715
4876 215621
4877 215838
4878 215847
4879 215581
4880 215917
4881 216221
4882 216232
4883 215315
4884 215841
4885 215910
4886 216114
4887 215410
4888 215946
4889 215350
4890 215591
4891 215836
4892 215402
4893 215419
4894 215689
4895 215505
4896 215288
4897 215614
4898 215069
4899 214893
4900 214783
4901 215117
4902 215214
4903 215156
4904 215367
4905 215641
4906 215666
4907 215679
4908 215293
4909 215595
4910 215563
4911 215319
4912 215325
4913 215859
4914 215338
4915 214617
4916 215146
4917 215425
4918 215618
4919 215236
4920 215702
4921 215274
4922 214779
4923 215148
4924 215446
4925 215214
4926 215135
4927 215276
4928 215125
4929 215604
4930 214855
4931 214833
4932 215119
4933 215146
4934 215382
4935 215199
4936 215354
4937 215609
4938 215000
4939 215125
4940 215385
4941 215088
4942 215147
4943 215215
4944 215843
4945 215058
4946 215341
4947 215128
4948 214613
4949 214979
4950 214859
4951 214658
4952 214649
4953 214318
4954 214785
4955 214916
4956 214909
4957 214649
4958 214736
4959 215700
4960 214799
4961 214956
4962 214934
4963 214605
4964 214940
4965 215094
4966 214474
4967 215452
4968 215145
4969 214563
4970 214652
4971 215220
4972 214546
4973 214934
4974 214734
4975 214689
4976 214222
4977 214965
4978 214774
4979 214861
4980 214442
4981 215116
4982 214781
4983 214544
4984 214457
4985 214744
4986 214764
4987 214309
4988 214299
4989 214713
4990 214435
4991 214385
4992 215043
4993 214666
4994 214974
4995 214565
4996 214138
4997 214985
4998 214687
4999 214532
5000 214317
5001 214134
5002 214325
5003 214680
5004 214207
5005 214911
5006 214526
5007 214083
5008 214820
5009 214731
5010 214275
5011 214204
5012 214390
5013 214292
5014 214238
5015 214220
5016 214524
5017 214384
5018 214415
5019 214477
5020 214750
5021 213848
5022 213912
5023 213880
5024 214240
5025 213878
5026 214173
5027 214162
5028 214196
5029 214184
5030 214654
5031 214048
5032 214376
5033 213809
5034 213690
5035 214204
5036 214312
5037 214238
5038 213298
5039 213722
5040 214085
5041 214556
5042 213804
5043 213580
5044 213925
5045 213635
5046 213975
5047 214286
5048 214478
5049 213955
5050 213662
5051 213711
5052 213992
5053 214079
5054 213956
5055 213879
5056 214117
5057 213668
5058 213525
5059 213982
5060 213531
5061 213687
5062 214202
5063 213154
5064 213741
5065 213808
5066 213558
5067 213358
5068 213303
5069 213776
5070 214015
5071 214003
5072 214040
5073 213782
5074 213383
5075 213619
5076 213895
5077 213488
5078 213571
5079 214421
5080 213699
5081 214027
5082 213859
5083 213811
5084 214392
5085 213877
5086 213818
5087 214207
5088 213943
5089 214318
5090 214275
5091 214161
5092 214176
5093 214605
5094 214560
5095 213879
5096 214472
5097 214385
5098 214106
5099 213372
5100 213909
5101 214309
5102 214722
5103 214602
5104 214532
5105 214346
5106 214555
5107 214152
5108 214067
5109 214250
5110 214453
5111 214467
5112 214590
5113 214692
5114 214584
5115 214494
5116 214974
5117 214815
5118 215197
5119 215143
5120 215093
5121 215180
5122 215084
5123 214700
5124 215153
5125 215520
5126 215319
5127 214936
5128 215254
5129 215489
5130 215291
5131 215355
5132 215769
5133 215601
5134 215636
5135 215488
5136 215429
5137 215872
5138 215451
5139 215167
5140 215583
5141 215784
5142 215232
5143 215256
5144 215335
5145 215650
5146 215851
5147 215735
5148 215410
5149 215583
5150 215305
5151 215286
5152 215073
5153 214756
5154 215580
5155 214894
5156 214745
5157 214757
5158 214845
5159 214879
5160 214949
5161 214756
5162 214737
5163 214730
5164 214996
5165 214680
5166 214978
5167 214784
5168 214470
5169 214538
5170 214056
5171 214302
5172 214350
5173 214029
5174 214551
5175 213986
5176 214258
5177 214399
5178 214343
5179 214276
5180 213727
5181 214039
5182 214457
5183 213659
5184 214001
5185 213954
5186 213554
5187 213677
5188 213435
5189 213269
5190 213822
5191 214280
5192 214092
5193 213777
5194 213337
5195 213737
5196 213482
5197 213581
5198 213903
5199 213437
5200 212808
5201 213526
5202 213272
5203 213173
5204 213313
5205 213348
5206 213343
5207 213174
5208 213418
5209 213031
5210 213353
5211 213571
5212 212841
5213 213369
5214 213436
5215 214211
5216 213884
5217 213967
5218 213922
5219 213562
5220 214088
5221 213382
5222 213658
5223 213890
5224 213485
5225 213463
5226 213877
5227 213766
5228 212945
5229 213799
5230 213727
5231 213728
5232 213557
5233 213542
5234 213695
5235 213513
5236 213724
5237 213449
5238 213515
5239 213093
5240 213418
5241 213550
5242 213494
5243 213461
5244 213798
5245 213337
5246 213512
5247 213176
5248 213086
5249 213615
5250 213504
5251 213468
5252 213429
5253 213243
5254 212654
5255 213024
5256 213097
5257 213187
5258 213184
5259 212693
5260 213046
5261 213276
5262 213255
5263 213073
5264 213233
5265 213374
5266 213028
5267 212916
5268 212892
5269 212796
5270 213022
5271 212825
5272 213105
5273 213363
5274 213243
5275 213184
5276 212993
5277 212894
5278 213231
5279 212657
5280 213136
5281 213039
5282 213175
5283 212620
5284 213346
5285 212740
5286 212769
5287 213289
5288 213074
5289 213136
5290 212637
5291 213193
5292 212512
5293 212453
5294 212981
5295 212754
5296 212897
5297 212374
5298 212845
5299 213301
5300 213010
5301 212476
5302 213300
5303 212645
5304 212474
5305 212522
5306 212771
5307 212786
5308 212612
5309 212556
5310 212429
5311 212444
5312 212354
5313 212563
5314 212536
5315 212877
5316 212605
5317 212554
5318 212426
5319 212493
5320 211858
5321 212621
5322 212611
5323 212126
5324 212361
5325 212420
5326 212321
5327 212632
5328 211974
5329 212474
5330 212693
5331 212092
5332 212614
5333 212701
5334 212465
5335 212774
5336 212453
5337 212802
5338 212539
5339 212510
5340 213136
5341 212541
5342 212823
5343 212107
5344 212565
5345 212302
5346 212293
5347 212981
5348 212613
5349 212788
5350 213090
5351 212828
5352 212354
5353 212557
5354 212820
5355 212527
5356 212143
5357 212414
5358 212616
5359 213043
5360 212391
5361 212967
5362 213078
5363 212371
5364 212345
5365 212272
5366 212414
5367 211917
5368 212846
5369 212443
5370 212379
5371 212437
5372 212197
5373 212514
5374 212527
5375 212943
5376 212603
5377 212379
5378 212550
5379 212744
5380 212365
5381 212422
5382 212413
5383 212449
5384 212915
5385 212710
5386 212518
5387 212898
5388 212710
5389 212711
5390 212643
5391 212833
5392 213329
5393 212283
5394 212987
5395 212603
5396 212807
5397 213204
5398 213024
5399 213379
5400 212880
5401 213059
5402 212925
5403 213135
5404 213732
5405 212913
5406 213780
5407 213293
5408 213313
5409 213639
5410 213537
5411 213374
5412 213543
5413 213203
5414 213171
5415 212875
5416 213313
5417 213317
5418 212757
5419 212962
5420 213172
5421 213042
5422 213045
5423 213478
5424 212831
5425 213340
5426 213772
5427 212806
5428 212918
5429 212993
5430 213115
5431 213374
5432 213086
5433 213120
5434 213106
5435 212903
5436 213135
5437 213023
5438 213071
5439 213455
5440 213095
5441 213247
5442 213246
5443 213050
5444 213083
5445 212910
5446 213452
5447 213123
5448 213192
5449 213176
5450 213343
5451 212761
5452 213115
5453 213084
5454 212931
5455 213133
5456 212907
5457 212961
5458 213138
5459 213271
5460 213278
5461 213262
5462 213099
5463 213996
5464 213479
5465 213036
5466 213750
5467 213461
5468 213436
5469 212778
5470 213148
5471 213318
5472 213429
5473 213564
5474 213322
5475 213623
5476 213680
5477 213566
5478 213491
5479 213195
5480 212971
5481 213800
5482 213382
5483 213897
5484 213392
5485 213825
5486 214095
5487 213871
5488 213276
5489 213715
5490 213444
5491 213498
5492 213672
5493 213346
5494 214161
5495 213916
5496 214065
5497 213710
5498 213611
5499 213975
5500 214219
5501 213773
5502 213129
5503 213297
5504 213825
5505 213832
5506 213802
5507 213632
5508 213546
5509 213848
5510 214269
5511 213607
5512 213997
5513 213563
5514 213288
5515 214024
5516 213761
5517 213698
5518 213442
5519 214262
5520 214015
5521 213884
5522 213558
5523 214078
5524 214229
5525 213909
5526 214264
5527 214188
5528 213643
5529 214079
5530 214281
5531 214491
5532 214537
5533 214359
5534 214527
5535 214355
5536 214768
5537 214610
5538 215031
5539 214925
5540 215045
5541 214807
5542 215497
5543 214784
5544 214908
5545 215131
5546 215402
5547 215178
5548 214643
5549 214832
5550 215489
5551 215177
5552 215160
5553 215737
5554 215611
5555 215316
5556 215087
5557 214877
5558 214553
5559 215696
5560 215571
5561 214737
5562 215382
5563 215418
5564 215491
5565 215408
5566 215147
5567 215254
5568 215146
5569 215180
5570 216283
5571 215595
5572 216287
5573 215743
5574 215895
5575 216115
5576 216901
5577 216332
5578 216366
5579 216321
5580 216447
5581 216443
5582 216793
5583 216880
5584 216545
5585 216947
5586 216738
5587 217021
5588 216547
5589 216538
5590 216829
5591 216389
5592 216289
5593 216669
5594 216834
5595 217033
5596 216317
5597 216550
5598 216523
5599 216052
5600 216317
5601 216530
5602 216241
5603 215727
5604 215781
5605 215858
5606 216240
5607 216239
5608 215930
5609 215823
5610 216158
5611 215659
5612 215971
5613 216135
5614 215727
5615 215958
5616 215367
5617 215414
5618 215630
5619 215830
5620 215730
5621 215471
5622 215832
5623 215721
5624 215486
5625 215376
5626 215292
5627 215260
5628 216095
5629 215611
5630 215498
5631 215203
5632 215397
5633 215196
5634 215245
5635 215402
5636 215170
5637 215316
5638 214609
5639 215247
5640 215003
5641 215537
5642 215204
5643 215191
5644 215003
5645 215632
5646 215189
5647 215139
5648 215594
5649 215357
5650 215259
5651 215494
5652 215447
5653 215284
5654 215379
5655 215577
5656 215269
5657 215261
5658 215871
5659 215489
5660 215836
5661 215229
5662 216366
5663 215308
5664 215673
5665 215928
5666 216266
5667 215344
5668 215596
5669 216266
5670 216038
5671 216016
5672 215774
5673 215727
5674 215951
5675 215620
5676 216158
5677 216128
5678 216279
5679 216250
5680 216083
5681 216247
5682 215922
5683 215496
5684 215567
5685 215967
5686 215799
5687 216062
5688 215666
5689 216272
5690 216170
5691 215865
5692 216657
5693 216147
5694 215706
5695 216340
5696 215820
5697 216098
5698 216328
5699 216040
5700 216447
5701 216010
5702 215597
5703 216003
5704 215352
5705 215484
5706 215607
5707 215789
5708 216110
5709 216005
5710 215792
5711 216555
5712 216164
5713 216162
5714 216221
5715 215597
5716 216199
5717 216047
5718 216367
5719 216510
5720 216250
5721 216282
5722 216765
5723 216349
5724 216439
5725 215956
5726 216386
5727 216136
5728 216168
5729 216377
5730 216257
5731 216310
5732 216065
5733 216351
5734 216157
5735 216122
5736 215904
5737 216513
5738 215954
5739 215751
5740 216285
5741 216470
5742 216360
5743 216475
5744 216700
5745 216545
5746 215992
5747 216451
5748 216399
5749 216240
5750 216535
5751 216390
5752 216645
5753 216207
5754 216500
5755 215794
5756 215954
5757 216161
5758 216386
5759 216358
5760 216040
5761 216471
5762 216154
5763 216249
5764 216668
5765 216423
5766 216409
5767 216432
5768 216080
5769 216597
5770 217024
5771 216353
5772 216537
5773 216796
5774 216822
5775 216428
5776 216730
5777 216575
5778 216934
5779 216519
5780 216515
5781 216430
5782 217080
5783 216602
5784 217086
5785 216991
5786 217068
5787 216840
5788 216980
5789 217294
5790 217296
5791 217247
5792 217285
5793 217563
5794 217365
5795 217131
5796 217635
5797 217702
5798 217073
5799 217539
5800 217372
5801 217071
5802 217111
5803 217221
5804 217767
5805 216958
5806 217688
5807 216997
5808 217321
5809 217301
5810 217393
5811 217621
5812 216892
5813 217506
5814 217629
5815 217394
5816 217377
5817 217759
5818 217276
5819 217824
5820 217527
5821 217870
5822 218089
5823 217428
5824 217743
5825 217216
5826 217378
5827 217213
5828 217645
5829 217427
5830 218075
5831 217492
5832 217095
5833 217278
5834 217864
5835 217396
5836 217360
5837 217462
5838 217744
5839 218131
5840 218049
5841 217402
5842 217866
5843 217355
5844 217525
5845 218002
5846 217808
5847 217740
5848 217741
5849 218166
5850 217482
5851 217452
5852 217201
5853 217876
5854 217791
5855 217395
5856 217581
5857 217311
5858 217831
5859 217186
5860 217589
5861 217398
5862 217379
5863 217577
5864 217661
5865 217849
5866 217414
5867 217546
5868 217985
5869 217561
5870 217629
5871 218570
5872 216847
5873 217566
5874 217136
5875 217385
5876 217338
5877 217674
5878 217281
5879 217402
5880 217618
5881 217445
5882 217939
5883 217557
5884 217694
5885 217711
5886 217242
5887 217529
5888 217827
5889 217679
5890 217841
5891 217782
5892 217590
5893 217326
5894 217412
5895 217398
5896 217797
5897 217786
5898 217656
5899 217907
5900 217504
5901 218208
5902 217450
5903 217114
5904 217423
5905 217855
5906 217735
5907 217869
5908 217402
5909 217562
5910 218062
5911 217850
5912 217960
5913 217788
5914 217581
5915 218014
5916 217851
5917 217429
5918 217698
5919 217888
5920 217805
5921 217791
5922 217590
5923 217612
5924 217697
5925 218167
5926 217775
5927 217317
5928 217596
5929 217343
5930 217834
5931 217719
5932 217879
5933 217187
5934 217435
5935 217110
5936 217303
5937 217233
5938 217141
5939 217055
5940 216854
5941 216824
5942 216930
5943 217413
5944 216838
5945 217299
5946 217016
5947 217452
5948 217414
5949 217475
5950 217723
5951 217388
5952 217006
5953 217186
5954 217332
5955 216823
5956 216854
5957 217423
5958 216872
5959 217041
5960 217453
5961 217325
5962 216623
5963 217119
5964 217302
5965 217036
5966 217162
5967 216726
5968 216372
5969 217572
5970 216745
5971 216898
5972 216796
5973 216975
5974 216551
5975 217030
5976 216025
5977 216482
5978 217055
5979 216494
5980 216433
5981 216400
5982 216594
5983 216355
5984 216860
5985 216160
5986 216486
5987 216501
5988 216263
5989 216608
5990 216650
5991 216138
5992 216042
5993 216321
5994 216277
5995 216322
5996 216603
5997 216456
5998 216373
5999 216744
6000 216514
6001 216851
6002 216132
6003 216582
6004 216733
6005 216005
6006 216256
6007 216327
6008 216047
6009 216242
6010 216375
6011 216396
6012 216135
6013 215902
6014 216431
6015 215924
6016 216810
6017 216035
6018 215874
6019 216028
6020 216353
6021 215918
6022 215946
6023 216101
6024 216649
6025 216114
6026 215947
6027 216613
6028 215990
6029 216279
