H11890
GateTime 10
GateNumber 0
SN 30430302
0 34312
1 34538
2 34140
3 34408
4 34320
5 34556
6 34789
7 34536
8 34360
9 34347
10 34576
11 34370
12 34691
13 34532
14 34447
15 34380
16 34371
17 34588
18 34257
19 34429
20 34672
21 34335
22 34764
23 34502
24 34444
25 34474
26 34401
27 34202
28 34679
29 34468
30 34463
31 34478
32 34469
33 34498
34 34394
35 34463
36 34464
37 34448
38 34599
39 34197
40 34441
41 34221
42 34296
43 34354
44 34300
45 34362
46 34535
47 34590
48 34245
49 34477
50 34605
51 34215
52 34699
53 34500
54 34652
55 34613
56 34095
57 34162
58 34678
59 34295
60 34330
61 34609
62 34328
63 34387
64 34151
65 34375
66 34387
67 34476
68 34726
69 34433
70 34539
71 34532
72 34643
73 34453
74 34641
75 34262
76 34446
77 34552
78 34625
79 34482
80 34496
81 34356
82 34542
83 34348
84 34447
85 34216
86 34272
87 34222
88 34415
89 34566
90 34599
91 33981
92 34145
93 34189
94 34418
95 34577
96 34526
97 34735
98 34538
99 34369
100 34372
101 34409
102 34317
103 34356
104 34283
105 34633
106 34527
107 34542
108 34501
109 34481
110 34169
111 34526
112 34360
113 34350
114 34520
115 34138
116 34374
117 33922
118 34119
119 34056
120 34719
121 34641
122 34534
123 34298
124 34089
125 34510
126 34384
127 34507
128 34357
129 34726
130 34461
131 34338
132 34244
133 34523
134 34271
135 34207
136 34319
137 34257
138 34177
139 34266
140 34214
141 34214
142 34139
143 34526
144 34370
145 34170
146 34517
147 34414
148 34147
149 34186
150 34136
151 34207
152 34346
153 34499
154 34279
155 34331
156 34593
157 34415
158 34473
159 34368
160 34389
161 34244
162 34150
163 34402
164 34453
165 34205
166 34270
167 34235
168 34331
169 34524
170 34182
171 34430
172 34692
173 34088
174 34300
175 34383
176 34341
177 34375
178 34096
179 34469
180 34356
181 34448
182 34104
183 34251
184 34433
185 34288
186 34533
187 34458
188 34498
189 34419
190 34226
191 34152
192 34472
193 34388
194 34468
195 34315
196 34199
197 34383
198 34187
199 34223
200 34719
201 34419
202 34287
203 34233
204 33817
205 34414
206 34282
207 34281
208 34652
209 33902
210 34404
211 34264
212 34076
213 34314
214 34250
215 34078
216 34154
217 34143
218 34227
219 34264
220 34352
221 34139
222 34245
223 34363
224 34560
225 34421
226 34153
227 34301
228 34667
229 34497
230 33971
231 34694
232 34459
233 34463
234 34403
235 34573
236 34354
237 34234
238 34637
239 34403
240 34252
241 34032
242 34177
243 34254
244 34330
245 34450
246 34517
247 34380
248 34344
249 34368
250 34580
251 34616
252 34565
253 34703
254 34565
255 34347
256 34611
257 34421
258 34210
259 34391
260 34546
261 34501
262 34232
263 34425
264 34815
265 34864
266 34640
267 34693
268 34690
269 34630
270 34385
271 35088
272 34862
273 34967
274 34956
275 34860
276 34749
277 34998
278 34602
279 35064
280 35051
281 34666
282 35068
283 35129
284 35088
285 35358
286 35192
287 35086
288 35343
289 35613
290 36147
291 36257
292 35914
293 35962
294 36237
295 36378
296 36951
297 36710
298 36920
299 37185
300 37415
301 37131
302 37226
303 37307
304 37899
305 37754
306 38334
307 37862
308 38170
309 38134
310 38336
311 38351
312 38187
313 38282
314 38150
315 37926
316 38125
317 38207
318 37670
319 37641
320 37723
321 37674
322 37333
323 37659
324 37275
325 36947
326 37102
327 36874
328 36723
329 36801
330 36191
331 36428
332 36075
333 36391
334 35982
335 36176
336 35727
337 35573
338 35670
339 35530
340 35508
341 35664
342 35601
343 35518
344 35496
345 35306
346 35129
347 34710
348 34817
349 34886
350 35021
351 34765
352 35043
353 34915
354 34546
355 34631
356 34721
357 34484
358 34728
359 34761
360 34548
361 34458
362 34568
363 34529
364 34527
365 34597
366 34476
367 34599
368 34627
369 34385
370 34336
371 34541
372 34412
373 34279
374 34381
375 34497
376 34540
377 34441
378 34643
379 34434
380 34496
381 34458
382 34296
383 34193
384 34573
385 34373
386 34633
387 34276
388 34333
389 34167
390 34504
391 34442
392 34664
393 33837
394 34284
395 34285
396 34270
397 34671
398 34346
399 34236
400 34214
401 34472
402 34245
403 34545
404 34348
405 34081
406 34209
407 34206
408 34009
409 34578
410 34282
411 34172
412 34340
413 34088
414 33812
415 34265
416 34256
417 34531
418 34514
419 34045
420 34396
421 34348
422 34073
423 34181
424 34214
425 34044
426 33997
427 33993
428 34358
429 34083
430 34564
431 34177
432 34028
433 34087
434 34605
435 34260
436 34364
437 34318
438 34329
439 34191
440 34269
441 34461
442 34156
443 34275
444 34206
445 34240
446 34253
447 33793
448 34102
449 34122
450 34483
451 34261
452 34184
453 33964
454 34281
455 34026
456 34070
457 34610
458 33879
459 34075
460 34161
461 33998
462 33881
463 34154
464 33881
465 34384
466 33950
467 34139
468 34319
469 34224
470 33976
471 33810
472 34133
473 34217
474 34064
475 34214
476 34087
477 34103
478 34154
479 34153
480 34187
481 33846
482 34242
483 33889
484 34136
485 33839
486 33778
487 34398
488 34631
489 34210
490 34180
491 34200
492 34477
493 33907
494 34192
495 34377
496 33932
497 34349
498 34010
499 34038
500 33919
501 34189
502 33958
503 34032
504 34313
505 34241
506 34347
507 34417
508 34471
509 33899
510 34125
511 34078
512 34359
513 34214
514 34374
515 33872
516 34541
517 33979
518 34213
519 34115
520 34176
521 33833
522 34537
523 34377
524 34110
525 33904
526 33959
527 34014
528 34171
529 34174
530 34127
531 33962
532 34211
533 34126
534 33749
535 34170
536 34150
537 33897
538 34234
539 34309
540 34015
541 34343
542 34453
543 34043
544 34132
545 34005
546 34280
547 34317
548 34111
549 34224
550 33946
551 34076
552 34287
553 34241
554 34372
555 34140
556 34371
557 34127
558 34428
559 34068
560 34244
561 34000
562 33873
563 34042
564 34182
565 34486
566 34437
567 34246
568 34085
569 34165
570 34036
571 34444
572 34403
573 34442
574 34370
575 34255
576 34028
577 34012
578 34185
579 34321
580 34186
581 34331
582 34346
583 34287
584 34174
585 33886
586 33873
587 34386
588 34122
589 34423
590 34158
591 34502
592 34350
593 34417
594 34508
595 34393
596 33991
597 34147
598 34143
599 34489
600 34375
601 34381
602 33915
603 34171
604 34048
605 34528
606 34368
607 34372
608 34034
609 34222
610 34384
611 34198
612 34283
613 34355
614 34367
615 34230
616 34325
617 34346
618 34590
619 34272
620 34642
621 34341
622 33863
623 34465
624 34531
625 34199
626 34344
627 34538
628 34264
629 34298
630 34414
631 34435
632 34357
633 34415
634 34660
635 34415
636 34409
637 34397
638 34501
639 34718
640 34539
641 34595
642 34564
643 34495
644 34304
645 34173
646 34302
647 34549
648 34078
649 34302
650 34452
651 34633
652 34259
653 34258
654 34143
655 34595
656 34368
657 34398
658 34599
659 34304
660 34242
661 34425
662 34403
663 34595
664 34319
665 34526
666 34438
667 34401
668 34647
669 34425
670 34591
671 34371
672 34640
673 34659
674 34697
675 34356
676 34328
677 34526
678 34725
679 34880
680 34542
681 34388
682 34797
683 35084
684 34788
685 35075
686 35128
687 34926
688 34709
689 34642
690 34917
691 34975
692 34759
693 34777
694 34758
695 35041
696 34764
697 34918
698 35152
699 34946
700 35068
701 35337
702 35646
703 35497
704 35393
705 35574
706 35347
707 35515
708 35625
709 35793
710 35623
711 35629
712 36313
713 35654
714 36393
715 36316
716 36422
717 36215
718 36672
719 36953
720 36902
721 36887
722 36944
723 37497
724 37678
725 37516
726 37665
727 37754
728 38236
729 38151
730 38438
731 38131
732 38367
733 38467
734 38228
735 38209
736 39131
737 39057
738 38562
739 38604
740 38880
741 38631
742 38599
743 38370
744 38640
745 38360
746 38022
747 37955
748 38038
749 37641
750 37752
751 37220
752 37287
753 36703
754 36646
755 36863
756 36577
757 36461
758 36243
759 36341
760 36398
761 35905
762 35806
763 36196
764 35686
765 35623
766 35611
767 35509
768 35391
769 35225
770 35403
771 35501
772 35144
773 35531
774 34886
775 34958
776 35224
777 34821
778 34963
779 35060
780 34916
781 34950
782 34943
783 34876
784 34921
785 34617
786 34627
787 34802
788 35043
789 34437
790 34759
791 34865
792 34796
793 35111
794 34607
795 34717
796 34573
797 34737
798 34745
799 34708
800 34858
801 34756
802 34570
803 34677
804 34781
805 34630
806 35047
807 34523
808 34713
809 34678
810 34574
811 34540
812 34511
813 34420
814 34431
815 34087
816 34656
817 34630
818 34380
819 34506
820 34400
821 34574
822 34762
823 34636
824 34579
825 34171
826 34606
827 34459
828 34693
829 34403
830 34417
831 34526
832 34403
833 34419
834 34364
835 34447
836 34785
837 34324
838 34387
839 34581
840 34442
841 34518
842 34393
843 34424
844 34414
845 34186
846 34503
847 34624
848 34374
849 34634
850 34362
851 34432
852 34469
853 34493
854 34335
855 34521
856 34504
857 34425
858 34285
859 34335
860 34683
861 34310
862 34376
863 34448
864 34487
865 34315
866 34498
867 34769
868 34645
869 34376
870 34797
871 34384
872 34460
873 34370
874 34066
875 34400
876 34356
877 34367
878 34696
879 34559
880 34538
881 34559
882 34361
883 34679
884 34622
885 34692
886 34552
887 34486
888 34633
889 34629
890 34623
891 34357
892 34782
893 34406
894 34395
895 34523
896 34518
897 34271
898 34434
899 34613
900 34480
901 34239
902 34470
903 34525
904 34388
905 34370
906 34710
907 34670
908 34659
909 34390
910 34257
911 34458
912 34641
913 34747
914 34700
915 34504
916 34852
917 34235
918 34594
919 34148
920 34539
921 34617
922 34704
923 34636
924 34565
925 34603
926 34571
927 34856
928 34424
929 34597
930 34465
931 34481
932 34507
933 34610
934 34529
935 34332
936 34469
937 34482
938 34668
939 34362
940 34331
941 34760
942 34292
943 34723
944 34519
945 34384
946 34458
947 34623
948 34661
949 34422
950 34219
951 34537
952 34614
953 34393
954 34358
955 34383
956 34654
957 34445
958 34543
959 34590
960 34332
961 34778
962 34008
963 34367
964 34443
965 34443
966 34268
967 34292
968 34572
969 34868
970 34490
971 34509
972 34387
973 34464
974 34099
975 34694
976 34400
977 34222
978 34171
979 34479
980 34256
981 34795
982 34505
983 34509
984 34555
985 34424
986 34463
987 34371
988 34436
989 34494
990 34233
991 34417
992 34639
993 34510
994 34538
995 34409
996 34432
997 34554
998 34335
999 34656
1000 34641
1001 34417
1002 34840
1003 34666
1004 34691
1005 34653
1006 34650
1007 34449
1008 34390
1009 34587
1010 34430
1011 34510
1012 34825
1013 34167
1014 34291
1015 34828
1016 34597
1017 34693
1018 34560
1019 34388
1020 34740
1021 34665
1022 34675
1023 34479
1024 34758
1025 34619
1026 34753
1027 34297
1028 34518
1029 34951
1030 34211
1031 34150
1032 34239
1033 34626
1034 34432
1035 34343
1036 34271
1037 34542
1038 34547
1039 34265
1040 34659
1041 34454
1042 34503
1043 34514
1044 34426
1045 34718
1046 34708
1047 34380
1048 34709
1049 34401
1050 34482
1051 34469
1052 34388
1053 34631
1054 34432
1055 34611
1056 34217
1057 34628
1058 34709
1059 34596
1060 34405
1061 34456
1062 34311
1063 34123
1064 34169
1065 34671
1066 34608
1067 34649
1068 34374
1069 34627
1070 34368
1071 34264
1072 34174
1073 34300
1074 34592
1075 34446
1076 34516
1077 34627
1078 34789
1079 34350
1080 34520
1081 34297
1082 34506
1083 34399
1084 34401
1085 34469
1086 34281
1087 34793
1088 34426
1089 34461
1090 34462
1091 34389
1092 34419
1093 34438
1094 34257
1095 34309
1096 34394
1097 34139
1098 34216
1099 34479
1100 34667
1101 34542
1102 34417
1103 34620
1104 34238
1105 34549
1106 34238
1107 34594
1108 34777
1109 34592
1110 34506
1111 34858
1112 34462
1113 34404
1114 34386
1115 34463
1116 34472
1117 34380
1118 34310
1119 34596
1120 34235
1121 34354
1122 34498
1123 34420
1124 34397
1125 34547
1126 34234
1127 34518
1128 34276
1129 34117
1130 34403
1131 34605
1132 34316
1133 34198
1134 34410
1135 34275
1136 34580
1137 34462
1138 34362
1139 34243
1140 34319
1141 34521
1142 34347
1143 34629
1144 34117
1145 34368
1146 34292
1147 34087
1148 34347
1149 34265
1150 34372
1151 33880
1152 34190
1153 34454
1154 34509
1155 34551
1156 34407
1157 34285
1158 34288
1159 34133
1160 34238
1161 34059
1162 34179
1163 34242
1164 34223
1165 34140
1166 34290
1167 34504
1168 34278
1169 34195
1170 34048
1171 34148
1172 34326
1173 34199
1174 34237
1175 34386
1176 34273
1177 34485
1178 34413
1179 34459
1180 33910
1181 34239
1182 34180
1183 34594
1184 34010
1185 34066
1186 34288
1187 34184
1188 34000
1189 34357
1190 34401
1191 34158
1192 34263
1193 34605
1194 34357
1195 34200
1196 34444
1197 34269
1198 34219
1199 34601
1200 34390
1201 34455
1202 34703
1203 34124
1204 34235
1205 34366
1206 34358
1207 34359
1208 34312
1209 34205
1210 34695
1211 34446
1212 34464
1213 34471
1214 34287
1215 34407
1216 34586
1217 34140
1218 34351
1219 34451
1220 34541
1221 34380
1222 34374
1223 34318
1224 34295
1225 34463
1226 34437
1227 34074
1228 34328
1229 34041
1230 34671
1231 34419
1232 34361
1233 34118
1234 34087
1235 34487
1236 34516
1237 34473
1238 34393
1239 34260
1240 34281
1241 34532
1242 34218
1243 34416
1244 34438
1245 34681
1246 34488
1247 34353
1248 34204
1249 34213
1250 34419
1251 34644
1252 34364
1253 34223
1254 34516
1255 34514
1256 34517
1257 34493
1258 34490
1259 34370
1260 34833
1261 34652
1262 34688
1263 34602
1264 34716
1265 34710
1266 34749
1267 35135
1268 34907
1269 34786
1270 34904
1271 34938
1272 35052
1273 34920
1274 35103
1275 35277
1276 35462
1277 35409
1278 35437
1279 35558
1280 35591
1281 35621
1282 35812
1283 36016
1284 36080
1285 36362
1286 36026
1287 36473
1288 36652
1289 36737
1290 36777
1291 37134
1292 37359
1293 37364
1294 37178
1295 37738
1296 38366
1297 37962
1298 38068
1299 38361
1300 38377
1301 38665
1302 38468
1303 38432
1304 38715
1305 38593
1306 38395
1307 38412
1308 38468
1309 38872
1310 38300
1311 37919
1312 37778
1313 37978
1314 37686
1315 37314
1316 37198
1317 37411
1318 37045
1319 37118
1320 37250
1321 36920
1322 36794
1323 36544
1324 36029
1325 36012
1326 35981
1327 35860
1328 35842
1329 35819
1330 35900
1331 35516
1332 35687
1333 35141
1334 35356
1335 35356
1336 35387
1337 34796
1338 35297
1339 35014
1340 35065
1341 34645
1342 35050
1343 34898
1344 34993
1345 34728
1346 34887
1347 34488
1348 34457
1349 34572
1350 34635
1351 34577
1352 34375
1353 34461
1354 34386
1355 34467
1356 34482
1357 34343
1358 34288
1359 34353
1360 34527
1361 34354
1362 34289
1363 34399
1364 34313
1365 34147
1366 34329
1367 34066
1368 34353
1369 33959
1370 34224
1371 33988
1372 34430
1373 33977
1374 34208
1375 33975
1376 34306
1377 34035
1378 34267
1379 34170
1380 34095
1381 34244
1382 34351
1383 34216
1384 34034
1385 33957
1386 33985
1387 34494
1388 34225
1389 34111
1390 33971
1391 33843
1392 34229
1393 34176
1394 34446
1395 33883
1396 34439
1397 33873
1398 34248
1399 34074
1400 33873
1401 33832
1402 34123
1403 33934
1404 34039
1405 33745
1406 34016
1407 34050
1408 34235
1409 33973
1410 33938
1411 34039
1412 34070
1413 33976
1414 33844
1415 34278
1416 33945
1417 34143
1418 34134
1419 33827
1420 34282
1421 33920
1422 33889
1423 33950
1424 33693
1425 33808
1426 34086
1427 33593
1428 33684
1429 33763
1430 34038
1431 33716
1432 33918
1433 34328
1434 34219
1435 34046
1436 34066
1437 34000
1438 33762
1439 33987
1440 33868
1441 34135
1442 33968
1443 33985
1444 33802
1445 33628
1446 33961
1447 33566
1448 33481
1449 33657
1450 33563
1451 33384
1452 33535
1453 33596
1454 33544
1455 33395
1456 33470
1457 33710
1458 33459
1459 33401
1460 33444
1461 33328
1462 33803
1463 33554
1464 33646
1465 33595
1466 33722
1467 33398
1468 33602
1469 33589
1470 33343
1471 33530
1472 33446
1473 33076
1474 33299
1475 33632
1476 33155
1477 33499
1478 33479
1479 33817
1480 33245
1481 33261
1482 33450
1483 33374
1484 33403
1485 33097
1486 33429
1487 33292
1488 33490
1489 33421
1490 33534
1491 33216
1492 33373
1493 33374
1494 33695
1495 33333
1496 33631
1497 33542
1498 33450
1499 33376
1500 33649
1501 33485
1502 33421
1503 33663
1504 33418
1505 33299
1506 33377
1507 33363
1508 33436
1509 33617
1510 33579
1511 33518
1512 33366
1513 33295
1514 33343
1515 32991
1516 33557
1517 33419
1518 33191
1519 32991
1520 33269
1521 33181
1522 33339
1523 32840
1524 33154
1525 32874
1526 32979
1527 33082
1528 32974
1529 33160
1530 33083
1531 33386
1532 33021
1533 33003
1534 33102
1535 33260
1536 32781
1537 33250
1538 33284
1539 32972
1540 32938
1541 33024
1542 33256
1543 33154
1544 32935
1545 32987
1546 33040
1547 33239
1548 33348
1549 33180
1550 33245
1551 32941
1552 33246
1553 33306
1554 33305
1555 33181
1556 33253
1557 33116
1558 32865
1559 33184
1560 33104
1561 33248
1562 33266
1563 33171
1564 33404
1565 33098
1566 33341
1567 33465
1568 33066
1569 33082
1570 33413
1571 33133
1572 33469
1573 33254
1574 33707
1575 33515
1576 33473
1577 33331
1578 33614
1579 33477
1580 33790
1581 33476
1582 33666
1583 33400
1584 33611
1585 33543
1586 33502
1587 33705
1588 33803
1589 33779
1590 33880
1591 33715
1592 33565
1593 33750
1594 33665
1595 33450
1596 33826
1597 33802
1598 33737
1599 33682
1600 33562
1601 33904
1602 34132
1603 33898
1604 34078
1605 33948
1606 33606
1607 33982
1608 33627
1609 34272
1610 33960
1611 33990
1612 33846
1613 34071
1614 34127
1615 33718
1616 34055
1617 33928
1618 34044
1619 33887
1620 33882
1621 34166
1622 33985
1623 34537
1624 33859
1625 34090
1626 33842
1627 34071
1628 34101
1629 34180
1630 33907
1631 34167
1632 34192
1633 33909
1634 34045
1635 34035
1636 34321
1637 33743
1638 34031
1639 34122
1640 34117
1641 34205
1642 34356
1643 34078
1644 34299
1645 34056
1646 34078
1647 33903
1648 34108
1649 34222
1650 34515
1651 34367
1652 34316
1653 34171
1654 34471
1655 34363
1656 34170
1657 33982
1658 34078
1659 34377
1660 34089
1661 34672
1662 34156
1663 34279
1664 34092
1665 34258
1666 34381
1667 34314
1668 34385
1669 34320
1670 34250
1671 34054
1672 34119
1673 34142
1674 34284
1675 34709
1676 34353
1677 34607
1678 34315
1679 34227
1680 34124
1681 34335
1682 34212
1683 34337
1684 34528
1685 34590
1686 34585
1687 34471
1688 34252
1689 34600
1690 34745
1691 34791
1692 34476
1693 34289
1694 34685
1695 34496
1696 34811
1697 34796
1698 34629
1699 34795
1700 34715
1701 34796
1702 34827
1703 34907
1704 34756
1705 35010
1706 35432
1707 35097
1708 35010
1709 35097
1710 35226
1711 34998
1712 35334
1713 35006
1714 35429
1715 35443
1716 35720
1717 35958
1718 35680
1719 35972
1720 36138
1721 36128
1722 36046
1723 36225
1724 36166
1725 36412
1726 36693
1727 36788
1728 36961
1729 37036
1730 37235
1731 37383
1732 37300
1733 37570
1734 38016
1735 37852
1736 38032
1737 37938
1738 38697
1739 38502
1740 38639
1741 38491
1742 38433
1743 38681
1744 38633
1745 38770
1746 38820
1747 38700
1748 38349
1749 38191
1750 38276
1751 38323
1752 37663
1753 37447
1754 37688
1755 37631
1756 37193
1757 37056
1758 37234
1759 36776
1760 36922
1761 36685
1762 36129
1763 35949
1764 36197
1765 35877
1766 35582
1767 35842
1768 35735
1769 35114
1770 35349
1771 34991
1772 34954
1773 35307
1774 35060
1775 35270
1776 34582
1777 35171
1778 34763
1779 34812
1780 34874
1781 34460
1782 34266
1783 34700
1784 34410
1785 34435
1786 34465
1787 34345
1788 34550
1789 34228
1790 34106
1791 34430
1792 34448
1793 34405
1794 34340
1795 34354
1796 34300
1797 34335
1798 34393
1799 34422
1800 34194
1801 34153
1802 34369
1803 34162
1804 34030
1805 34203
1806 34170
1807 34407
1808 34188
1809 34142
1810 34477
1811 34327
1812 34207
1813 34188
1814 34080
1815 34059
1816 33817
1817 33989
1818 34149
1819 34177
1820 34196
1821 34086
1822 33929
1823 34051
1824 33925
1825 34251
1826 34418
1827 34116
1828 33921
1829 33813
1830 34200
1831 33981
1832 33900
1833 34028
1834 34018
1835 34066
1836 34102
1837 34167
1838 34153
1839 33868
1840 34132
1841 33852
1842 33886
1843 33913
1844 34076
1845 34005
1846 34005
1847 34029
1848 34142
1849 34194
1850 34171
1851 34074
1852 34350
1853 34396
1854 34037
1855 33958
1856 34144
1857 34249
1858 34218
1859 34178
1860 34169
1861 33937
1862 34012
1863 34060
1864 34453
1865 34232
1866 33888
1867 34217
1868 34173
1869 34258
1870 34473
1871 34100
1872 34259
1873 33934
1874 34235
1875 34289
1876 34290
1877 34004
1878 34136
1879 33886
1880 33929
1881 33909
1882 33976
1883 34041
1884 34221
1885 34561
1886 34092
1887 34008
1888 34172
1889 34146
1890 34017
1891 33950
1892 33986
1893 33856
1894 34152
1895 34090
1896 34455
1897 34106
1898 34216
1899 34176
1900 34288
1901 33972
1902 34177
1903 34147
1904 34180
1905 34253
1906 34333
1907 34495
1908 34225
1909 34246
1910 34337
1911 34044
1912 34272
1913 34307
1914 34259
1915 34058
1916 34203
1917 34098
1918 33903
1919 34164
1920 34118
1921 33800
1922 34439
1923 34211
1924 34081
1925 34199
1926 34190
1927 34144
1928 34216
1929 33996
1930 34204
1931 34334
1932 34447
1933 34430
1934 34088
1935 34094
1936 34297
1937 34119
1938 34276
1939 34300
1940 34507
1941 34434
1942 34204
1943 34088
1944 34027
1945 34361
1946 34146
1947 34308
1948 33973
1949 34537
1950 34201
1951 34632
1952 34151
1953 34189
1954 34418
1955 34459
1956 34211
1957 34289
1958 33945
1959 34516
1960 34370
1961 34218
1962 34306
1963 34447
1964 34001
1965 34393
1966 34004
1967 34324
1968 34284
1969 34262
1970 34094
1971 34327
1972 34156
1973 34373
1974 33994
1975 34395
1976 34351
1977 34432
1978 34019
1979 34265
1980 34430
1981 34448
1982 34475
1983 34304
1984 34182
1985 34357
1986 33808
1987 34134
1988 34192
1989 34330
1990 34259
1991 34100
1992 33985
1993 34307
1994 34291
1995 34159
1996 34326
1997 34245
1998 33956
1999 34475
2000 34383
2001 34502
2002 33781
2003 34050
2004 34372
2005 34356
2006 34552
2007 34177
2008 34406
2009 33768
2010 34075
2011 34154
2012 34249
2013 34233
2014 34030
2015 33998
2016 34101
2017 34245
2018 34135
2019 34304
2020 34203
2021 34276
2022 34149
2023 34469
2024 34374
2025 34020
2026 34418
2027 34433
2028 34211
2029 34745
2030 34335
2031 34176
2032 34137
2033 34210
2034 34222
2035 34160
2036 34346
2037 34443
2038 34222
2039 34332
2040 34183
2041 34511
2042 34599
2043 34621
2044 33993
2045 34221
2046 34254
2047 34065
2048 34414
2049 34480
2050 34424
2051 34336
2052 34127
2053 34153
2054 33982
2055 33994
2056 34337
2057 34323
2058 34263
2059 34368
2060 34106
2061 34271
2062 34446
2063 34502
2064 34395
2065 34065
2066 34123
2067 34504
2068 34091
2069 34102
2070 34250
2071 34074
2072 34262
2073 34217
2074 34244
2075 34291
2076 34469
2077 34548
2078 34256
2079 34405
2080 34556
2081 34147
2082 34451
2083 34146
2084 34055
2085 34209
2086 34435
2087 34481
2088 34421
2089 34402
2090 34283
2091 34117
2092 34449
2093 34338
2094 34271
2095 34343
2096 34204
2097 34456
2098 34184
2099 34068
2100 34108
2101 34049
2102 34385
2103 34448
2104 34317
2105 34160
2106 34272
2107 34420
2108 33800
2109 34044
2110 34493
2111 34187
2112 34149
2113 34086
2114 34337
2115 34448
2116 34287
2117 34219
2118 34135
2119 34072
2120 34442
2121 34026
2122 34319
2123 34521
2124 34245
2125 34540
2126 33925
2127 34139
2128 34289
2129 34011
2130 34134
2131 34021
2132 34509
2133 34227
2134 34346
2135 34419
2136 34131
2137 34112
2138 33870
2139 34130
2140 34264
2141 34140
2142 34551
2143 34006
2144 34424
2145 33987
2146 33996
2147 34190
2148 34409
2149 34147
2150 34499
2151 34348
2152 34428
2153 34077
2154 34142
2155 33528
2156 33832
2157 33728
2158 33692
2159 33902
2160 33884
2161 33631
2162 33871
2163 34089
2164 33956
2165 33632
2166 34025
2167 33553
2168 33827
2169 33875
2170 33932
2171 33808
2172 33977
2173 33671
2174 34178
2175 34038
2176 34094
2177 33753
2178 33730
2179 33913
2180 33817
2181 33902
2182 33900
2183 33830
2184 33836
2185 33754
2186 33818
2187 33914
2188 33968
2189 33998
2190 33835
2191 33902
2192 33910
2193 33949
2194 33870
2195 33885
2196 33714
2197 33974
2198 33998
2199 34098
2200 33990
2201 34115
2202 34043
2203 33922
2204 34018
2205 33718
2206 33866
2207 34419
2208 34128
2209 34033
2210 34073
2211 33963
2212 33946
2213 34057
2214 33948
2215 33707
2216 33965
2217 34064
2218 34001
2219 33729
2220 34055
2221 34225
2222 34593
2223 34842
2224 34255
2225 34053
2226 34595
2227 34277
2228 34297
2229 34253
2230 34462
2231 34618
2232 34476
2233 34329
2234 34482
2235 34695
2236 34613
2237 34832
2238 34593
2239 34440
2240 34340
2241 34334
2242 34671
2243 34659
2244 34875
2245 34711
2246 34770
2247 34418
2248 34566
2249 34971
2250 34741
2251 34437
2252 34702
2253 34527
2254 34546
2255 34542
2256 34892
2257 34593
2258 34841
2259 35002
2260 34413
2261 35002
2262 34816
2263 34655
2264 35040
2265 34685
2266 34842
2267 34835
2268 34777
2269 35227
2270 35005
2271 35192
2272 35275
2273 34823
2274 35523
2275 35320
2276 35325
2277 35153
2278 35260
2279 35471
2280 35560
2281 35525
2282 35949
2283 35753
2284 36004
2285 35947
2286 36322
2287 36119
2288 36233
2289 36481
2290 36630
2291 36962
2292 36833
2293 37103
2294 37284
2295 37402
2296 38026
2297 37810
2298 38119
2299 37876
2300 38448
2301 38747
2302 38959
2303 39378
2304 39383
2305 39309
2306 38966
2307 39208
2308 39541
2309 39402
2310 39728
2311 39382
2312 39108
2313 39704
2314 39308
2315 38876
2316 39323
2317 39126
2318 38830
2319 38618
2320 38459
2321 38849
2322 38478
2323 38260
2324 37715
2325 37897
2326 37652
2327 37719
2328 37446
2329 37407
2330 37087
2331 36706
2332 36906
2333 36853
2334 36518
2335 36299
2336 36079
2337 36238
2338 36083
2339 35934
2340 35966
2341 36002
2342 35982
2343 35749
2344 35536
2345 35572
2346 35513
2347 35712
2348 35380
2349 35348
2350 35322
2351 35486
2352 35442
2353 35272
2354 35313
2355 35025
2356 34688
2357 35117
2358 35045
2359 35134
2360 35037
2361 34734
2362 34815
2363 34875
2364 34860
2365 34955
2366 34638
2367 34818
2368 35054
2369 34792
2370 34877
2371 34975
2372 34697
2373 34850
2374 34881
2375 35177
2376 34946
2377 34731
2378 34543
2379 34825
2380 34908
2381 34838
2382 34573
2383 34468
2384 34869
2385 34764
2386 34699
2387 34708
2388 34825
2389 34848
2390 34725
2391 34749
2392 34575
2393 34895
2394 34792
2395 34532
2396 34790
2397 34607
2398 34751
2399 34687
2400 34300
2401 34666
2402 35030
2403 34554
2404 34342
2405 34972
2406 34581
2407 34788
2408 34805
2409 34510
2410 34771
2411 34717
2412 34527
2413 34685
2414 34627
2415 34692
2416 34406
2417 34332
2418 34372
2419 34564
2420 34775
2421 34833
2422 34609
2423 34502
2424 34538
2425 34262
2426 34613
2427 34635
2428 34391
2429 34310
2430 34931
2431 34426
2432 34487
2433 34637
2434 34407
2435 34513
2436 35088
2437 34855
2438 34615
2439 34477
2440 34635
2441 34762
2442 34557
2443 34664
2444 34255
2445 34571
2446 34639
2447 34509
2448 34775
2449 34371
2450 34670
2451 34638
2452 34905
2453 34187
2454 34721
2455 34576
2456 34379
2457 34278
2458 34231
2459 34783
2460 34486
2461 34812
2462 34328
2463 34763
2464 34385
2465 34612
2466 34482
2467 34522
2468 34554
2469 34464
2470 34953
2471 34606
2472 34700
2473 34658
2474 34309
2475 34549
2476 34387
2477 34330
2478 34560
2479 34151
2480 34496
2481 34192
2482 34324
2483 34569
2484 34355
2485 34625
2486 34884
2487 34431
2488 34492
2489 34268
2490 34518
2491 34794
2492 34342
2493 34281
2494 34512
2495 34712
2496 34320
2497 34636
2498 34786
2499 34726
2500 34458
2501 34308
2502 34418
2503 34322
2504 34529
2505 34354
2506 34494
2507 34385
2508 34242
2509 34665
2510 34220
2511 34104
2512 34189
2513 34284
2514 34339
2515 34439
2516 34246
2517 34513
2518 34372
2519 34221
2520 34326
2521 34237
2522 34515
2523 34350
2524 34395
2525 34468
2526 34227
2527 34216
2528 34237
2529 34275
2530 34212
2531 34224
2532 34168
2533 34355
2534 34360
2535 34389
2536 34142
2537 34359
2538 33799
2539 33731
2540 34070
2541 33828
2542 34231
2543 34059
2544 33852
2545 34108
2546 33911
2547 33972
2548 34081
2549 33860
2550 33897
2551 33962
2552 33919
2553 34057
2554 33836
2555 33738
2556 34038
2557 34015
2558 34134
2559 33613
2560 34027
2561 34080
2562 33920
2563 33590
2564 33869
2565 33700
2566 33803
2567 33702
2568 33960
2569 33658
2570 34035
2571 33912
2572 33824
2573 33869
2574 33597
2575 33858
2576 33530
2577 34000
2578 33679
2579 33713
2580 33811
2581 33558
2582 33607
2583 33623
2584 33721
2585 33681
2586 33340
2587 33459
2588 33525
2589 33679
2590 33837
2591 33685
2592 33970
2593 33864
2594 33971
2595 33680
2596 33483
2597 33631
2598 33766
2599 33824
2600 33640
2601 34093
2602 33718
2603 33781
2604 34081
2605 33553
2606 33670
2607 33991
2608 33602
2609 33732
2610 34045
2611 33991
2612 33678
2613 33864
2614 34332
2615 34056
2616 33871
2617 33836
2618 34147
2619 33787
2620 34080
2621 34411
2622 34032
2623 34217
2624 34095
2625 33997
2626 34181
2627 33970
2628 34283
2629 34250
2630 34308
2631 34008
2632 34273
2633 33891
2634 33990
2635 34660
2636 33842
2637 34213
2638 34040
2639 34124
2640 34362
2641 33926
2642 34146
2643 34315
2644 34177
2645 34146
2646 33962
2647 34121
2648 34425
2649 33936
2650 33906
2651 34225
2652 34035
2653 34275
2654 34027
2655 34120
2656 34345
2657 34251
2658 34102
2659 34266
2660 34254
2661 33945
2662 33876
2663 34411
2664 34372
2665 34278
2666 34532
2667 34359
2668 34324
2669 34200
2670 34372
2671 33871
2672 34309
2673 34369
2674 34143
2675 34381
2676 34560
2677 34490
2678 34837
2679 34416
2680 34381
2681 34530
2682 34681
2683 34847
2684 34879
2685 34993
2686 34869
2687 35036
2688 34898
2689 35000
2690 34916
2691 34761
2692 34791
2693 34762
2694 34886
2695 35247
2696 34850
2697 35197
2698 35052
2699 35105
2700 35535
2701 34920
2702 35406
2703 35412
2704 35437
2705 35475
2706 35871
2707 35808
2708 35614
2709 35981
2710 35602
2711 36033
2712 36153
2713 36239
2714 36000
2715 36191
2716 35963
2717 36510
2718 36561
2719 36281
2720 36711
2721 37013
2722 36997
2723 37213
2724 37191
2725 37552
2726 37574
2727 37603
2728 37772
2729 37986
2730 38235
2731 38263
2732 38829
2733 38811
2734 38692
2735 39075
2736 39149
2737 39817
2738 39161
2739 39552
2740 39542
2741 39591
2742 39934
2743 39674
2744 39655
2745 39534
2746 39437
2747 39352
2748 39311
2749 39048
2750 39189
2751 39324
2752 38664
2753 38708
2754 38567
2755 38183
2756 37917
2757 37643
2758 37437
2759 37424
2760 37350
2761 37350
2762 36857
2763 36903
2764 36556
2765 36560
2766 36455
2767 36259
2768 36144
2769 36076
2770 36096
2771 35737
2772 35580
2773 35692
2774 35601
2775 35286
2776 35605
2777 35487
2778 35591
2779 35397
2780 35317
2781 35204
2782 34930
2783 35437
2784 35141
2785 34829
2786 35152
2787 34808
2788 35358
2789 35249
2790 35054
2791 35245
2792 34837
2793 35287
2794 34535
2795 34805
2796 34973
2797 35159
2798 35045
2799 35064
2800 35000
2801 35034
2802 35115
2803 34885
2804 34834
2805 34655
2806 35046
2807 34616
2808 34612
2809 34836
2810 35217
2811 34759
2812 34831
2813 35054
2814 34670
2815 34921
2816 35091
2817 34966
2818 34923
2819 35098
2820 34815
2821 34983
2822 34927
2823 34681
2824 35210
2825 34885
2826 35069
2827 34837
2828 34736
2829 35079
2830 34810
2831 34919
2832 34636
2833 34497
2834 34732
2835 35238
2836 34712
2837 34846
2838 35168
2839 35216
2840 34701
2841 34887
2842 34772
2843 34820
2844 34887
2845 35182
2846 34915
2847 34646
2848 34816
2849 35175
2850 34959
2851 34661
2852 34729
2853 35015
2854 34840
2855 34857
2856 34749
2857 34995
2858 35071
2859 34807
2860 34792
2861 35027
2862 35190
2863 34824
2864 34852
2865 34914
2866 35123
2867 34903
2868 34906
2869 35129
2870 34874
2871 34982
2872 34712
2873 34802
2874 34868
2875 34536
2876 34732
2877 34986
2878 34867
2879 34882
2880 34812
2881 35012
2882 34837
2883 35216
2884 35159
2885 35309
2886 34928
2887 34833
2888 35315
2889 35172
2890 34963
2891 34906
2892 34920
2893 35001
2894 34891
2895 35201
2896 34684
2897 34990
2898 34834
2899 34921
2900 34710
2901 35100
2902 35214
2903 35179
2904 35253
2905 34874
2906 34861
2907 35044
2908 35194
2909 34954
2910 35293
2911 35324
2912 35184
2913 34945
2914 34956
2915 34810
2916 34835
2917 35427
2918 35008
2919 34861
2920 35215
2921 34997
2922 34916
2923 35067
2924 34925
2925 35281
2926 34989
2927 34890
2928 35087
2929 34941
2930 35239
2931 35095
2932 34824
2933 34914
2934 35364
2935 35186
2936 34836
2937 35159
2938 35253
2939 35272
2940 35123
2941 34998
2942 35051
2943 35008
2944 35195
2945 35043
2946 35252
2947 35169
2948 35336
2949 34745
2950 35439
2951 35031
2952 35430
2953 35355
2954 35140
2955 35282
2956 35243
2957 35178
2958 35064
2959 35321
2960 34929
2961 35307
2962 34932
2963 35086
2964 35370
2965 35177
2966 34808
2967 35098
2968 35286
2969 35231
2970 34919
2971 35088
2972 35387
2973 35379
2974 35342
2975 35410
2976 35567
2977 35336
2978 34913
2979 35294
2980 35173
2981 35400
2982 34950
2983 35347
2984 35176
2985 35427
2986 34931
2987 35606
2988 35259
2989 35482
2990 35300
2991 35333
2992 35566
2993 35381
2994 35526
2995 35169
2996 35218
2997 35166
2998 35280
2999 35491
3000 35251
3001 35324
3002 35327
3003 35233
3004 35271
3005 35339
3006 35582
3007 35248
3008 35383
3009 35395
3010 35172
3011 35380
3012 35100
3013 35119
3014 35351
3015 35512
3016 35192
3017 35553
3018 35428
3019 35733
3020 35521
3021 35374
3022 35370
3023 35805
3024 35670
3025 35737
3026 35734
3027 35320
3028 35483
3029 35743
3030 35621
3031 35422
3032 35528
3033 35577
3034 35531
3035 35642
3036 35424
3037 35801
3038 35273
3039 35337
3040 35561
3041 35493
3042 35362
3043 35687
3044 35806
3045 35683
3046 35522
3047 35404
3048 35275
3049 35149
3050 35253
3051 35650
3052 36138
3053 35364
3054 35405
3055 35293
3056 35661
3057 35586
3058 35399
3059 35700
3060 35512
3061 35303
3062 35476
3063 35635
3064 35612
3065 35751
3066 35544
3067 35532
3068 35448
3069 35448
3070 35626
3071 35446
3072 35769
3073 35361
3074 35116
3075 35712
3076 35222
3077 35495
3078 35681
3079 35648
3080 35693
3081 35800
3082 35464
3083 35572
3084 35834
3085 35631
3086 35396
3087 35604
3088 35435
3089 35886
3090 35552
3091 35573
3092 35672
3093 35846
3094 35591
3095 35455
3096 35219
3097 35836
3098 35524
3099 35660
3100 35735
3101 35599
3102 35539
3103 35725
3104 35898
3105 35517
3106 35715
3107 35765
3108 35599
3109 35511
3110 35820
3111 35456
3112 35848
3113 35598
3114 35781
3115 35471
3116 35800
3117 35549
3118 35618
3119 35623
3120 35578
3121 35886
3122 35602
3123 35773
3124 35720
3125 35579
3126 35427
3127 35603
3128 35416
3129 35892
3130 35676
3131 35525
3132 35531
3133 35488
3134 35552
3135 35448
3136 35410
3137 35607
3138 35732
3139 35891
3140 35270
3141 35502
3142 35740
3143 35797
3144 35415
3145 35590
3146 35455
3147 35285
3148 35363
3149 35548
3150 35635
3151 35497
3152 35605
3153 36139
3154 35578
3155 35698
3156 35609
3157 35768
3158 35768
3159 35414
3160 35872
3161 35598
3162 35796
3163 35511
3164 35816
3165 35589
3166 35371
3167 35731
3168 35653
3169 35352
3170 35665
3171 35801
3172 35788
3173 35683
3174 35676
3175 35335
3176 35851
3177 35657
3178 35629
3179 35241
3180 35786
3181 35346
3182 35490
3183 35858
3184 35665
3185 35637
3186 35772
3187 35487
3188 35548
3189 35645
3190 35694
3191 35463
3192 35984
3193 35680
3194 36138
3195 36013
3196 35558
3197 35576
3198 35894
3199 35751
3200 35397
3201 35844
3202 35529
3203 35370
3204 35436
3205 35707
3206 35721
3207 35751
3208 35741
3209 35798
3210 35598
3211 35409
3212 35646
3213 35786
3214 35870
3215 35361
3216 35804
3217 36082
3218 35900
3219 35747
3220 35605
3221 35797
3222 35471
3223 35691
3224 35985
3225 35690
3226 35636
3227 35557
3228 35427
3229 35710
3230 35808
3231 36195
3232 35363
3233 35954
3234 35935
3235 35684
3236 35642
3237 35969
3238 35755
3239 36026
3240 35605
3241 35450
3242 35955
3243 36085
3244 35805
3245 35879
3246 35826
3247 35486
3248 35790
3249 36069
3250 35917
3251 36027
3252 36334
3253 35887
3254 35874
3255 36117
3256 36177
3257 36041
3258 36279
3259 36227
3260 36215
3261 35818
3262 36134
3263 36230
3264 36182
3265 36387
3266 36309
3267 36525
3268 36301
3269 36574
3270 36462
3271 36550
3272 36474
3273 36685
3274 36602
3275 36584
3276 36735
3277 37096
3278 37017
3279 36639
3280 37225
3281 37357
3282 37347
3283 37183
3284 37537
3285 37506
3286 37895
3287 37952
3288 38192
3289 38621
3290 38358
3291 38543
3292 38685
3293 39222
3294 39163
3295 39327
3296 39593
3297 39834
3298 40110
3299 40307
3300 40354
3301 40654
3302 40697
3303 40853
3304 41248
3305 41387
3306 41517
3307 41289
3308 41302
3309 41631
3310 41356
3311 41333
3312 41438
3313 41175
3314 40749
3315 40589
3316 40513
3317 40517
3318 40261
3319 40508
3320 39768
3321 39448
3322 39498
3323 39595
3324 39270
3325 38800
3326 39015
3327 38644
3328 38262
3329 38456
3330 38040
3331 38434
3332 37801
3333 37641
3334 37801
3335 37318
3336 37461
3337 36998
3338 37310
3339 37079
3340 36590
3341 37126
3342 36853
3343 36909
3344 36655
3345 36656
3346 36473
3347 36301
3348 36007
3349 36463
3350 36290
3351 36653
3352 36544
3353 36201
3354 36283
3355 36451
3356 36355
3357 36054
3358 36296
3359 36324
3360 36045
3361 35983
3362 35959
3363 36094
3364 35991
3365 36162
3366 35727
3367 35929
3368 35899
3369 35937
3370 35802
3371 35752
3372 35641
3373 35774
3374 35706
3375 35890
3376 35833
3377 35895
3378 35906
3379 36088
3380 35630
3381 35861
3382 35911
3383 35964
3384 35747
3385 35508
3386 35662
3387 35920
3388 35404
3389 35721
3390 35811
3391 35742
3392 35737
3393 35767
3394 35571
3395 35641
3396 35664
3397 35916
3398 35777
3399 35640
3400 35376
3401 35488
3402 35589
3403 35799
3404 35577
3405 35788
3406 35799
3407 35839
3408 35566
3409 35262
3410 35537
3411 35830
3412 35805
3413 35551
3414 35385
3415 35394
3416 35384
3417 35383
3418 35470
3419 35362
3420 35328
3421 35408
3422 35821
3423 35437
3424 35462
3425 35738
3426 35446
3427 35401
3428 35758
3429 35557
3430 35708
3431 35223
3432 35445
3433 35676
3434 35428
3435 35347
3436 35383
3437 35525
3438 35426
3439 35365
3440 35775
3441 35624
3442 35514
3443 35726
3444 35344
3445 35291
3446 35499
3447 35397
3448 35485
3449 35341
3450 35456
3451 35838
3452 35767
3453 35806
3454 35674
3455 35577
3456 35266
3457 35275
3458 35405
3459 35184
3460 35540
3461 35374
3462 35775
3463 35653
3464 35411
3465 35441
3466 35530
3467 35672
3468 35302
3469 35232
3470 35590
3471 35280
3472 35502
3473 35393
3474 35546
3475 35492
3476 35406
3477 35361
3478 35647
3479 35109
3480 35724
3481 35303
3482 35349
3483 35266
3484 35608
3485 35853
3486 35122
3487 35296
3488 35632
3489 35355
3490 35518
3491 35699
3492 34870
3493 35167
3494 35608
3495 35263
3496 35636
3497 35637
3498 35473
3499 35307
3500 35871
3501 35502
3502 35165
3503 35368
3504 35502
3505 35394
3506 35700
3507 35430
3508 35503
3509 35506
3510 35275
3511 35500
3512 35392
3513 35253
3514 35562
3515 35235
3516 35262
3517 35564
3518 35507
3519 35291
3520 35627
3521 35351
3522 35643
3523 35525
3524 35455
3525 35434
3526 35060
3527 35765
3528 35088
3529 35376
3530 35688
3531 35305
3532 35802
3533 35586
3534 34986
3535 35372
3536 35094
3537 35585
3538 35274
3539 35373
3540 35463
3541 35582
3542 35142
3543 35187
3544 35482
3545 35450
3546 35340
3547 35428
3548 35658
3549 35532
3550 35606
3551 35706
3552 35414
3553 35208
3554 35694
3555 35218
3556 35435
3557 35526
3558 35695
3559 35508
3560 35575
3561 35736
3562 35319
3563 35352
3564 35584
3565 35441
3566 35502
3567 35337
3568 35741
3569 35579
3570 35303
3571 35842
3572 35288
3573 35226
3574 35710
3575 35676
3576 35320
3577 35412
3578 35684
3579 35633
3580 35683
3581 35501
3582 35329
3583 35413
3584 35770
3585 35140
3586 35460
3587 35558
3588 35383
3589 35270
3590 35436
3591 35307
3592 35315
3593 35684
3594 35346
3595 35321
3596 35438
3597 35606
3598 35386
3599 35448
3600 35421
3601 35771
3602 35679
3603 35765
3604 35361
3605 35647
3606 35694
3607 35238
3608 35418
3609 35333
3610 36028
3611 35455
3612 35778
3613 35620
3614 35693
3615 35713
3616 35870
3617 35550
3618 35362
3619 35720
3620 36211
3621 35564
3622 35370
3623 35382
3624 35770
3625 35479
3626 35502
3627 35683
3628 35615
3629 35637
3630 35205
3631 35674
3632 35868
3633 35888
3634 35756
3635 35593
3636 35453
3637 35231
3638 35539
3639 35565
3640 35641
3641 35336
3642 35711
3643 35564
3644 35470
3645 35639
3646 35508
3647 35511
3648 35571
3649 35670
3650 36043
3651 35512
3652 35477
3653 35781
3654 35767
3655 35714
3656 35793
3657 36133
3658 35338
3659 35814
3660 35800
3661 35609
3662 35872
3663 35703
3664 35850
3665 35410
3666 35681
3667 35814
3668 35730
3669 35955
3670 35450
3671 35956
3672 36171
3673 35824
3674 35461
3675 35595
3676 35526
3677 35436
3678 35721
3679 36105
3680 35863
3681 35849
3682 36091
3683 35866
3684 35709
3685 35806
3686 36111
3687 35871
3688 35848
3689 35661
3690 36276
3691 36049
3692 35841
3693 36256
3694 35779
3695 36102
3696 36309
3697 35939
3698 36299
3699 36405
3700 36543
3701 36115
3702 36338
3703 36591
3704 36190
3705 36986
3706 36397
3707 36751
3708 36508
3709 36658
3710 36994
3711 36674
3712 37078
3713 36786
3714 37346
3715 37092
3716 37279
3717 37502
3718 37474
3719 37424
3720 37824
3721 37906
3722 38075
3723 38139
3724 38554
3725 38394
3726 38547
3727 38779
3728 39118
3729 38929
3730 39603
3731 39587
3732 39574
3733 40044
3734 40194
3735 39836
3736 40391
3737 40715
3738 40507
3739 40738
3740 40930
3741 41099
3742 41042
3743 41204
3744 41236
3745 41109
3746 41786
3747 41331
3748 41290
3749 41042
3750 41146
3751 40770
3752 40656
3753 40562
3754 40382
3755 40263
3756 39930
3757 39783
3758 39464
3759 39294
3760 38895
3761 38570
3762 38555
3763 38357
3764 38467
3765 38284
3766 38049
3767 37686
3768 37844
3769 37476
3770 37361
3771 37389
3772 36953
3773 37136
3774 37234
3775 36671
3776 36969
3777 36699
3778 36723
3779 36483
3780 36632
3781 36453
3782 36469
3783 36403
3784 36694
3785 36364
3786 36005
3787 35778
3788 36465
3789 36381
3790 36192
3791 36212
3792 36043
3793 36419
3794 36093
3795 36198
3796 35938
3797 35954
3798 35763
3799 35643
3800 35823
3801 35876
3802 35746
3803 35768
3804 36057
3805 35826
3806 35961
3807 36022
3808 35859
3809 35864
3810 35919
3811 35943
3812 35965
3813 35515
3814 35854
3815 35945
3816 35880
3817 35789
3818 35946
3819 35600
3820 35806
3821 35780
3822 35911
3823 35578
3824 35803
3825 35627
3826 35620
3827 35576
3828 35570
3829 35888
3830 35705
3831 35715
3832 35956
3833 35610
3834 35467
3835 36039
3836 35746
3837 35619
3838 35719
3839 36043
3840 35411
3841 35625
3842 35809
3843 35411
3844 35573
3845 35886
3846 35635
3847 35580
3848 35657
3849 35169
3850 35624
3851 35656
3852 35746
3853 35502
3854 35803
3855 35591
3856 35669
3857 35655
3858 35618
3859 35696
3860 35707
3861 35600
3862 35611
3863 35490
3864 35700
3865 35534
3866 35630
3867 35215
3868 35269
3869 35255
3870 35547
3871 35431
3872 35543
3873 35347
3874 35358
3875 35460
3876 35338
3877 35327
3878 35700
3879 35432
3880 35671
3881 35334
3882 35226
3883 35664
3884 36044
3885 35467
3886 35738
3887 35460
3888 35697
3889 35747
3890 35611
3891 35529
3892 35561
3893 35501
3894 35640
3895 35375
3896 35496
3897 35498
3898 35642
3899 35655
3900 35593
3901 35509
3902 35513
3903 35675
3904 35928
3905 35491
3906 35224
3907 35246
3908 35455
3909 35321
3910 35537
3911 35535
3912 35843
3913 35522
3914 35362
3915 35803
3916 35654
3917 35369
3918 35397
3919 35610
3920 35432
3921 35563
3922 35426
3923 35556
3924 35695
3925 35424
3926 35416
3927 35751
3928 35814
3929 35379
3930 35448
3931 35558
3932 35510
3933 35553
3934 35442
3935 35455
3936 35595
3937 35612
3938 35068
3939 35337
3940 35506
3941 35715
3942 35488
3943 35511
3944 35302
3945 35455
3946 35502
3947 35488
3948 35360
3949 35640
3950 35638
3951 35479
3952 35457
3953 35399
3954 35642
3955 35126
3956 35307
3957 35474
3958 35625
3959 35364
3960 35474
3961 35357
3962 35252
3963 35298
3964 35581
3965 35316
3966 35316
3967 35603
3968 35164
3969 35421
3970 35491
3971 35538
3972 35438
3973 35190
3974 35812
3975 35609
3976 35519
3977 35672
3978 35816
3979 35340
3980 35453
3981 35355
3982 35487
3983 35511
3984 35589
3985 35684
3986 35749
3987 35710
3988 35407
3989 35277
3990 35570
3991 35595
3992 35540
3993 35466
3994 35335
3995 35213
3996 35434
3997 35370
3998 35593
3999 35763
4000 35793
4001 35472
4002 35032
4003 35240
4004 35369
4005 35708
4006 35253
4007 35192
4008 35568
4009 35240
4010 35653
4011 35810
4012 35513
4013 35525
4014 35325
4015 35478
4016 35634
4017 35206
4018 35519
4019 35311
4020 35453
4021 35178
4022 35373
4023 35712
4024 35418
4025 35578
4026 35445
4027 35365
4028 35494
4029 35429
4030 35703
4031 35273
4032 35269
4033 35770
4034 35767
4035 35775
4036 35307
4037 35588
4038 35251
4039 35495
4040 35712
4041 35507
4042 35714
4043 35320
4044 35488
4045 35378
4046 35621
4047 35254
4048 35326
4049 35362
4050 35645
4051 35186
4052 35108
4053 35251
4054 35437
4055 35255
4056 35203
4057 35322
4058 35138
4059 35504
4060 35270
4061 35414
4062 35305
4063 35481
4064 35210
4065 35402
4066 35306
4067 35575
4068 35386
4069 35115
4070 35190
4071 35397
4072 35157
4073 35334
4074 35346
4075 35085
4076 35500
4077 35320
4078 35476
4079 35356
4080 35631
4081 35134
4082 35150
4083 35213
4084 35456
4085 35458
4086 35467
4087 35477
4088 35321
4089 35780
4090 35228
4091 35248
4092 34984
4093 34933
4094 35147
4095 35332
4096 35252
4097 34981
4098 35261
4099 35486
4100 35169
4101 35281
4102 35499
4103 35373
4104 35372
4105 35614
4106 35467
4107 35317
4108 35370
4109 34818
4110 34942
4111 35088
4112 35160
4113 35304
4114 35234
4115 35045
4116 34945
4117 35086
4118 35236
4119 35181
4120 35146
4121 35344
4122 35446
4123 35087
4124 35008
4125 35131
4126 34898
4127 34996
4128 35296
4129 35214
4130 35116
4131 35057
4132 35233
4133 35278
4134 35342
4135 35001
4136 35165
4137 34837
4138 35169
4139 35343
4140 35002
4141 34999
4142 35096
4143 35287
4144 35506
4145 35205
4146 35056
4147 34972
4148 35069
4149 34985
4150 35422
4151 34909
4152 34807
4153 35166
4154 35097
4155 35106
4156 35058
4157 35026
4158 35119
4159 35048
4160 34989
4161 35115
4162 34787
4163 35448
4164 35051
4165 35152
4166 35229
4167 34959
4168 35111
4169 35022
4170 35293
4171 34803
4172 35351
4173 35003
4174 34952
4175 35154
4176 35107
4177 34858
4178 35076
4179 35327
4180 35111
4181 35003
4182 35067
4183 35265
4184 35129
4185 34871
4186 35150
4187 35173
4188 35395
4189 35021
4190 35395
4191 35121
4192 35301
4193 35064
4194 35049
4195 35445
4196 35290
4197 35335
4198 35293
4199 35102
4200 35474
4201 35221
4202 35305
4203 35145
4204 35549
4205 35127
4206 35169
4207 35082
4208 35290
4209 35555
4210 35134
4211 35173
4212 35447
4213 35414
4214 35679
4215 35221
4216 34758
4217 35374
4218 35005
4219 35274
4220 35171
4221 35397
4222 35070
4223 35440
4224 35479
4225 35365
4226 35286
4227 35577
4228 35438
4229 35243
4230 35154
4231 35248
4232 35440
4233 35218
4234 35035
4235 34989
4236 35301
4237 35562
4238 35281
4239 35246
4240 35388
4241 35411
4242 34965
4243 35335
4244 35369
4245 35418
4246 35232
4247 35524
4248 35225
4249 35682
4250 35041
4251 35630
4252 35524
4253 35586
4254 35931
4255 35798
4256 35305
4257 35959
4258 35438
4259 35699
4260 35401
4261 35759
4262 35755
4263 35794
4264 35727
4265 36093
4266 35906
4267 35929
4268 35990
4269 35919
4270 35953
4271 36358
4272 36047
4273 36216
4274 36198
4275 36671
4276 36192
4277 36642
4278 36553
4279 36536
4280 36595
4281 36885
4282 36838
4283 36837
4284 37498
4285 37265
4286 37641
4287 37813
4288 37883
4289 38082
4290 38229
4291 38562
4292 38873
4293 38828
4294 39595
4295 39646
4296 39678
4297 39879
4298 40316
4299 40353
4300 40483
4301 40546
4302 40632
4303 41147
4304 41237
4305 40985
4306 40934
4307 41201
4308 41209
4309 40821
4310 40851
4311 40954
4312 40887
4313 40892
4314 40434
4315 40265
4316 40162
4317 39870
4318 40017
4319 39520
4320 39391
4321 39100
4322 39182
4323 38855
4324 38942
4325 38575
4326 38304
4327 38308
4328 38153
4329 38225
4330 37790
4331 37800
4332 37662
4333 37224
4334 37513
4335 37322
4336 36977
4337 37191
4338 37024
4339 36673
4340 36592
4341 36954
4342 36871
4343 36673
4344 36464
4345 36608
4346 36486
4347 36074
4348 36405
4349 36785
4350 36154
4351 36441
4352 36484
4353 36192
4354 36373
4355 36078
4356 36454
4357 36350
4358 36094
4359 35934
4360 36080
4361 36411
4362 36197
4363 35961
4364 36151
4365 36115
4366 35966
4367 35927
4368 35563
4369 36085
4370 36231
4371 36384
4372 35865
4373 35971
4374 36014
4375 36108
4376 36071
4377 35845
4378 35976
4379 35929
4380 35748
4381 35894
4382 36374
4383 35940
4384 35930
4385 35495
4386 35818
4387 35756
4388 36036
4389 35852
4390 35618
4391 35944
4392 36078
4393 36110
4394 35760
4395 35287
4396 35958
4397 35855
4398 35685
4399 35758
4400 36099
4401 35821
4402 35811
4403 35884
4404 35777
4405 35788
4406 35644
4407 35996
4408 35756
4409 35666
4410 35666
4411 35783
4412 35791
4413 35719
4414 36109
4415 35960
4416 35848
4417 35990
4418 36129
4419 35820
4420 35994
4421 35653
4422 36061
4423 36221
4424 35548
4425 35916
4426 35561
4427 35769
4428 35662
4429 35468
4430 35495
4431 35797
4432 35737
4433 35842
4434 36122
4435 35883
4436 35724
4437 35687
4438 35639
4439 35942
4440 36033
4441 35715
4442 35796
4443 35636
4444 35679
4445 36073
4446 35741
4447 35725
4448 35665
4449 35808
4450 36046
4451 35888
4452 35910
4453 35950
4454 35699
4455 35790
4456 35848
4457 35783
4458 35941
4459 35885
4460 35879
4461 36140
4462 35611
4463 35760
4464 35738
4465 35689
4466 35659
4467 36078
4468 35611
4469 35655
4470 35797
4471 35825
4472 35889
4473 35813
4474 36130
4475 36049
4476 35862
4477 35980
4478 36301
4479 35533
4480 35749
4481 35579
4482 36027
4483 35681
4484 35993
4485 35800
4486 35808
4487 35892
4488 35684
4489 36093
4490 35782
4491 35685
4492 36178
4493 35552
4494 35742
4495 35754
4496 35921
4497 35944
4498 35946
4499 35835
4500 36214
4501 35398
4502 35954
4503 35789
4504 35954
4505 35959
4506 35777
4507 36025
4508 35743
4509 35923
4510 35821
4511 35939
4512 35957
4513 36091
4514 36024
4515 36400
4516 35870
4517 35812
4518 35558
4519 35590
4520 35776
4521 35992
4522 35726
4523 35872
4524 35611
4525 35842
4526 35912
4527 35974
4528 35756
4529 35798
4530 35713
4531 35831
4532 35838
4533 35706
4534 35734
4535 35897
4536 35708
4537 35594
4538 36123
4539 35942
4540 36080
4541 35931
4542 35781
4543 36136
4544 35698
4545 35952
4546 36176
4547 35840
4548 35805
4549 35794
4550 36191
4551 36029
4552 36077
4553 35883
4554 36053
4555 36270
4556 36258
4557 36218
4558 36087
4559 36123
4560 36206
4561 36197
4562 36183
4563 36146
4564 36002
4565 36015
4566 35924
4567 35959
4568 35972
4569 36314
4570 36232
4571 36457
4572 36377
4573 36401
4574 36261
4575 35922
4576 36244
4577 36374
4578 36071
4579 36256
4580 36350
4581 36422
4582 36406
4583 36316
4584 36319
4585 36186
4586 36280
4587 35966
4588 36084
4589 36182
4590 36166
4591 36309
4592 36248
4593 36124
4594 36097
4595 36629
4596 36556
4597 36272
4598 36037
4599 36297
4600 36401
4601 36026
4602 36434
4603 36531
4604 36211
4605 36269
4606 36350
4607 36147
4608 36279
4609 36217
4610 36565
4611 36140
4612 36260
4613 36120
4614 36354
4615 35843
4616 36558
4617 36265
4618 36307
4619 36064
4620 36417
4621 35898
4622 36367
4623 36406
4624 36209
4625 36417
4626 36300
4627 36113
4628 36236
4629 36303
4630 36341
4631 36372
4632 36436
4633 36343
4634 36201
4635 36428
4636 36378
4637 36101
4638 35957
4639 36180
4640 36139
4641 36263
4642 36361
4643 36005
4644 36258
4645 36481
4646 36465
4647 36359
4648 36417
4649 36218
4650 36233
4651 36297
4652 36763
4653 36251
4654 36461
4655 36412
4656 36579
4657 36085
4658 36331
4659 36088
4660 36125
4661 36367
4662 36453
4663 36533
4664 36587
4665 36197
4666 36583
4667 36578
4668 36467
4669 36555
4670 36430
4671 36491
4672 36635
4673 37046
4674 36254
4675 36208
4676 36728
4677 36705
4678 36752
4679 36570
4680 36838
4681 36422
4682 36721
4683 36677
4684 36501
4685 36769
4686 36891
4687 36895
4688 36791
4689 36564
4690 36786
4691 36523
4692 36574
4693 37033
4694 36879
4695 37033
4696 36818
4697 36754
4698 36989
4699 36730
4700 36975
4701 36945
4702 37008
4703 37041
4704 37118
4705 37299
4706 37436
4707 37323
4708 37410
4709 37411
4710 37592
4711 37787
4712 37573
4713 37833
4714 38174
4715 38014
4716 38186
4717 38234
4718 38020
4719 38390
4720 38264
4721 38624
4722 38682
4723 38808
4724 38527
4725 39036
4726 39382
4727 39466
4728 39613
4729 39953
4730 39962
4731 40281
4732 40230
4733 40570
4734 40760
4735 41010
4736 41020
4737 41173
4738 41512
4739 41474
4740 41903
4741 42054
4742 42049
4743 42284
4744 41923
4745 42250
4746 42049
4747 42292
4748 42357
4749 42469
4750 41853
4751 42028
4752 42146
4753 41992
4754 41450
4755 41341
4756 40975
4757 40799
4758 40534
4759 40426
4760 40344
4761 40161
4762 39810
4763 39767
4764 39413
4765 39441
4766 39111
4767 38928
4768 38749
4769 38850
4770 38470
4771 38352
4772 38226
4773 38060
4774 37977
4775 37729
4776 37451
4777 37574
4778 37757
4779 37615
4780 37321
4781 37527
4782 37602
4783 37374
4784 37417
4785 37253
4786 37476
4787 36920
4788 37392
4789 37194
4790 37075
4791 37165
4792 37150
4793 37056
4794 37123
4795 36651
4796 37058
4797 36465
4798 36795
4799 36787
4800 36951
4801 36859
4802 37004
4803 37231
4804 36825
4805 37023
4806 36848
4807 36706
4808 37070
4809 37014
4810 36804
4811 36759
4812 36663
4813 37169
4814 36932
4815 36886
4816 36974
4817 36736
4818 36723
4819 36854
4820 36915
4821 36757
4822 36624
4823 37022
4824 36935
4825 36901
4826 36721
4827 36636
4828 36613
4829 36549
4830 36616
4831 36579
4832 36357
4833 36520
4834 36508
4835 36800
4836 37041
4837 36392
4838 36460
4839 36794
4840 36657
4841 36577
4842 36644
4843 36993
4844 36784
4845 36956
4846 36528
4847 36629
4848 36556
4849 36919
4850 36941
4851 36518
4852 36714
4853 36914
4854 36702
4855 37078
4856 36597
4857 36586
4858 37004
4859 36778
4860 36724
4861 36708
4862 36853
4863 36927
4864 36883
4865 36520
4866 36622
4867 36958
4868 36910
4869 36590
4870 36782
4871 36586
4872 36699
4873 36838
4874 37025
4875 36826
4876 36934
4877 36662
4878 36715
4879 36699
4880 36937
4881 36675
4882 36477
4883 36714
4884 36482
4885 36557
4886 36382
4887 36457
4888 36196
4889 36397
4890 36713
4891 36590
4892 36584
4893 36746
4894 36947
4895 36641
4896 36477
4897 36615
4898 36503
4899 36870
4900 36236
4901 36591
4902 36425
4903 36551
4904 37046
4905 36782
4906 36498
4907 36269
4908 36918
4909 36493
4910 36882
4911 36647
4912 36841
4913 36686
4914 36563
4915 36863
4916 36587
4917 36447
4918 36607
4919 37004
4920 36250
4921 36724
4922 36658
4923 36771
4924 36610
4925 36564
4926 36748
4927 36845
4928 36697
4929 36814
4930 36757
4931 36731
4932 36578
4933 36739
4934 36532
4935 36173
4936 36317
4937 36488
4938 36813
4939 36402
4940 36950
4941 36509
4942 36618
4943 36559
4944 36209
4945 36563
4946 36742
4947 36560
4948 36383
4949 36570
4950 36289
4951 36242
4952 36632
4953 36601
4954 36619
4955 36639
4956 36723
4957 36701
4958 36512
4959 36964
4960 36504
4961 36560
4962 36555
4963 36749
4964 36488
4965 36469
4966 36892
4967 36486
4968 36703
4969 36565
4970 36489
4971 36743
4972 36761
4973 36556
4974 36521
4975 36506
4976 36584
4977 36642
4978 36123
4979 36782
4980 36697
4981 36965
4982 36412
4983 36801
4984 36391
4985 36576
4986 37012
4987 36478
4988 36558
4989 36925
4990 36918
4991 36850
4992 36553
4993 36486
4994 36662
4995 36534
4996 36955
4997 36709
4998 36646
4999 36699
5000 36668
5001 36852
5002 36558
5003 36572
5004 36646
5005 36509
5006 36568
5007 36467
5008 36510
5009 36796
5010 36339
5011 36665
5012 36573
5013 36484
5014 36789
5015 36198
5016 36713
5017 36617
5018 36497
5019 36544
5020 36813
5021 36261
5022 36491
5023 36561
5024 36655
5025 36572
5026 36755
5027 36499
5028 36434
5029 36865
5030 36577
5031 36584
5032 36820
5033 36534
5034 36368
5035 36404
5036 36446
5037 36337
5038 36577
5039 36744
5040 36612
5041 36690
5042 36576
5043 36251
5044 36551
5045 36550
5046 36673
5047 36619
5048 36281
5049 36762
5050 36212
5051 36624
5052 36405
5053 36375
5054 36705
5055 36631
5056 36638
5057 36333
5058 36640
5059 36669
5060 36705
5061 36581
5062 36682
5063 36608
5064 36524
5065 36396
5066 36316
5067 36362
5068 36498
5069 36699
5070 36765
5071 36382
5072 36391
5073 36458
5074 36522
5075 36801
5076 36589
5077 36569
5078 36814
5079 36612
5080 36529
5081 36639
5082 36197
5083 36664
5084 36292
5085 36157
5086 36581
5087 36469
5088 36639
5089 36656
5090 36416
5091 36557
5092 36822
5093 36350
5094 36635
5095 36439
5096 36440
5097 36647
5098 36565
5099 36745
5100 36134
5101 36421
5102 36398
5103 36848
5104 36568
5105 36091
5106 36604
5107 36280
5108 36531
5109 36305
5110 36077
5111 36539
5112 36555
5113 36781
5114 36577
5115 36626
5116 36469
5117 36346
5118 36496
5119 36522
5120 36491
5121 36556
5122 36602
5123 36756
5124 36495
5125 36158
5126 36723
5127 36602
5128 36551
5129 36734
5130 36373
5131 36625
5132 36429
5133 36371
5134 36312
5135 36657
5136 36522
5137 36410
5138 36471
5139 36055
5140 36650
5141 36609
5142 36321
5143 36824
5144 36673
5145 36348
5146 36402
5147 36826
5148 36690
5149 36576
5150 36416
5151 36553
5152 36787
5153 36635
5154 36510
5155 36403
5156 36692
5157 36358
5158 36397
5159 36604
5160 36516
5161 36634
5162 36258
5163 36601
5164 36523
5165 36660
5166 36520
5167 36558
5168 36491
5169 36349
5170 36445
5171 36578
5172 36469
5173 36591
5174 36658
5175 36380
5176 36456
5177 36071
5178 36566
5179 36478
5180 36802
5181 36515
5182 36740
5183 36528
5184 36383
5185 36145
5186 36580
5187 36164
5188 36617
5189 36281
5190 36247
5191 36401
5192 36229
5193 36148
5194 36785
5195 36748
5196 36438
5197 36234
5198 36590
5199 36382
5200 36234
5201 36497
5202 36515
5203 36605
5204 36696
5205 36533
5206 36671
5207 36581
5208 36472
5209 36238
5210 36488
5211 36464
5212 36383
5213 36733
5214 36214
5215 36467
5216 36023
5217 36416
5218 36437
5219 36413
5220 36456
5221 36356
5222 36892
5223 36846
5224 36603
5225 36720
5226 36680
5227 36450
5228 36607
5229 36285
5230 36492
5231 36016
5232 36070
5233 36659
5234 36549
5235 36611
5236 36691
5237 36971
5238 36559
5239 36834
5240 36567
5241 36515
5242 36699
5243 36521
5244 36751
5245 36465
5246 36540
5247 36509
5248 36800
5249 36795
5250 36807
5251 36789
5252 36908
5253 36698
5254 36901
5255 36825
5256 36925
5257 36773
5258 36617
5259 36677
5260 36858
5261 37420
5262 36749
5263 36828
5264 36830
5265 37294
5266 36641
5267 37264
5268 36984
5269 37016
5270 37403
5271 37174
5272 36992
5273 37464
5274 37618
5275 37612
5276 37188
5277 37298
5278 37473
5279 37723
5280 37582
5281 37953
5282 37880
5283 37993
5284 38460
5285 38261
5286 38344
5287 38887
5288 38627
5289 38698
5290 39207
5291 39139
5292 39586
5293 39793
5294 39889
5295 40345
5296 40511
5297 40378
5298 40679
5299 41349
5300 41563
5301 41299
5302 41825
5303 41894
5304 42269
5305 42106
5306 42137
5307 42263
5308 42177
5309 42297
5310 42396
5311 41885
5312 42278
5313 41730
5314 41847
5315 41755
5316 41705
5317 41329
5318 41100
5319 41004
5320 40935
5321 40512
5322 40273
5323 39992
5324 40253
5325 40063
5326 39709
5327 39517
5328 39733
5329 39562
5330 39388
5331 39221
5332 38637
5333 38765
5334 38144
5335 38059
5336 38201
5337 38077
5338 38030
5339 37750
5340 37816
5341 37601
5342 37657
5343 37609
5344 37689
5345 37343
5346 37295
5347 37380
5348 37138
5349 37410
5350 37274
5351 36798
5352 36935
5353 37021
5354 37039
5355 37081
5356 36892
5357 36923
5358 37303
5359 36903
5360 36613
5361 37069
5362 36916
5363 37223
5364 36846
5365 37045
5366 36717
5367 36989
5368 36723
5369 37090
5370 36916
5371 36768
5372 36805
5373 36659
5374 36660
5375 36512
5376 36708
5377 36613
5378 36860
5379 36726
5380 36672
5381 36511
5382 36708
5383 36573
5384 36910
5385 36757
5386 36735
5387 36536
5388 36287
5389 36207
5390 36713
5391 36658
5392 36560
5393 36787
5394 36442
5395 36588
5396 36560
5397 36436
5398 36183
5399 36281
5400 36919
5401 36275
5402 36326
5403 36324
5404 36528
5405 36196
5406 36017
5407 36576
5408 36535
5409 36510
5410 36699
5411 36504
5412 36214
5413 36380
5414 36515
5415 36212
5416 36279
5417 36391
5418 36496
5419 36530
5420 36211
5421 36129
5422 36498
5423 36818
5424 36443
5425 36564
5426 36621
5427 36408
5428 36337
5429 36418
5430 36582
5431 36357
5432 36237
5433 36509
5434 36570
5435 36505
5436 36093
5437 36384
5438 36346
5439 36009
5440 36530
5441 36357
5442 36254
5443 36296
5444 36053
5445 36235
5446 36168
5447 36257
5448 36515
5449 36266
5450 36698
5451 36292
5452 36154
5453 36418
5454 36727
5455 36145
5456 36121
5457 36767
5458 36209
5459 36197
5460 36157
5461 35987
5462 36217
5463 36492
5464 36224
5465 36253
5466 36170
5467 36407
5468 36295
5469 36185
5470 36253
5471 36152
5472 36006
5473 36445
5474 36299
5475 36342
5476 36360
5477 35993
5478 35772
5479 36122
5480 36175
5481 36719
5482 36087
5483 36271
5484 36033
5485 36125
5486 35987
5487 35925
5488 36390
5489 36393
5490 36118
5491 35873
5492 36229
5493 35984
5494 36408
5495 36162
5496 35994
5497 36274
5498 36305
5499 36079
5500 35932
5501 36331
5502 35993
5503 35936
5504 36258
5505 35846
5506 36263
5507 36208
5508 35586
5509 36023
5510 36143
5511 36028
5512 35994
5513 35824
5514 35571
5515 36059
5516 36057
5517 35660
5518 35693
5519 36079
5520 36225
5521 35912
5522 35947
5523 36103
5524 36322
5525 35972
5526 35988
5527 36117
5528 35473
5529 35950
5530 36096
5531 36050
5532 35859
5533 35957
5534 35845
5535 36098
5536 36043
5537 36015
5538 35408
5539 36033
5540 36038
5541 35726
5542 35914
5543 35788
5544 36029
5545 36049
5546 35936
5547 36005
5548 35595
5549 36114
5550 35419
5551 35918
5552 35857
5553 36063
5554 35926
5555 35857
5556 35612
5557 35853
5558 35814
5559 36005
5560 35788
5561 35929
5562 35643
5563 35710
5564 35774
5565 35689
5566 35656
5567 35583
5568 35917
5569 36044
5570 36020
5571 35721
5572 35480
5573 35842
5574 35846
5575 35726
5576 35874
5577 35632
5578 35950
5579 35653
5580 35728
5581 35663
5582 35973
5583 35831
5584 35761
5585 35639
5586 35889
5587 35723
5588 35876
5589 35669
5590 35745
5591 35787
5592 36030
5593 35533
5594 36022
5595 35920
5596 35936
5597 35865
5598 35496
5599 35938
5600 35403
5601 35554
5602 35824
5603 35642
5604 36064
5605 35610
5606 35803
5607 35851
5608 35793
5609 35544
5610 35399
5611 35836
5612 35748
5613 35671
5614 35543
5615 35135
5616 35943
5617 35538
5618 35409
5619 35627
5620 35692
5621 35656
5622 35463
5623 35671
5624 35530
5625 35862
5626 35586
5627 35511
5628 35670
5629 35781
5630 35568
5631 35470
5632 35589
5633 35575
5634 35785
5635 35355
5636 35324
5637 35315
5638 35760
5639 35870
5640 35649
5641 35782
5642 35576
5643 35486
5644 35334
5645 35460
5646 35659
5647 35197
5648 35788
5649 35656
5650 35592
5651 35638
5652 35765
5653 35867
5654 35902
5655 35558
5656 35453
5657 35178
5658 35828
5659 35724
5660 35361
5661 35368
5662 35580
5663 35697
5664 35646
5665 35557
5666 35752
5667 35774
5668 35631
5669 35312
5670 35610
5671 35577
5672 35777
5673 35629
5674 35642
5675 35802
5676 35291
5677 35863
5678 35654
5679 35516
5680 36094
5681 35345
5682 35766
5683 35717
5684 35964
5685 35791
5686 35898
5687 35960
5688 35716
5689 35598
5690 35657
5691 35806
5692 35800
5693 35839
5694 35820
5695 35837
5696 36006
5697 35720
5698 35776
5699 35846
5700 36087
5701 36298
5702 36292
5703 36166
5704 36573
5705 35912
5706 36381
5707 36248
5708 36837
5709 36799
5710 36382
5711 36695
5712 36532
5713 36903
5714 37129
5715 36964
5716 37126
5717 37234
5718 37141
5719 37262
5720 37464
5721 37485
5722 37801
5723 38038
5724 38042
5725 38160
5726 38368
5727 38611
5728 38585
5729 38939
5730 39020
5731 39281
5732 39397
5733 39545
5734 39568
5735 39967
5736 40164
5737 40146
5738 40438
5739 40922
5740 40536
5741 41033
5742 40711
5743 40882
5744 40764
5745 40523
5746 40782
5747 40663
5748 40483
5749 40430
5750 40250
5751 39970
5752 39933
5753 39682
5754 39589
5755 39637
5756 39030
5757 38806
5758 38478
5759 38272
5760 38178
5761 38003
5762 37999
5763 37737
5764 37342
5765 37656
5766 37273
5767 36924
5768 37054
5769 36964
5770 36600
5771 36549
5772 36491
5773 36749
5774 36662
5775 36194
5776 36365
5777 36228
5778 35829
5779 36154
5780 36109
5781 36184
5782 36128
5783 36016
5784 35965
5785 35898
5786 35781
5787 35682
5788 36216
5789 35729
5790 35582
5791 35724
5792 36110
5793 35823
5794 35591
5795 35596
5796 35729
5797 35558
5798 35384
5799 35707
5800 35514
5801 35477
5802 35449
5803 35740
5804 35558
5805 35442
5806 35719
5807 35339
5808 35837
5809 35558
5810 35352
5811 35502
5812 35290
5813 35416
5814 35294
5815 35243
5816 35425
5817 35350
5818 35627
5819 35337
5820 35200
5821 35413
5822 35030
5823 35006
5824 35150
5825 35483
5826 35039
5827 35481
5828 35500
5829 35269
5830 35522
5831 35246
5832 35252
5833 35337
5834 35440
5835 35172
5836 35389
5837 35271
5838 35548
5839 35243
5840 35581
5841 35300
5842 35107
5843 35288
5844 35332
5845 35437
5846 34900
5847 35324
5848 35096
5849 35203
5850 35027
5851 35156
5852 35119
5853 35267
5854 35431
5855 35225
5856 35110
5857 35455
5858 35355
5859 35314
5860 35225
5861 35334
5862 35324
5863 35202
5864 35244
5865 35001
5866 35390
5867 34967
5868 34948
5869 35104
5870 35350
5871 35296
5872 35108
5873 35178
5874 35460
5875 35122
5876 35062
5877 35164
5878 35239
5879 35342
5880 34887
5881 34697
5882 35055
5883 34930
5884 35262
5885 35025
5886 35193
5887 35488
5888 35357
5889 35087
5890 34844
5891 35072
5892 35192
5893 35225
5894 35203
5895 35041
5896 34776
5897 35061
5898 35194
5899 34973
5900 34964
5901 35288
5902 35052
5903 35079
5904 35094
5905 35229
5906 34812
5907 34858
5908 34804
5909 34992
5910 35335
5911 35181
5912 35238
5913 34872
5914 35062
5915 35059
5916 34811
5917 34964
5918 35040
5919 34845
5920 34950
5921 34787
5922 34965
5923 34789
5924 34944
5925 35330
5926 34927
5927 35054
5928 34924
5929 34998
5930 34948
5931 34997
5932 34799
5933 34901
5934 34942
5935 34943
5936 34821
5937 34887
5938 34852
5939 34956
5940 35189
5941 35263
5942 35015
5943 35269
5944 35326
5945 35334
5946 35274
5947 34996
5948 34779
5949 34786
5950 34993
5951 35066
5952 34778
5953 35134
5954 35021
5955 35328
5956 35066
5957 35127
5958 34892
5959 34887
5960 34944
5961 35029
5962 35260
5963 34924
5964 34750
5965 35260
5966 35310
5967 35398
5968 35115
5969 35105
5970 35095
5971 35052
5972 34848
5973 35149
5974 34763
5975 34999
5976 34983
5977 35211
5978 35027
5979 34855
5980 34774
5981 35225
5982 34963
5983 35122
5984 34960
5985 35154
5986 34922
5987 35110
5988 35141
5989 34688
5990 34849
5991 35204
5992 34954
5993 34966
5994 35150
5995 34926
5996 35042
5997 35086
5998 34906
5999 35136
6000 34915
6001 34822
6002 34847
6003 34872
6004 34912
6005 35004
6006 34796
6007 34537
6008 35013
6009 34937
6010 35097
6011 35182
6012 34921
6013 34938
6014 34928
6015 34883
6016 34930
6017 35024
6018 35110
6019 34859
6020 34735
6021 34642
6022 34858
6023 34921
6024 34992
6025 34728
6026 34760
6027 35229
6028 34705
6029 35104
6030 35019
6031 35071
6032 34958
6033 34823
6034 35120
6035 34834
6036 34928
6037 34813
6038 35079
6039 34877
6040 34965
6041 35229
6042 35195
6043 34704
6044 34791
6045 34759
6046 34966
6047 34888
6048 34892
6049 34762
6050 35003
6051 34998
6052 34821
6053 34878
6054 34772
6055 34904
6056 35094
6057 34919
6058 34933
6059 35069
6060 35304
6061 35269
6062 34965
6063 34902
6064 35016
6065 35012
6066 34916
6067 34696
6068 34737
6069 35032
6070 34758
6071 34598
6072 34734
6073 34973
6074 34674
