H11890
GateTime 10
GateNumber 0
SN 30430302
0 246467
1 245869
2 246145
3 246187
4 245849
5 245842
6 246351
7 246155
8 246465
9 246505
10 246845
11 246884
12 246586
13 246053
14 246639
15 246811
16 246450
17 246364
18 246249
19 247025
20 247225
21 246824
22 246898
23 246966
24 246745
25 247224
26 246963
27 247079
28 246814
29 247301
30 247311
31 248077
32 247105
33 247807
34 247795
35 247837
36 248324
37 248118
38 248955
39 248417
40 248555
41 248489
42 249675
43 249274
44 249570
45 249555
46 249699
47 250249
48 249917
49 250237
50 250507
51 250862
52 251180
53 251690
54 251308
55 251383
56 251569
57 252019
58 251773
59 252176
60 251970
61 251976
62 251338
63 251532
64 251994
65 251887
66 251498
67 251546
68 251532
69 250645
70 250845
71 250891
72 250901
73 250348
74 250249
75 249499
76 249646
77 249345
78 249854
79 249090
80 248957
81 248888
82 248703
83 248331
84 248611
85 248391
86 247766
87 247827
88 247233
89 247808
90 247923
91 247715
92 247513
93 247576
94 247058
95 247070
96 247153
97 246881
98 247145
99 247037
100 246681
101 246663
102 246406
103 246443
104 246405
105 246386
106 246385
107 246450
108 246342
109 245982
110 246138
111 246563
112 245967
113 245616
114 245850
115 245624
116 246004
117 245998
118 246122
119 246053
120 245374
121 245599
122 245320
123 245237
124 246064
125 245446
126 245677
127 245910
128 245749
129 245439
130 245843
131 245672
132 245937
133 245704
134 245123
135 245198
136 245486
137 245186
138 245177
139 245622
140 245130
141 245946
142 245294
143 245413
144 245161
145 245294
146 245298
147 244859
148 245189
149 245293
150 244922
151 244848
152 245107
153 244973
154 245149
155 244940
156 244978
157 244807
158 244768
159 244815
160 244382
161 245006
162 244721
163 245043
164 244986
165 244437
166 244863
167 245252
168 244534
169 245221
170 244537
171 244376
172 244755
173 244819
174 245132
175 245162
176 245094
177 244703
178 244870
179 244192
180 244534
181 244466
182 245018
183 244307
184 244914
185 244588
186 245176
187 244539
188 244411
189 244548
190 244615
191 244671
192 244135
193 244973
194 244927
195 244900
196 244672
197 244877
198 244857
199 244590
200 244772
201 244762
202 244737
203 244829
204 244351
205 245109
206 244703
207 244539
208 245242
209 244134
210 245176
211 244797
212 244760
213 244728
214 245109
215 244934
216 244698
217 244622
218 244455
219 244841
220 244910
221 244721
222 244901
223 244984
224 244564
225 245168
226 244930
227 244681
228 245272
229 244590
230 244963
231 244738
232 244896
233 244638
234 244878
235 244972
236 244931
237 244775
238 245021
239 244975
240 244997
241 245003
242 245124
243 244846
244 245142
245 244778
246 244594
247 244796
248 244872
249 244179
250 244527
251 245066
252 244473
253 244381
254 243998
255 244003
256 244407
257 244040
258 244409
259 244670
260 244133
261 244216
262 244283
263 243975
264 243816
265 244209
266 244524
267 244083
268 244425
269 244476
270 244243
271 244274
272 244469
273 244399
274 244270
275 244839
276 244124
277 244915
278 244479
279 244518
280 244272
281 244686
282 244429
283 244683
284 244140
285 244110
286 244361
287 244310
288 244563
289 244765
290 244430
291 244701
292 244608
293 244735
294 244368
295 244441
296 244340
297 244765
298 244909
299 244403
300 244509
301 244557
302 244495
303 245147
304 245008
305 244424
306 244441
307 244259
308 244846
309 245317
310 245107
311 244314
312 244486
313 244777
314 244753
315 244600
316 244769
317 244567
318 244850
319 244840
320 244688
321 244734
322 244981
323 245149
324 245068
325 244814
326 244691
327 245244
328 244962
329 244801
330 245261
331 244696
332 245130
333 245225
334 244815
335 245176
336 244996
337 245444
338 244957
339 244791
340 245016
341 245529
342 245200
343 245485
344 244992
345 245350
346 245378
347 245580
348 245002
349 244887
350 245104
351 245232
352 245619
353 245251
354 245060
355 245866
356 245172
357 245644
358 245446
359 245752
360 244983
361 245294
362 245321
363 245598
364 245208
365 245480
366 245547
367 245388
368 245777
369 245521
370 245303
371 245253
372 245265
373 245817
374 245704
375 245840
376 245638
377 245450
378 245534
379 245757
380 245510
381 245447
382 245420
383 246133
384 245793
385 245497
386 245858
387 245816
388 245892
389 245545
390 245477
391 245862
392 245771
393 245796
394 245671
395 245410
396 245615
397 245904
398 245378
399 246132
400 246098
401 245364
402 245618
403 246109
404 246093
405 246220
406 246315
407 246176
408 246396
409 246175
410 246334
411 246220
412 246262
413 246156
414 246091
415 246257
416 246078
417 246467
418 245856
419 246442
420 246141
421 246315
422 247046
423 246492
424 246401
425 246305
426 246126
427 246352
428 246864
429 247169
430 246500
431 246473
432 246879
433 246438
434 246740
435 246671
436 246990
437 247547
438 247146
439 247224
440 247090
441 247021
442 246940
443 247473
444 246984
445 247362
446 247946
447 247299
448 247601
449 247342
450 247980
451 247802
452 247700
453 247641
454 248227
455 248182
456 248009
457 248161
458 248621
459 248374
460 248407
461 248845
462 249139
463 248973
464 249369
465 249018
466 249562
467 249285
468 249477
469 249311
470 250121
471 249837
472 249615
473 249520
474 250004
475 250585
476 250342
477 250532
478 250868
479 250584
480 251081
481 250949
482 251564
483 251839
484 251583
485 252062
486 252676
487 252669
488 253103
489 252912
490 253191
491 252976
492 252802
493 253083
494 253240
495 252989
496 253394
497 252914
498 253541
499 252812
500 252900
501 252741
502 252648
503 252622
504 251982
505 252436
506 252202
507 251917
508 251385
509 250998
510 250367
511 250923
512 251396
513 251011
514 250215
515 250290
516 250334
517 249791
518 249608
519 250218
520 249872
521 249568
522 249054
523 249282
524 249325
525 248553
526 248500
527 248705
528 248931
529 248546
530 248485
531 248136
532 248504
533 248445
534 248417
535 248305
536 248173
537 248228
538 247956
539 248067
540 248078
541 247658
542 248309
543 247869
544 248032
545 248210
546 247768
547 247823
548 247839
549 247740
550 247651
551 248267
552 247783
553 247621
554 247301
555 247378
556 247199
557 248261
558 247462
559 247741
560 247524
561 248127
562 247507
563 248006
564 247736
565 247612
566 247385
567 248066
568 247592
569 247184
570 248065
571 247077
572 248069
573 247687
574 247449
575 248159
576 247726
577 247508
578 247461
579 248444
580 247354
581 247538
582 248093
583 247689
584 247533
585 247681
586 247674
587 247463
588 247507
589 247353
590 247278
591 247379
592 247253
593 247248
594 247945
595 247526
596 247407
597 247851
598 247550
599 247443
600 246866
601 247350
602 247432
603 247026
604 247249
605 246894
606 247267
607 247319
608 247144
609 247152
610 247322
611 247562
612 246745
613 246964
614 247427
615 247492
616 247092
617 247236
618 246718
619 246935
620 247118
621 247144
622 247040
623 246830
624 247268
625 247055
626 247384
627 246814
628 247211
629 247331
630 247141
631 247208
632 247081
633 247123
634 247129
635 247277
636 246886
637 247074
638 247008
639 247290
640 247119
641 247058
642 246620
643 247017
644 246732
645 246878
646 246893
647 246948
648 246816
649 246827
650 246800
651 246705
652 246906
653 246809
654 246851
655 246901
656 247461
657 246654
658 247077
659 247338
660 246729
661 246534
662 247987
663 247212
664 246727
665 246669
666 247570
667 247718
668 247003
669 247164
670 247620
671 247468
672 247302
673 247200
674 246887
675 246840
676 246937
677 247382
678 247382
679 247592
680 247547
681 247144
682 247109
683 247085
684 246813
685 247917
686 247184
687 246885
688 247556
689 247245
690 247635
691 247177
692 247146
693 247245
694 247581
695 247611
696 246852
697 247448
698 247419
699 247196
700 247227
701 247139
702 247414
703 247456
704 247466
705 247637
706 247631
707 247611
708 247033
709 247445
710 247423
711 247294
712 247788
713 247027
714 247578
715 247753
716 247192
717 247638
718 247393
719 248170
720 247593
721 247275
722 247177
723 247054
724 247749
725 247032
726 247685
727 247391
728 247732
729 247212
730 247330
731 247244
732 247554
733 247561
734 247441
735 247461
736 247606
737 247766
738 247325
739 247558
740 247352
741 247213
742 247309
743 247029
744 247075
745 247314
746 247848
747 247677
748 247285
749 247365
750 247375
751 247739
752 246653
753 247367
754 247719
755 247186
756 247516
757 247609
758 247240
759 247791
760 247181
761 247283
762 247302
763 247957
764 247388
765 247281
766 247661
767 247947
768 247135
769 247363
770 247347
771 247568
772 247620
773 247583
774 247066
775 247410
776 247859
777 247536
778 247239
779 247504
780 248128
781 247413
782 247351
783 247660
784 247451
785 247223
786 247173
787 247048
788 247307
789 247772
790 247320
791 248238
792 247775
793 247504
794 247677
795 248073
796 247518
797 247835
798 247859
799 248041
800 247784
801 247597
802 247829
803 247664
804 247582
805 247680
806 247432
807 247404
808 247785
809 247722
810 247222
811 247866
812 247603
813 247663
814 248330
815 248070
816 247433
817 247837
818 247831
819 247114
820 247535
821 247656
822 247713
823 247964
824 247345
825 247217
826 247738
827 247438
828 247478
829 247254
830 247207
831 247524
832 247269
833 247356
834 247701
835 247152
836 247651
837 247123
838 247366
839 247833
840 247225
841 247743
842 247008
843 247706
844 247273
845 248084
846 247420
847 247262
848 247577
849 247467
850 247228
851 247103
852 247429
853 247242
854 247262
855 247627
856 247433
857 247738
858 247343
859 247305
860 247355
861 247167
862 247858
863 246910
864 247647
865 247379
866 247435
867 247273
868 247570
869 247101
870 247510
871 247382
872 247553
873 247396
874 247175
875 247449
876 247476
877 247438
878 247222
879 247570
880 247142
881 247779
882 247720
883 247727
884 247797
885 247382
886 247174
887 247594
888 247116
889 247563
890 247386
891 247424
892 247149
893 247364
894 247634
895 247802
896 247128
897 247527
898 247552
899 247491
900 247309
901 247775
902 247507
903 247609
904 247511
905 247554
906 247469
907 247416
908 248244
909 247578
910 247433
911 247858
912 247647
913 247880
914 247918
915 247737
916 247945
917 247315
918 247740
919 247410
920 247345
921 247333
922 247360
923 247705
924 247286
925 247439
926 247434
927 247350
928 247057
929 247287
930 247438
931 247537
932 247527
933 247781
934 247047
935 247231
936 247629
937 247188
938 247091
939 247174
940 247118
941 247720
942 247363
943 246987
944 248165
945 247622
946 248014
947 247698
948 247711
949 247773
950 247856
951 247639
952 247801
953 248004
954 248218
955 247845
956 248544
957 248289
958 248254
959 247959
960 247716
961 248104
962 248135
963 248366
964 248100
965 247774
966 248151
967 247951
968 247865
969 247850
970 247869
971 248258
972 247735
973 248437
974 248470
975 248249
976 248046
977 248032
978 247584
979 248028
980 247493
981 248155
982 248096
983 247972
984 248216
985 247828
986 247732
987 248413
988 248390
989 248146
990 248197
991 248045
992 247763
993 247551
994 247995
995 248104
996 248784
997 248077
998 247753
999 248020
1000 248157
1001 248158
1002 248097
1003 248523
1004 248399
1005 247614
1006 248702
1007 248498
1008 248250
1009 248857
1010 248939
1011 248916
1012 248626
1013 248419
1014 248752
1015 249152
1016 249313
1017 249319
1018 248916
1019 249221
1020 249044
1021 249533
1022 249767
1023 249178
1024 249855
1025 249790
1026 249391
1027 249622
1028 249840
1029 249795
1030 249676
1031 250613
1032 250287
1033 250433
1034 250728
1035 250596
1036 251141
1037 251474
1038 251619
1039 251239
1040 251145
1041 251600
1042 251826
1043 252116
1044 251851
1045 252680
1046 253154
1047 252734
1048 253031
1049 253436
1050 253300
1051 254274
1052 253596
1053 253992
1054 253619
1055 253845
1056 253488
1057 254247
1058 254036
1059 254806
1060 254143
1061 254291
1062 253424
1063 253767
1064 253610
1065 253560
1066 253748
1067 253385
1068 253743
1069 252640
1070 253114
1071 252470
1072 252691
1073 252747
1074 251947
1075 252239
1076 252119
1077 251755
1078 251584
1079 250709
1080 250932
1081 250846
1082 250801
1083 250555
1084 250854
1085 250598
1086 250219
1087 250066
1088 250135
1089 249886
1090 249722
1091 249853
1092 249576
1093 249593
1094 249468
1095 249108
1096 249161
1097 249282
1098 249103
1099 248843
1100 249030
1101 249111
1102 248438
1103 248748
1104 248757
1105 248516
1106 248560
1107 248234
1108 248532
1109 248540
1110 248320
1111 248342
1112 248229
1113 248229
1114 247989
1115 247932
1116 247872
1117 247826
1118 247774
1119 248020
1120 247890
1121 247506
1122 247653
1123 247782
1124 247884
1125 247802
1126 247642
1127 247365
1128 247893
1129 247641
1130 247380
1131 247715
1132 247473
1133 247326
1134 247016
1135 247500
1136 247487
1137 247084
1138 247241
1139 246946
1140 247424
1141 247331
1142 247084
1143 247507
1144 246854
1145 247009
1146 247001
1147 247134
1148 246625
1149 247129
1150 246858
1151 247128
1152 247195
1153 247653
1154 246956
1155 247893
1156 247161
1157 247669
1158 246998
1159 247319
1160 246928
1161 247543
1162 247296
1163 247507
1164 246628
1165 247360
1166 247579
1167 247196
1168 246786
1169 246918
1170 247143
1171 246610
1172 247093
1173 247135
1174 247466
1175 246856
1176 246587
1177 247299
1178 247404
1179 247166
1180 246784
1181 247402
1182 247045
1183 246722
1184 246736
1185 246810
1186 246961
1187 247045
1188 247218
1189 247059
1190 246905
1191 246883
1192 246931
1193 246941
1194 247346
1195 246433
1196 246107
1197 246554
1198 246486
1199 246275
1200 246351
1201 246077
1202 246057
1203 245810
1204 246583
1205 246053
1206 246373
1207 246489
1208 246181
1209 246776
1210 246405
1211 246225
1212 245748
1213 245957
1214 246321
1215 245871
1216 245623
1217 245668
1218 246190
1219 245836
1220 245819
1221 245975
1222 246016
1223 246054
1224 246142
1225 245644
1226 246220
1227 246161
1228 246356
1229 245943
1230 245814
1231 245651
1232 246076
1233 245706
1234 246074
1235 245601
1236 246029
1237 245963
1238 245876
1239 245709
1240 245745
1241 245800
1242 245995
1243 245833
1244 246218
1245 245916
1246 245554
1247 245968
1248 245492
1249 246153
1250 245945
1251 246157
1252 245961
1253 245814
1254 246463
1255 245839
1256 246049
1257 245734
1258 245926
1259 246099
1260 245982
1261 245865
1262 245550
1263 246000
1264 245835
1265 245813
1266 245671
1267 245197
1268 245793
1269 245642
1270 246059
1271 246171
1272 246082
1273 245646
1274 245663
1275 245464
1276 245970
1277 245559
1278 245216
1279 245700
1280 245821
1281 245709
1282 245295
1283 245848
1284 246123
1285 246254
1286 245604
1287 245931
1288 245833
1289 245770
1290 245637
1291 245858
1292 246015
1293 246096
1294 245433
1295 245672
1296 245845
1297 245676
1298 245665
1299 245610
1300 246194
1301 245528
1302 245872
1303 245565
1304 245562
1305 245654
1306 245871
1307 245593
1308 245427
1309 245272
1310 245599
1311 244910
1312 245261
1313 245205
1314 245728
1315 245809
1316 245617
1317 246095
1318 246009
1319 245702
1320 245889
1321 245991
1322 245229
1323 245281
1324 245019
1325 244974
1326 245995
1327 245461
1328 245665
1329 245672
1330 246135
1331 245809
1332 245811
1333 245473
1334 245788
1335 245657
1336 245608
1337 245587
1338 245784
1339 245337
1340 245180
1341 245825
1342 245807
1343 245725
1344 245395
1345 245965
1346 245486
1347 245813
1348 245402
1349 246261
1350 245760
1351 245814
1352 245450
1353 245611
1354 245650
1355 245993
1356 246086
1357 245758
1358 245497
1359 245491
1360 245793
1361 245660
1362 245827
1363 245771
1364 245587
1365 245425
1366 245775
1367 245206
1368 245279
1369 245816
1370 245252
1371 245426
1372 245206
1373 245352
1374 245809
1375 245129
1376 246016
1377 245309
1378 245268
1379 245634
1380 245500
1381 245343
1382 245704
1383 245720
1384 245610
1385 246169
1386 245427
1387 245845
1388 246029
1389 245346
1390 245782
1391 246141
1392 245393
1393 245329
1394 245590
1395 245389
1396 246098
1397 245840
1398 246111
1399 245261
1400 245592
1401 245233
1402 245241
1403 245317
1404 245225
1405 245451
1406 245441
1407 245387
1408 245571
1409 245548
1410 245044
1411 245654
1412 245958
1413 245436
1414 245107
1415 245562
1416 245705
1417 244968
1418 246164
1419 245671
1420 245933
1421 246166
1422 245539
1423 245709
1424 246052
1425 245998
1426 246397
1427 245702
1428 246459
1429 246247
1430 246133
1431 246416
1432 246204
1433 246050
1434 246246
1435 246782
1436 246243
1437 246424
1438 246673
1439 246888
1440 247080
1441 246637
1442 246828
1443 246646
1444 246988
1445 247179
1446 246273
1447 246857
1448 247075
1449 246857
1450 247048
1451 246956
1452 247261
1453 247606
1454 246927
1455 247030
1456 246915
1457 247523
1458 247315
1459 247193
1460 247647
1461 247240
1462 247451
1463 247484
1464 247587
1465 247809
1466 247615
1467 248029
1468 248168
1469 248264
1470 248020
1471 248521
1472 248544
1473 248816
1474 248913
1475 249029
1476 249109
1477 249518
1478 249563
1479 249149
1480 249430
1481 249769
1482 250089
1483 250082
1484 250237
1485 250508
1486 250869
1487 251202
1488 251301
1489 251401
1490 251541
1491 251487
1492 251327
1493 251614
1494 251796
1495 251856
1496 252178
1497 251512
1498 251991
1499 251957
1500 251946
1501 251743
1502 251459
1503 251154
1504 250981
1505 251464
1506 251256
1507 251232
1508 250548
1509 250793
1510 250120
1511 249716
1512 249669
1513 249490
1514 249257
1515 249022
1516 249402
1517 248834
1518 248786
1519 247884
1520 248018
1521 248384
1522 247556
1523 247980
1524 247447
1525 247661
1526 247387
1527 246913
1528 247378
1529 246633
1530 247074
1531 247126
1532 246520
1533 247249
1534 246603
1535 246544
1536 246196
1537 246387
1538 246161
1539 245915
1540 246144
1541 245925
1542 245857
1543 246076
1544 245867
1545 245515
1546 245502
1547 245582
1548 245741
1549 245878
1550 245466
1551 245910
1552 245747
1553 245537
1554 245435
1555 245355
1556 245142
1557 245234
1558 245362
1559 245439
1560 245160
1561 245672
1562 245218
1563 244788
1564 245219
1565 245251
1566 245335
1567 245391
1568 245225
1569 244604
1570 244321
1571 245435
1572 244738
1573 244968
1574 244924
1575 244688
1576 244724
1577 244837
1578 244683
1579 245008
1580 244667
1581 244431
1582 244562
1583 244472
1584 244555
1585 244871
1586 244730
1587 244874
1588 244670
1589 244789
1590 244751
1591 244315
1592 244430
1593 244666
1594 244604
1595 244461
1596 244400
1597 244383
1598 244475
1599 244196
1600 243758
1601 244244
1602 244987
1603 244510
1604 243949
1605 244179
1606 244547
1607 243783
1608 244410
1609 244173
1610 244639
1611 244364
1612 244514
1613 244537
1614 244405
1615 243867
1616 244466
1617 244128
1618 244570
1619 244452
1620 243756
1621 243782
1622 244406
1623 244179
1624 243963
1625 244119
1626 244508
1627 244140
1628 243752
1629 244045
1630 244107
1631 243635
1632 243748
1633 243787
1634 244193
1635 244208
1636 243628
1637 244005
1638 243943
1639 244043
1640 243929
1641 243660
1642 244014
1643 244285
1644 244066
1645 243914
1646 244147
1647 243976
1648 244029
1649 244014
1650 244086
1651 243749
1652 243597
1653 243875
1654 244004
1655 243954
1656 244509
1657 244061
1658 243168
1659 244302
1660 244011
1661 243329
1662 243485
1663 244104
1664 243721
1665 244041
1666 243856
1667 243846
1668 244185
1669 243680
1670 243506
1671 243748
1672 243776
1673 243558
1674 243529
1675 243760
1676 244041
1677 243812
1678 243541
1679 243541
1680 243348
1681 243474
1682 243932
1683 243738
1684 243362
1685 243808
1686 243909
1687 243436
1688 243774
1689 243621
1690 243409
1691 243984
1692 244280
1693 243516
1694 243632
1695 243954
1696 243527
1697 243653
1698 243563
1699 243490
1700 243598
1701 243177
1702 243574
1703 243348
1704 243366
1705 243888
1706 243369
1707 243683
1708 243588
1709 243945
1710 243071
1711 243137
1712 244058
1713 243434
1714 243180
1715 243502
1716 243325
1717 243634
1718 243621
1719 243620
1720 243357
1721 243614
1722 242914
1723 242976
1724 243286
1725 243322
1726 243445
1727 243817
1728 243541
1729 243324
1730 243238
1731 243095
1732 243474
1733 243067
1734 243423
1735 243456
1736 243244
1737 243209
1738 243900
1739 243201
1740 243281
1741 242888
1742 243179
1743 243343
1744 243492
1745 242742
1746 242996
1747 243337
1748 242979
1749 243563
1750 243547
1751 242863
1752 242777
1753 243547
1754 242669
1755 243410
1756 243032
1757 243563
1758 243249
1759 243209
1760 242813
1761 243370
1762 243500
1763 243367
1764 243207
1765 243460
1766 243387
1767 243360
1768 242641
1769 243474
1770 242782
1771 243310
1772 243358
1773 243336
1774 243087
1775 243074
1776 242819
1777 242966
1778 242657
1779 242791
1780 242626
1781 243002
1782 243242
1783 242652
1784 242921
1785 242990
1786 243478
1787 242768
1788 242840
1789 242544
1790 242635
1791 242014
1792 242491
1793 243221
1794 242669
1795 243124
1796 243057
1797 242817
1798 243533
1799 242577
1800 242634
1801 242914
1802 243046
1803 242571
1804 242952
1805 242596
1806 243266
1807 242969
1808 242610
1809 242959
1810 242590
1811 243144
1812 243154
1813 242999
1814 242670
1815 242661
1816 242995
1817 242626
1818 242791
1819 242661
1820 242939
1821 243104
1822 242980
1823 242399
1824 242655
1825 242385
1826 242991
1827 242528
1828 242795
1829 242775
1830 242821
1831 242437
1832 242592
1833 242545
1834 243120
1835 242496
1836 242956
1837 243089
1838 242742
1839 242743
1840 242934
1841 242827
1842 242678
1843 243088
1844 242959
1845 243447
1846 242412
1847 242579
1848 243049
1849 242608
1850 243021
1851 243217
1852 242871
1853 242888
1854 242431
1855 243001
1856 242144
1857 242379
1858 242056
1859 242762
1860 242565
1861 242569
1862 242092
1863 242420
1864 242504
1865 242745
1866 242507
1867 242224
1868 242808
1869 242599
1870 242378
1871 242650
1872 242794
1873 242784
1874 242783
1875 242440
1876 242383
1877 242813
1878 242597
1879 243133
1880 242499
1881 242488
1882 242361
1883 243048
1884 242282
1885 242230
1886 242486
1887 242219
1888 242501
1889 242321
1890 242605
1891 242754
1892 242171
1893 241884
1894 242440
1895 243191
1896 242897
1897 242727
1898 242800
1899 242698
1900 242459
1901 242775
1902 242436
1903 242722
1904 243215
1905 243072
1906 242608
1907 242760
1908 242694
1909 243234
1910 242693
1911 242817
1912 243111
1913 242819
1914 242551
1915 243149
1916 242769
1917 242547
1918 242453
1919 243089
1920 242599
1921 242636
1922 242965
1923 242969
1924 243321
1925 242659
1926 243144
1927 243190
1928 242576
1929 243055
1930 242973
1931 242983
1932 243294
1933 242604
1934 242943
1935 243224
1936 243300
1937 243054
1938 243141
1939 242609
1940 242875
1941 243442
1942 243360
1943 243208
1944 242895
1945 242618
1946 243317
1947 243172
1948 243667
1949 242827
1950 243496
1951 243556
1952 242975
1953 242728
1954 243407
1955 243006
1956 242686
1957 242889
1958 243029
1959 243476
1960 243101
1961 243816
1962 242965
1963 243838
1964 243172
1965 243017
1966 243397
1967 242917
1968 243773
1969 243316
1970 243625
1971 242864
1972 243558
1973 243266
1974 243377
1975 243325
1976 243603
1977 244059
1978 243722
1979 243233
1980 243651
1981 243216
1982 243255
1983 243120
1984 243872
1985 243645
1986 243310
1987 243702
1988 243726
1989 243256
1990 243946
1991 243532
1992 243498
1993 243713
1994 243849
1995 243796
1996 244224
1997 243848
1998 244087
1999 244359
2000 243990
2001 244112
2002 244141
2003 244333
2004 244424
2005 244489
2006 243841
2007 244205
2008 244612
2009 244125
2010 244123
2011 244309
2012 243936
2013 243718
2014 244139
2015 244528
2016 244425
2017 244583
2018 244579
2019 244964
2020 244956
2021 245327
2022 245168
2023 245254
2024 245734
2025 244909
2026 245170
2027 245531
2028 245506
2029 245502
2030 245767
2031 246037
2032 245870
2033 246229
2034 246134
2035 246724
2036 246419
2037 246638
2038 247069
2039 247268
2040 247705
2041 246844
2042 247074
2043 247416
2044 248185
2045 248186
2046 248462
2047 248767
2048 248731
2049 248732
2050 249205
2051 249855
2052 250002
2053 250115
2054 250079
2055 249919
2056 250311
2057 250782
2058 250225
2059 250501
2060 250826
2061 250579
2062 250638
2063 250420
2064 250413
2065 250250
2066 250582
2067 250035
2068 250210
2069 249699
2070 249399
2071 249547
2072 249207
2073 248761
2074 248924
2075 249324
2076 248437
2077 248573
2078 247954
2079 248421
2080 248573
2081 248236
2082 247893
2083 247341
2084 246888
2085 247087
2086 247577
2087 247013
2088 246746
2089 247265
2090 247202
2091 246655
2092 246477
2093 246183
2094 246253
2095 245932
2096 245651
2097 246029
2098 245605
2099 245923
2100 245310
2101 245648
2102 245035
2103 245511
2104 245155
2105 245691
2106 245535
2107 245123
2108 245316
2109 245137
2110 245020
2111 244978
2112 245013
2113 244933
2114 244600
2115 245030
2116 244776
2117 244762
2118 244869
2119 245028
2120 244264
2121 244759
2122 244751
2123 244716
2124 244469
2125 244842
2126 244371
2127 244454
2128 244929
2129 244739
2130 244327
2131 244352
2132 244363
2133 244283
2134 244405
2135 244378
2136 244471
2137 244398
2138 244456
2139 244331
2140 244431
2141 244893
2142 244383
2143 244709
2144 244219
2145 244626
2146 243854
2147 244487
2148 244636
2149 243882
2150 243810
2151 244105
2152 244363
2153 244220
2154 244568
2155 243843
2156 244108
2157 244462
2158 243970
2159 243857
2160 244159
2161 243803
2162 244454
2163 244026
2164 244018
2165 244538
2166 244475
2167 244575
2168 243781
2169 244029
2170 243842
2171 243631
2172 243720
2173 243614
2174 244427
2175 244187
2176 243968
2177 244302
2178 244147
2179 244538
2180 243636
2181 243994
2182 243960
2183 244245
2184 243875
2185 244085
2186 243752
2187 244788
2188 244317
2189 243738
2190 244037
2191 244315
2192 243830
2193 244156
2194 244144
2195 243610
2196 243482
2197 243746
2198 243582
2199 243677
2200 243681
2201 243870
2202 243840
2203 243788
2204 244214
2205 243728
2206 243774
2207 243871
2208 244077
2209 243757
2210 243850
2211 243249
2212 243925
2213 244480
2214 244522
2215 242850
2216 243920
2217 243728
2218 243743
2219 243696
2220 243881
2221 243353
2222 244015
2223 244750
2224 243631
2225 244228
2226 243448
2227 243738
2228 243876
2229 243697
2230 244096
2231 243910
2232 243412
2233 243706
2234 244286
2235 244034
2236 244197
2237 243896
2238 243730
2239 244162
2240 243626
2241 243765
2242 244157
2243 244139
2244 243767
2245 244411
2246 243824
2247 243853
2248 243875
2249 243855
2250 244055
2251 243882
2252 243736
2253 243450
2254 244327
2255 244133
2256 243664
2257 243981
2258 244252
2259 243831
2260 244388
2261 243747
2262 244204
2263 244429
2264 243837
2265 244461
2266 244214
2267 244127
2268 244484
2269 243964
2270 244299
2271 243569
2272 243784
2273 244549
2274 244020
2275 243790
2276 244475
2277 243958
2278 244130
2279 244370
2280 244966
2281 244341
2282 244101
2283 244674
2284 244413
2285 244342
2286 244304
2287 244242
2288 244096
2289 244290
2290 244023
2291 244444
2292 243964
2293 244249
2294 244044
2295 243972
2296 244237
2297 244360
2298 244054
2299 244156
2300 244438
2301 244863
2302 244214
2303 244298
2304 244413
2305 244350
2306 244817
2307 244387
2308 244736
2309 244252
2310 244598
2311 244589
2312 244153
2313 244062
2314 244503
2315 244620
2316 244249
2317 244605
2318 244452
2319 244573
2320 244286
2321 244250
2322 244516
2323 244750
2324 244081
2325 244508
2326 244615
2327 244195
2328 244486
2329 244423
2330 244421
2331 244404
2332 243933
2333 244360
2334 244528
2335 244209
2336 243785
2337 244464
2338 243903
2339 244026
2340 244040
2341 244153
2342 244701
2343 243782
2344 244391
2345 245136
2346 244165
2347 244761
2348 244348
2349 244368
2350 244665
2351 243975
2352 244508
2353 244955
2354 244385
2355 244332
2356 244745
2357 244817
2358 244525
2359 244152
2360 245117
2361 244517
2362 244592
2363 244551
2364 244595
2365 244251
2366 244778
2367 244668
2368 244266
2369 244538
2370 244728
2371 244680
2372 245111
2373 244788
2374 244714
2375 244661
2376 244374
2377 245177
2378 244851
2379 244719
2380 244656
2381 244283
2382 244638
2383 244565
2384 244787
2385 244717
2386 244575
2387 244882
2388 244440
2389 244422
2390 244687
2391 244657
2392 244633
2393 244757
2394 244720
2395 244692
2396 244655
2397 244464
2398 244686
2399 244816
2400 244630
2401 244952
2402 244717
2403 244768
2404 244804
2405 244796
2406 245022
2407 244889
2408 244676
2409 244722
2410 244899
2411 244594
2412 244595
2413 245157
2414 244925
2415 244942
2416 245214
2417 244879
2418 245154
2419 245255
2420 244429
2421 244871
2422 245378
2423 244805
2424 245265
2425 245172
2426 245287
2427 245067
2428 245310
2429 245244
2430 245477
2431 245242
2432 244994
2433 245651
2434 245200
2435 245372
2436 245218
2437 245326
2438 245253
2439 245239
2440 246035
2441 245864
2442 246244
2443 245376
2444 245972
2445 245881
2446 246255
2447 246054
2448 246299
2449 246503
2450 245841
2451 246974
2452 246267
2453 246154
2454 246015
2455 246372
2456 246276
2457 246786
2458 246238
2459 246666
2460 246451
2461 246768
2462 246540
2463 246641
2464 246642
2465 247732
2466 247144
2467 247672
2468 247256
2469 247935
2470 247915
2471 247606
2472 247712
2473 248197
2474 249077
2475 248552
2476 248921
2477 248931
2478 249258
2479 249235
2480 249787
2481 249946
2482 249696
2483 249789
2484 249504
2485 250737
2486 250561
2487 250576
2488 250831
2489 251152
2490 250960
2491 251315
2492 251573
2493 251426
2494 251719
2495 252095
2496 251730
2497 251681
2498 251711
2499 251851
2500 251762
2501 251819
2502 251417
2503 250703
2504 251648
2505 251382
2506 251723
2507 250804
2508 250607
2509 250053
2510 249894
2511 249908
2512 249482
2513 249468
2514 249313
2515 249376
2516 249359
2517 248728
2518 248072
2519 248340
2520 248511
2521 248643
2522 248062
2523 248643
2524 247556
2525 247690
2526 247204
2527 247486
2528 247008
2529 247444
2530 247512
2531 246630
2532 246815
2533 247176
2534 247203
2535 247035
2536 246830
2537 245913
2538 246515
2539 246521
2540 246212
2541 246255
2542 245977
2543 246547
2544 246083
2545 246219
2546 245780
2547 246125
2548 246492
2549 245902
2550 245762
2551 245910
2552 246248
2553 245466
2554 245607
2555 245592
2556 245721
2557 245519
2558 245785
2559 244985
2560 245630
2561 245725
2562 245735
2563 244866
2564 245507
2565 245663
2566 245416
2567 245520
2568 245292
2569 245471
2570 245611
2571 245323
2572 245122
2573 245689
2574 245222
2575 245882
2576 245415
2577 245488
2578 245413
2579 245547
2580 245054
2581 245490
2582 246102
2583 245573
2584 245561
2585 245104
2586 245179
2587 245660
2588 245266
2589 245341
2590 245198
2591 245362
2592 245901
2593 244733
2594 245458
2595 245666
2596 245514
2597 245452
2598 245822
2599 245625
2600 245091
2601 245322
2602 245327
2603 245120
2604 245417
2605 245658
2606 245323
2607 245305
2608 245411
2609 245813
2610 245082
2611 245404
2612 244935
2613 245694
2614 245689
2615 245318
2616 245266
2617 244863
2618 245382
2619 245907
2620 245342
2621 245468
2622 246004
2623 245370
2624 245594
2625 245310
2626 245542
2627 245541
2628 245734
2629 245134
2630 245532
2631 245546
2632 245923
2633 246454
2634 245979
2635 245662
2636 245707
2637 245902
2638 245902
2639 245530
2640 245618
2641 245807
2642 246205
2643 246250
2644 245703
2645 245298
2646 246041
2647 245857
2648 245687
2649 245778
2650 245627
2651 246081
2652 245771
2653 245824
2654 246123
2655 245798
2656 245659
2657 245687
2658 246039
2659 245435
2660 245318
2661 246072
2662 245888
2663 246085
2664 245749
2665 245962
2666 246110
2667 246004
2668 245934
2669 246015
2670 245948
2671 245701
2672 245976
2673 246109
2674 246175
2675 246286
2676 246543
2677 245656
2678 245823
2679 246446
2680 246139
2681 246014
2682 246233
2683 246122
2684 246021
2685 246314
2686 246241
2687 245625
2688 246563
2689 246123
2690 245976
2691 246172
2692 245743
2693 245790
2694 246399
2695 246481
2696 245957
2697 246227
2698 245968
2699 246159
2700 246202
2701 246011
2702 246154
2703 246124
2704 246412
2705 246775
2706 246419
2707 246851
2708 245722
2709 246636
2710 245957
2711 246388
2712 246058
2713 246479
2714 246012
2715 246616
2716 245828
2717 246406
2718 246453
2719 245940
2720 246286
2721 246357
2722 246178
2723 246186
2724 246178
2725 246913
2726 246299
2727 246471
2728 246026
2729 246280
2730 245747
2731 246699
2732 246466
2733 245875
2734 246851
2735 246084
2736 245965
2737 246145
2738 246476
2739 246283
2740 246143
2741 246363
2742 246525
2743 246407
2744 246633
2745 246530
2746 246168
2747 246560
2748 246612
2749 246282
2750 246001
2751 246456
2752 246767
2753 246685
2754 246522
2755 246439
2756 245976
2757 246745
2758 246272
2759 246678
2760 246651
2761 246947
2762 246322
2763 246716
2764 246304
2765 246298
2766 246644
2767 246497
2768 246558
2769 246718
2770 246433
2771 246642
2772 246974
2773 246712
2774 246734
2775 246603
2776 246437
2777 246463
2778 246684
2779 246590
2780 246510
2781 247043
2782 246717
2783 246956
2784 247314
2785 246730
2786 246918
2787 246646
2788 246644
2789 246640
2790 246243
2791 246720
2792 246759
2793 246655
2794 246566
2795 246916
2796 246664
2797 246777
2798 246420
2799 246712
2800 247068
2801 246412
2802 246597
2803 246583
2804 246795
2805 246683
2806 246735
2807 246730
2808 247017
2809 246704
2810 246612
2811 246959
2812 247144
2813 247217
2814 246673
2815 246688
2816 247117
2817 246874
2818 247248
2819 247196
2820 247368
2821 246563
2822 246617
2823 247100
2824 247028
2825 247077
2826 246913
2827 247018
2828 247676
2829 246691
2830 247111
2831 246874
2832 247319
2833 246766
2834 246656
2835 246987
2836 247183
2837 247061
2838 246774
2839 246974
2840 246850
2841 246789
2842 247502
2843 246936
2844 247382
2845 246990
2846 246896
2847 247528
2848 246635
2849 247184
2850 246803
2851 246599
2852 247336
2853 246977
2854 247449
2855 247234
2856 247096
2857 247470
2858 246902
2859 246783
2860 247201
2861 247282
2862 247247
2863 247404
2864 247500
2865 246762
2866 247036
2867 247209
2868 247481
2869 247737
2870 247222
2871 246787
2872 247335
2873 246663
2874 247462
2875 247305
2876 247513
2877 247042
2878 247026
2879 247379
2880 247304
2881 247322
2882 247484
2883 247133
2884 247252
2885 247307
2886 247573
2887 247575
2888 247450
2889 247031
2890 247580
2891 247456
2892 247118
2893 247793
2894 247649
2895 247045
2896 247368
2897 248163
2898 247993
2899 247753
2900 247790
2901 247748
2902 247622
2903 247962
2904 247753
2905 247904
2906 247677
2907 248068
2908 248533
2909 247155
2910 247437
2911 248220
2912 247721
2913 247937
2914 247259
2915 247624
2916 247935
2917 247245
2918 247639
2919 247515
2920 246967
2921 247618
2922 247593
2923 248462
2924 248548
2925 247902
2926 247886
2927 248087
2928 248083
2929 247899
2930 247838
2931 248296
2932 247275
2933 248207
2934 247905
2935 248048
2936 248234
2937 247563
2938 247783
2939 247937
2940 248350
2941 248016
2942 247810
2943 247485
2944 248138
2945 248063
2946 247486
2947 247766
2948 248057
2949 248241
2950 248092
2951 248870
2952 248146
2953 248004
2954 248319
2955 248195
2956 248264
2957 248142
2958 248240
2959 248314
2960 248272
2961 247750
2962 248305
2963 248329
2964 248402
2965 248540
2966 248757
2967 248687
2968 248436
2969 248304
2970 248651
2971 248822
2972 248191
2973 248448
2974 248036
2975 248581
2976 248497
2977 248188
2978 248140
2979 248032
2980 248217
2981 249254
2982 248434
2983 248489
2984 248447
2985 248142
2986 248360
2987 248510
2988 248570
2989 248175
2990 248190
2991 248701
2992 248370
2993 248252
2994 248247
2995 249046
2996 249070
2997 248637
2998 248244
2999 248701
3000 248557
3001 248934
3002 248709
3003 248614
3004 248993
3005 248561
3006 248447
3007 248764
3008 248655
3009 248417
3010 248905
3011 248978
3012 249421
3013 249080
3014 249406
3015 249331
3016 248950
3017 249031
3018 249353
3019 249565
3020 249720
3021 249860
3022 249671
3023 249694
3024 249888
3025 250135
3026 250039
3027 250133
3028 250577
3029 250253
3030 250039
3031 250448
3032 250506
3033 250551
3034 250423
3035 251456
3036 251253
3037 251893
3038 251390
3039 251500
3040 251517
3041 251866
3042 252314
3043 251652
3044 252328
3045 252827
3046 252811
3047 253063
3048 252929
3049 253063
3050 253753
3051 253637
3052 253838
3053 254004
3054 254366
3055 254541
3056 255235
3057 254765
3058 255014
3059 254593
3060 254899
3061 255278
3062 255076
3063 255190
3064 254933
3065 254512
3066 254599
3067 254819
3068 254139
3069 254610
3070 254348
3071 254181
3072 253974
3073 253701
3074 253329
3075 253427
3076 253729
3077 252808
3078 252459
3079 252400
3080 252471
3081 252219
3082 251724
3083 251569
3084 251910
3085 251098
3086 251617
3087 251319
3088 250816
3089 250850
3090 250985
3091 250504
3092 250567
3093 250595
3094 250158
3095 250037
3096 250469
3097 250258
3098 250417
3099 249901
3100 249957
3101 249492
3102 249539
3103 249862
3104 249372
3105 249998
3106 249254
3107 249873
3108 249633
3109 249252
3110 249235
3111 248989
3112 249253
3113 249395
3114 249406
3115 249307
3116 248732
3117 249627
3118 249342
3119 248951
3120 249157
3121 248689
3122 249325
3123 249307
3124 248651
3125 249381
3126 248687
3127 248595
3128 248321
3129 248780
3130 248704
3131 248735
3132 248645
3133 248406
3134 248575
3135 248445
3136 248183
3137 248049
3138 248799
3139 248451
3140 248779
3141 248652
3142 248849
3143 248337
3144 248684
3145 248866
3146 248268
3147 248678
3148 248191
3149 248456
3150 248455
3151 248350
3152 248391
3153 248640
3154 248324
3155 248327
3156 248524
3157 248443
3158 248257
3159 248137
3160 248103
3161 248448
3162 248300
3163 247967
3164 248359
3165 248187
3166 248238
3167 248481
3168 248171
3169 248227
3170 248479
3171 247923
3172 247965
3173 248182
3174 248282
3175 247769
3176 248746
3177 247576
3178 247956
3179 248457
3180 248139
3181 248407
3182 248266
3183 247967
3184 248318
3185 248168
3186 247677
3187 247871
3188 248073
3189 248415
3190 247566
3191 248027
3192 248077
3193 247418
3194 248121
3195 247404
3196 247957
3197 247470
3198 247914
3199 248100
3200 247990
3201 247814
3202 247668
3203 248143
3204 247951
3205 248102
3206 248076
3207 247511
3208 248209
3209 248040
3210 248427
3211 247777
3212 247917
3213 247561
3214 248174
3215 247864
3216 247819
3217 248038
3218 247939
3219 247578
3220 247849
3221 247799
3222 247782
3223 247885
3224 247764
3225 247727
3226 247604
3227 247552
3228 247727
3229 247805
3230 247943
3231 247520
3232 247814
3233 247505
3234 247817
3235 247689
3236 247493
3237 247429
3238 248411
3239 247923
3240 247387
3241 247588
3242 248108
3243 247337
3244 247167
3245 247207
3246 247586
3247 247183
3248 247784
3249 247476
3250 247827
3251 247404
3252 247395
3253 247560
3254 247597
3255 247662
3256 247367
3257 247608
3258 247761
3259 247085
3260 247365
3261 247603
3262 247568
3263 247546
3264 247815
3265 247350
3266 246825
3267 247470
3268 247508
3269 247634
3270 247949
3271 246729
3272 247220
3273 247855
3274 247470
3275 246921
3276 247578
3277 247026
3278 247147
3279 247564
3280 247559
3281 247945
3282 247437
3283 247570
3284 247104
3285 247283
3286 247977
3287 247920
3288 247215
3289 248033
3290 247390
3291 247636
3292 247602
3293 247321
3294 247500
3295 247068
3296 247381
3297 247669
3298 247667
3299 247398
3300 247637
3301 247177
3302 247127
3303 247819
3304 246475
3305 247164
3306 247322
3307 247549
3308 247364
3309 247525
3310 247221
3311 247246
3312 247176
3313 246702
3314 247651
3315 247671
3316 247060
3317 247654
3318 247602
3319 247249
3320 247352
3321 247540
3322 247706
3323 247679
3324 247402
3325 247164
3326 247573
3327 247010
3328 247263
3329 247229
3330 247664
3331 247492
3332 247692
3333 247835
3334 248013
3335 247892
3336 248010
3337 247911
3338 247765
3339 247579
3340 248013
3341 247934
3342 247571
3343 247356
3344 248141
3345 248089
3346 248041
3347 247891
3348 248090
3349 247600
3350 247809
3351 247835
3352 247518
3353 247984
3354 247923
3355 247992
3356 247888
3357 248267
3358 247718
3359 248504
3360 248384
3361 247655
3362 247095
3363 248086
3364 248220
3365 247925
3366 247913
3367 248096
3368 247878
3369 247862
3370 248141
3371 247650
3372 247850
3373 248205
3374 247997
3375 248052
3376 247873
3377 247288
3378 247970
3379 248120
3380 248593
3381 248429
3382 248374
3383 248208
3384 247939
3385 248169
3386 248339
3387 248219
3388 247929
3389 248113
3390 248207
3391 247984
3392 247935
3393 247416
3394 248029
3395 247867
3396 248257
3397 248074
3398 248796
3399 248260
3400 247791
3401 248605
3402 248589
3403 248328
3404 247911
3405 248193
3406 248831
3407 248207
3408 248368
3409 248795
3410 247668
3411 248509
3412 248631
3413 248613
3414 248518
3415 249183
3416 248784
3417 248555
3418 248333
3419 248644
3420 248519
3421 248850
3422 248960
3423 248691
3424 248744
3425 248913
3426 249180
3427 248796
3428 248295
3429 248558
3430 248652
3431 249012
3432 249528
3433 249376
3434 249022
3435 248943
3436 249455
3437 249332
3438 249720
3439 249205
3440 249225
3441 248674
3442 249819
3443 249210
3444 249376
3445 249315
3446 249208
3447 249389
3448 249706
3449 249667
3450 249610
3451 249973
3452 249967
3453 249899
3454 249828
3455 249932
3456 250373
3457 249750
3458 250478
3459 250198
3460 250574
3461 250564
3462 250640
3463 250663
3464 250806
3465 250170
3466 251158
3467 250951
3468 251534
3469 251277
3470 251612
3471 251545
3472 251560
3473 252044
3474 251302
3475 251924
3476 252104
3477 252171
3478 252438
3479 252761
3480 253184
3481 253175
3482 253027
3483 253641
3484 253511
3485 253871
3486 253493
3487 254317
3488 254510
3489 254371
3490 254668
3491 254754
3492 254928
3493 254951
3494 254994
3495 254552
3496 255017
3497 255047
3498 255430
3499 255074
3500 254674
3501 255014
3502 254550
3503 254251
3504 254456
3505 254381
3506 254902
3507 254568
3508 253331
3509 253728
3510 253939
3511 253317
3512 252885
3513 253249
3514 252904
3515 252247
3516 252600
3517 252994
3518 251880
3519 252301
3520 251534
3521 251896
3522 251561
3523 251737
3524 251761
3525 251286
3526 250841
3527 251215
3528 251090
3529 250696
3530 251477
3531 251177
3532 251046
3533 250706
3534 250569
3535 250478
3536 251028
3537 250755
3538 250574
3539 250096
3540 249866
3541 250304
3542 250393
3543 249993
3544 249936
3545 249844
3546 249849
3547 250093
3548 250147
3549 249970
3550 249956
3551 249743
3552 249967
3553 249865
3554 249712
3555 249845
3556 250043
3557 249394
3558 249675
3559 249893
3560 249387
3561 249307
3562 249842
3563 249090
3564 249559
3565 249722
3566 249161
3567 249770
3568 249502
3569 249377
3570 249592
3571 250152
3572 249697
3573 249425
3574 249732
3575 249557
3576 250194
3577 249391
3578 249629
3579 249193
3580 249082
3581 249684
3582 249068
3583 249210
3584 249403
3585 249391
3586 249290
3587 249359
3588 249635
3589 248977
3590 249074
3591 249157
3592 249161
3593 249146
3594 249242
3595 249024
3596 249680
3597 248846
3598 248363
3599 248852
3600 249558
3601 248923
3602 248923
3603 249102
3604 248490
3605 248688
3606 248761
3607 249041
3608 249233
3609 249178
3610 249087
3611 248676
3612 248678
3613 249189
3614 249053
3615 248716
3616 249064
3617 248797
3618 248462
3619 248592
3620 249123
3621 248643
3622 248601
3623 248713
3624 248091
3625 248697
3626 248686
3627 248719
3628 249278
3629 248881
3630 248689
3631 248366
3632 248280
3633 248371
3634 248774
3635 248489
3636 247945
3637 248696
3638 248099
3639 247984
3640 248811
3641 248279
3642 248547
3643 248475
3644 248745
3645 248237
3646 248649
3647 248103
3648 248510
3649 248853
3650 248695
3651 248515
3652 248708
3653 247842
3654 248458
3655 248086
3656 248190
3657 248563
3658 248581
3659 248295
3660 248409
3661 248168
3662 248477
3663 248610
3664 248833
3665 248646
3666 248665
3667 248815
3668 248740
3669 248217
3670 248555
3671 249157
3672 248949
3673 248765
3674 249032
3675 248517
3676 248825
3677 248359
3678 248979
3679 247999
3680 248656
3681 248813
3682 248432
3683 248866
3684 248699
3685 248986
3686 248729
3687 248535
3688 248570
3689 248915
3690 248455
3691 248031
3692 248786
3693 248829
3694 248631
3695 249137
3696 248972
3697 248951
3698 248813
3699 248754
3700 249047
3701 248470
3702 248839
3703 248834
3704 248901
3705 248352
3706 248841
3707 249301
3708 248681
3709 248358
3710 249278
3711 248813
3712 248572
3713 248896
3714 248668
3715 249260
3716 249369
3717 248904
3718 249076
3719 249033
3720 249155
3721 249058
3722 248988
3723 249367
3724 248851
3725 248781
3726 249099
3727 248708
3728 248894
3729 249020
3730 249365
3731 249232
3732 249136
3733 249342
3734 249263
3735 249183
3736 249264
3737 248712
3738 249125
3739 249343
3740 249036
3741 249129
3742 249185
3743 249128
3744 248549
3745 248798
3746 249251
3747 249500
3748 249069
3749 249016
3750 249625
3751 249375
3752 248910
3753 249337
3754 249297
3755 249242
3756 249626
3757 249426
3758 248986
3759 249729
3760 249136
3761 249439
3762 249445
3763 249025
3764 249184
3765 248995
3766 249659
3767 249748
3768 249049
3769 249429
3770 250062
3771 249897
3772 249503
3773 249775
3774 249173
3775 249660
3776 249558
3777 249497
3778 249866
3779 249922
3780 249503
3781 250256
3782 249550
3783 249672
3784 249669
3785 250082
3786 249578
3787 249619
3788 249646
3789 250037
3790 249558
3791 249905
3792 249493
3793 249568
3794 249658
3795 249312
3796 249920
3797 249248
3798 249244
3799 249840
3800 249989
3801 249417
3802 249413
3803 249677
3804 249637
3805 249482
3806 249470
3807 249870
3808 249508
3809 249853
3810 249643
3811 249706
3812 250061
3813 249536
3814 250060
3815 249894
3816 250380
3817 249867
3818 249479
3819 249769
3820 249366
3821 250291
3822 250145
3823 249565
3824 249511
3825 249710
3826 249847
3827 249239
3828 249918
3829 249821
3830 249780
3831 249492
3832 249350
3833 249396
3834 249822
3835 249491
3836 249051
3837 249720
3838 249218
3839 249778
3840 249492
3841 249376
3842 249075
3843 249439
3844 249209
3845 249353
3846 248972
3847 249265
3848 249028
3849 249451
3850 249519
3851 249421
3852 249227
3853 249638
3854 249579
3855 249363
3856 248837
3857 249148
3858 249250
3859 249270
3860 249021
3861 249502
3862 249402
3863 249057
3864 249811
3865 249158
3866 249161
3867 249702
3868 248991
3869 248908
3870 249148
3871 249407
3872 249422
3873 249321
3874 249439
3875 249458
3876 249356
3877 249418
3878 249507
3879 249348
3880 249724
3881 248783
3882 249549
3883 249611
3884 249598
3885 249093
3886 249319
3887 248839
3888 249433
3889 249165
3890 249499
3891 249259
3892 249407
3893 249514
3894 249601
3895 249295
3896 249564
3897 248870
3898 249396
3899 249285
3900 249390
3901 249568
3902 249676
3903 249843
3904 249328
3905 249842
3906 249301
3907 249155
3908 249215
3909 249007
3910 249445
3911 249600
3912 248868
3913 249875
3914 249285
3915 249895
3916 249420
3917 249414
3918 249388
3919 249262
3920 249192
3921 249478
3922 249453
3923 249303
3924 249524
3925 249602
3926 249968
3927 249646
3928 249643
3929 249684
3930 249573
3931 250095
3932 249490
3933 249332
3934 249103
3935 249899
3936 249440
3937 249704
3938 249858
3939 249349
3940 249838
3941 249745
3942 249670
3943 249673
3944 250353
3945 249615
3946 249549
3947 250429
3948 249912
3949 249790
3950 249909
3951 249851
3952 250146
3953 250096
3954 249990
3955 249889
3956 249978
3957 249795
3958 250077
3959 249974
3960 250438
3961 249883
3962 249979
3963 250242
3964 250161
3965 250018
3966 249550
3967 250153
3968 250021
3969 250240
3970 249828
3971 250147
3972 250097
3973 250532
3974 250360
3975 250322
3976 250546
3977 250067
3978 249948
3979 250326
3980 250460
3981 250438
3982 250000
3983 250119
3984 250645
3985 250263
3986 250632
3987 250432
3988 250485
3989 250559
3990 250443
3991 250336
3992 250616
3993 250951
3994 250943
3995 250599
3996 250595
3997 250372
3998 250703
3999 250679
4000 250796
4001 250522
4002 250949
4003 250409
4004 250741
4005 250720
4006 251082
4007 251236
4008 250746
4009 250884
4010 251069
4011 251032
4012 250781
4013 250857
4014 250698
4015 251325
4016 250843
4017 251079
4018 251031
4019 251184
4020 251511
4021 251752
4022 250753
4023 251545
4024 251487
4025 251808
4026 251715
4027 252366
4028 251797
4029 251862
4030 252028
4031 252334
4032 251644
4033 252354
4034 252561
4035 252439
4036 252775
4037 252863
4038 252987
4039 252975
4040 252795
4041 252888
4042 253767
4043 253430
4044 253531
4045 253826
4046 253948
4047 254298
4048 254317
4049 254417
4050 255179
4051 254443
4052 254986
4053 255527
4054 255034
4055 256183
4056 255960
4057 255575
4058 256271
4059 255841
4060 256528
4061 255686
4062 256775
4063 256244
4064 256384
4065 256636
4066 256619
4067 256337
4068 256218
4069 256113
4070 255650
4071 256188
4072 255186
4073 255403
4074 255530
4075 255271
4076 255325
4077 254796
4078 254719
4079 254727
4080 254507
4081 255101
4082 254102
4083 254157
4084 253521
4085 253705
4086 253511
4087 253615
4088 253491
4089 253354
4090 252700
4091 253245
4092 252757
4093 252700
4094 252849
4095 252783
4096 252548
4097 252898
4098 252257
4099 252506
4100 251945
4101 251976
4102 252537
4103 252497
4104 252031
4105 252072
4106 252288
4107 251901
4108 251992
4109 252063
4110 251872
4111 251677
4112 251835
4113 251388
4114 251486
4115 251560
4116 251284
4117 250920
4118 250879
4119 251170
4120 251498
4121 251594
4122 251348
4123 251211
4124 251341
4125 251665
4126 251383
4127 251343
4128 251319
4129 251206
4130 250748
4131 251583
4132 251082
4133 251000
4134 251308
4135 250882
4136 251463
4137 251171
4138 250887
4139 250768
4140 251329
4141 250944
4142 251039
4143 251019
4144 251407
4145 251131
4146 250277
4147 250926
4148 250868
4149 250941
4150 251174
4151 251336
4152 251489
4153 250993
4154 251256
4155 251156
4156 251087
4157 250940
4158 251138
4159 251452
4160 250578
4161 250326
4162 250909
4163 250605
4164 251202
4165 251290
4166 251279
4167 250961
4168 250988
4169 251162
4170 251076
4171 250909
4172 251317
4173 250809
4174 250789
4175 251055
4176 251000
4177 251015
4178 250991
4179 251225
4180 250834
4181 251134
4182 251066
4183 250577
4184 251135
4185 250696
4186 250972
4187 250608
4188 251057
4189 250664
4190 250760
4191 250842
4192 250901
4193 250391
4194 250237
4195 250846
4196 250771
4197 250718
4198 250592
4199 250993
4200 250903
4201 250524
4202 250647
4203 250597
4204 250978
4205 250464
4206 250486
4207 250985
4208 250372
4209 250516
4210 250444
4211 250328
4212 250620
4213 251202
4214 250561
4215 250692
4216 250149
4217 250088
4218 250618
4219 250908
4220 250469
4221 250770
4222 250658
4223 250544
4224 250894
4225 250653
4226 250425
4227 250712
4228 250978
4229 250897
4230 250597
4231 250619
4232 250627
4233 249988
4234 251024
4235 250950
4236 250504
4237 251244
4238 250826
4239 250501
4240 250760
4241 250931
4242 250228
4243 250602
4244 250887
4245 250433
4246 250777
4247 250837
4248 250961
4249 250432
4250 250317
4251 250309
4252 250666
4253 250192
4254 250450
4255 250787
4256 251029
4257 250703
4258 250718
4259 250795
4260 251094
4261 250831
4262 250486
4263 250574
4264 251051
4265 250455
4266 250714
4267 250469
4268 250558
4269 250606
4270 250270
4271 250854
4272 250655
4273 250607
4274 250341
4275 250644
4276 250632
4277 250537
4278 250693
4279 250878
4280 250676
4281 250764
4282 250504
4283 250369
4284 250950
4285 251105
4286 250776
4287 251061
4288 250533
4289 250839
4290 250554
4291 250717
4292 250850
4293 251034
4294 250966
4295 250292
4296 251137
4297 250809
4298 250652
4299 250418
4300 250807
4301 251119
4302 250651
4303 250488
4304 250261
4305 250880
4306 250695
4307 250930
4308 250687
4309 251091
4310 251192
4311 251072
4312 250605
4313 250591
4314 251082
4315 251004
4316 251253
4317 250849
4318 250775
4319 250392
4320 250709
4321 251105
4322 251102
4323 250458
4324 251316
4325 251330
4326 250630
4327 251041
4328 250542
4329 251012
4330 250706
4331 251374
4332 251320
4333 251446
4334 250914
4335 251305
4336 250865
4337 251299
4338 250805
4339 250665
4340 251152
4341 251437
4342 251471
4343 251160
4344 250807
4345 251018
4346 251081
4347 250901
4348 251622
4349 251229
4350 251467
4351 251714
4352 251344
4353 250870
4354 251543
4355 251626
4356 251471
4357 251272
4358 251213
4359 251139
4360 250836
4361 251236
4362 251266
4363 251191
4364 250846
4365 251081
4366 251757
4367 251186
4368 251647
4369 251680
4370 251898
4371 251053
4372 251561
4373 251356
4374 251181
4375 251487
4376 251507
4377 251411
4378 250778
4379 251231
4380 251298
4381 251075
4382 251733
4383 251561
4384 251367
4385 251695
4386 251649
4387 251261
4388 251409
4389 251671
4390 251552
4391 251383
4392 251096
4393 251173
4394 251380
4395 251302
4396 251286
4397 251700
4398 251205
4399 252262
4400 251566
4401 251246
4402 251418
4403 251388
4404 251691
4405 251894
4406 251512
4407 251557
4408 251895
4409 251729
4410 251456
4411 251088
4412 251876
4413 251345
4414 251749
4415 251612
4416 251823
4417 252141
4418 251462
4419 252190
4420 251758
4421 251981
4422 251607
4423 251952
4424 251576
4425 252017
4426 251729
4427 252125
4428 251727
4429 251655
4430 252138
4431 252011
4432 252301
4433 252002
4434 251892
4435 252567
4436 252499
4437 251899
4438 252796
4439 252589
4440 252394
4441 252518
4442 252826
4443 252239
4444 251953
4445 252798
4446 252769
4447 252634
4448 252602
4449 252974
4450 252781
4451 252484
4452 252853
4453 252844
4454 253249
4455 253275
4456 252935
4457 252778
4458 253715
4459 253344
4460 253173
4461 253602
4462 253551
4463 253180
4464 253777
4465 253260
4466 253801
4467 253425
4468 253516
4469 253459
4470 254039
4471 254178
4472 254255
4473 254441
4474 254830
4475 254897
4476 254704
4477 254966
4478 255423
4479 255548
4480 255705
4481 255244
4482 255748
4483 255919
4484 256082
4485 256059
4486 256659
4487 256481
4488 256839
4489 257029
4490 256872
4491 257106
4492 257369
4493 257035
4494 257843
4495 257731
4496 257164
4497 257969
4498 257678
4499 257505
4500 257492
4501 257417
4502 257739
4503 257166
4504 257700
4505 256803
4506 256621
4507 257055
4508 256575
4509 256790
4510 256029
4511 255850
4512 256467
4513 255752
4514 255746
4515 255870
4516 255392
4517 255150
4518 254919
4519 254737
4520 254938
4521 254633
4522 254618
4523 254418
4524 254357
4525 254685
4526 254025
4527 253645
4528 253938
4529 253869
4530 254183
4531 254387
4532 253861
4533 253626
4534 253320
4535 253513
4536 253732
4537 253411
4538 253396
4539 253116
4540 253077
4541 253522
4542 253583
4543 253843
4544 253349
4545 252730
4546 253376
4547 253205
4548 253018
4549 252917
4550 253370
4551 253149
4552 253167
4553 252734
4554 253313
4555 252830
4556 252120
4557 253107
4558 253138
4559 252879
4560 252755
4561 252864
4562 253120
4563 252784
4564 252709
4565 252327
4566 252654
4567 252469
4568 252807
4569 252864
4570 252737
4571 252486
4572 252744
4573 252509
4574 252254
4575 252673
4576 252965
4577 252971
4578 252370
4579 252775
4580 252650
4581 252443
4582 252476
4583 252809
4584 252181
4585 252556
4586 252561
4587 252415
4588 252255
4589 252401
4590 252172
4591 252458
4592 252382
4593 252324
4594 252697
4595 252762
4596 252099
4597 252434
4598 252278
4599 252494
4600 252255
4601 252407
4602 252624
4603 252428
4604 252128
4605 252024
4606 252341
4607 252934
4608 252180
4609 252033
4610 252241
4611 252708
4612 252674
4613 252169
4614 252199
4615 252242
4616 252105
4617 252183
4618 252321
4619 252223
4620 252389
4621 252496
4622 252410
4623 251829
4624 252065
4625 252351
4626 252024
4627 252329
4628 251899
4629 252032
4630 252348
4631 252169
4632 252348
4633 252361
4634 252258
4635 252035
4636 252530
4637 252638
4638 252461
4639 252250
4640 251983
4641 252406
4642 252471
4643 252429
4644 252554
4645 252123
4646 252310
4647 252059
4648 252924
4649 252462
4650 252594
4651 252354
4652 252054
4653 252589
4654 252609
4655 252311
4656 252039
4657 252018
4658 252331
4659 252499
4660 252238
4661 252377
4662 252087
4663 252109
4664 251723
4665 252453
4666 252153
4667 252360
4668 252330
4669 252394
4670 252274
4671 252532
4672 252070
4673 252377
4674 252103
4675 252149
4676 252400
4677 252621
4678 252235
4679 252329
4680 252061
4681 252350
4682 252631
4683 252282
4684 252636
4685 252491
4686 252431
4687 252204
4688 252347
4689 252161
4690 252018
4691 252015
4692 251997
4693 252180
4694 252252
4695 252008
4696 252409
4697 252215
4698 252135
4699 252542
4700 252468
4701 252423
4702 252174
4703 252740
4704 252501
4705 251988
4706 251945
4707 252243
4708 252590
4709 252610
4710 252412
4711 252300
4712 252862
4713 252556
4714 252340
4715 252184
4716 251997
4717 252510
4718 251740
4719 252076
4720 252052
4721 252564
4722 252071
4723 252312
4724 252465
4725 252289
4726 252327
4727 252576
4728 251859
4729 252515
4730 252231
4731 252231
4732 252057
4733 252179
4734 252299
4735 252534
4736 252371
4737 252559
4738 252298
4739 251850
4740 252272
4741 252570
4742 252143
4743 252317
4744 252016
4745 252232
4746 252644
4747 252728
4748 252676
4749 252279
4750 251978
4751 252173
4752 252003
4753 252144
4754 252037
4755 252365
4756 252114
4757 252939
4758 252530
4759 251861
4760 252408
4761 252094
4762 252062
4763 251811
4764 251973
4765 252140
4766 251902
4767 252322
4768 252220
4769 252072
4770 252564
4771 252489
4772 252354
4773 252466
4774 253097
4775 252854
4776 252530
4777 252251
4778 252326
4779 252889
4780 252518
4781 253347
4782 252559
4783 252587
4784 252717
4785 252876
4786 253003
4787 252815
4788 252657
4789 252520
4790 253461
4791 252771
4792 253092
4793 253285
4794 253010
4795 253019
4796 253042
4797 253326
4798 253166
4799 253124
4800 253185
4801 253354
4802 253529
4803 252990
4804 253280
4805 253495
4806 253193
4807 253447
4808 253098
4809 253436
4810 253166
4811 253395
4812 253244
4813 253307
4814 252793
4815 253504
4816 253138
4817 253205
4818 253578
4819 253252
4820 253365
4821 253599
4822 252928
4823 253077
4824 253131
4825 253064
4826 252959
4827 253108
4828 252914
4829 252672
4830 252995
4831 253493
4832 253616
4833 253242
4834 252639
4835 252535
4836 252689
4837 253090
4838 253154
4839 253229
4840 253183
4841 252885
4842 253000
4843 252754
4844 252929
4845 253400
4846 253304
4847 252541
4848 252850
4849 252830
4850 252405
4851 252577
4852 252767
4853 253122
4854 252890
4855 253169
4856 252362
4857 252948
4858 253093
4859 252987
4860 252700
4861 252737
4862 252893
4863 253303
4864 252498
4865 252722
4866 252757
4867 252992
4868 252693
4869 253007
4870 252549
4871 252908
4872 252831
4873 252894
4874 252612
4875 252796
4876 252733
4877 252887
4878 252168
4879 252759
4880 252315
4881 252857
4882 252658
4883 252802
4884 252757
4885 252588
4886 252790
4887 252688
4888 252257
4889 252401
4890 252703
4891 252171
4892 252455
4893 252837
4894 252259
4895 252646
4896 252037
4897 252601
4898 252657
4899 252500
4900 252298
4901 252440
4902 252417
4903 252507
4904 252325
4905 252587
4906 252316
4907 252165
4908 252681
4909 251950
4910 252267
4911 252524
4912 252536
4913 252626
4914 252802
4915 252294
4916 252433
4917 252280
4918 252351
4919 252871
4920 252484
4921 252689
4922 252387
4923 252467
4924 252815
4925 252242
4926 252661
4927 252331
4928 252550
4929 252400
4930 252880
4931 252748
4932 252751
4933 252611
4934 252701
4935 252702
4936 252765
4937 252428
4938 252716
4939 252543
4940 252842
4941 252870
4942 252528
4943 253020
4944 252774
4945 252952
4946 252392
4947 253277
4948 252847
4949 253064
4950 252992
4951 253038
4952 252565
4953 252500
4954 253055
4955 252653
4956 252414
4957 252687
4958 252863
4959 253070
4960 253301
4961 252657
4962 252705
4963 252882
4964 252700
4965 252327
4966 252786
4967 252736
4968 252839
4969 252402
4970 253232
4971 252478
4972 253062
4973 253049
4974 253502
4975 252991
4976 253270
4977 253217
4978 252970
4979 253256
4980 252928
4981 253440
4982 252994
4983 253016
4984 253522
4985 252964
4986 253521
4987 252989
4988 253190
4989 253602
4990 253436
4991 252946
4992 253078
4993 253056
4994 253075
4995 253229
4996 252895
4997 253387
4998 253313
4999 253069
5000 253035
5001 252891
5002 253315
5003 253089
5004 253045
5005 253286
5006 254171
5007 254062
5008 253446
5009 253480
5010 253785
5011 253635
5012 253308
5013 254179
5014 253299
5015 254078
5016 253551
5017 253858
5018 253891
5019 253898
5020 254192
5021 254255
5022 254163
5023 254653
5024 254173
5025 254157
5026 254013
5027 254905
5028 254584
5029 254730
5030 255262
5031 254719
5032 255293
5033 255422
5034 255485
5035 255130
5036 255121
5037 255507
5038 255288
5039 255429
5040 255706
5041 256158
5042 256043
5043 256303
5044 256530
5045 256105
5046 256173
5047 256607
5048 256705
5049 256769
5050 257683
5051 257026
5052 257399
5053 257708
5054 257977
5055 257767
5056 257474
5057 258123
5058 258261
5059 258313
5060 258407
5061 258314
5062 258345
5063 258657
5064 258735
5065 258222
5066 258705
5067 258540
5068 257948
5069 258070
5070 258399
5071 258098
5072 258387
5073 257890
5074 257048
5075 257126
5076 257370
5077 256966
5078 256695
5079 256612
5080 256214
5081 256584
5082 256274
5083 256119
5084 256338
5085 256572
5086 255997
5087 255688
5088 255321
5089 255430
5090 255407
5091 255727
5092 255003
5093 254864
5094 255090
5095 254940
5096 254981
5097 254400
5098 254448
5099 254453
5100 254690
5101 254517
5102 254664
5103 254465
5104 253820
5105 254055
5106 253719
5107 254356
5108 253926
5109 253545
5110 253395
5111 254075
5112 253658
5113 253755
5114 253781
5115 253989
5116 253800
5117 253393
5118 253725
5119 253763
5120 253694
5121 253367
5122 253731
5123 253869
5124 253687
5125 253365
5126 253270
5127 253897
5128 253894
5129 253125
5130 253876
5131 254131
5132 253650
5133 253210
5134 253925
5135 252889
5136 253349
5137 253235
5138 253208
5139 253437
5140 253141
5141 252985
5142 252413
5143 252845
5144 252987
5145 253481
5146 253002
5147 253405
5148 253092
5149 253604
5150 253613
5151 253636
5152 253156
5153 253020
5154 253335
5155 253576
5156 253073
5157 253551
5158 253236
5159 252944
5160 253051
5161 253062
5162 253273
5163 253110
5164 252956
5165 253546
5166 253087
5167 252832
5168 253712
5169 252926
5170 253409
5171 253127
5172 253380
5173 252973
5174 253073
5175 252946
5176 253544
5177 252489
5178 253077
5179 252987
5180 253302
5181 252493
5182 253308
5183 253240
5184 252918
5185 253208
5186 253002
5187 253242
5188 252979
5189 253004
5190 253485
5191 253158
5192 253179
5193 253124
5194 253072
5195 253152
5196 252762
5197 252968
5198 252729
5199 253479
5200 253238
5201 252913
5202 253068
5203 253302
5204 252561
5205 252962
5206 252869
5207 252892
5208 253137
5209 253277
5210 252909
5211 252773
5212 253393
5213 253259
5214 253135
5215 253074
5216 253000
5217 252729
5218 253201
5219 252928
5220 252753
5221 252769
5222 253334
5223 252990
5224 252848
5225 252858
5226 253013
5227 252710
5228 252625
5229 253316
5230 253170
5231 252688
5232 252941
5233 252482
5234 252978
5235 252993
5236 252792
5237 252793
5238 253160
5239 252942
5240 252794
5241 252840
5242 252869
5243 252696
5244 252919
5245 252749
5246 253135
5247 252814
5248 253000
5249 253467
5250 252636
5251 253085
5252 252924
5253 253105
5254 252939
5255 252625
5256 253022
5257 253066
5258 252823
5259 252934
5260 252578
5261 252853
5262 252953
5263 252685
5264 252875
5265 252563
5266 252644
5267 252963
5268 252867
5269 253030
5270 252300
5271 252992
5272 253236
5273 252896
5274 252716
5275 252987
5276 253256
5277 253451
5278 252954
5279 253014
5280 253524
5281 252758
5282 252736
5283 253108
5284 253409
5285 253297
5286 252945
5287 253015
5288 253094
5289 252679
5290 252778
5291 252554
5292 253051
5293 253393
5294 253537
5295 252812
5296 253134
5297 253254
5298 253158
5299 253081
5300 252811
5301 252951
5302 252679
5303 253144
5304 252834
5305 252736
5306 253277
5307 253094
5308 252722
5309 252886
5310 253284
5311 253501
5312 253088
5313 252581
5314 253239
5315 253506
5316 253135
5317 252933
5318 252849
5319 252792
5320 253136
5321 253251
5322 253108
5323 253567
5324 253771
5325 252833
5326 253385
5327 253407
5328 253175
5329 253050
5330 253413
5331 253490
5332 253797
5333 253484
5334 253171
5335 253910
5336 253188
5337 253750
5338 252915
5339 253967
5340 253869
5341 253271
5342 253627
5343 253765
5344 253645
5345 253735
5346 254367
5347 253767
5348 253814
5349 253709
5350 253137
5351 253499
5352 253347
5353 253863
5354 254121
5355 253819
5356 254052
5357 253567
5358 253621
5359 253492
5360 253833
5361 253810
5362 253630
5363 253470
5364 253926
5365 253957
5366 253933
5367 253774
5368 253868
5369 253522
5370 253814
5371 253851
5372 254079
5373 253895
5374 253720
5375 253470
5376 253591
5377 253635
5378 253389
5379 253276
5380 253555
5381 253392
5382 253610
5383 253516
5384 253679
5385 253747
5386 253865
5387 253737
5388 254132
5389 254020
5390 254239
5391 253632
5392 253972
5393 253865
5394 253915
5395 253784
5396 253625
5397 253416
5398 253905
5399 253925
5400 253894
5401 253301
5402 253404
5403 253811
5404 253778
5405 253582
5406 253227
5407 253389
5408 253710
5409 253587
5410 253923
5411 253882
5412 253907
5413 253961
5414 254170
5415 253820
5416 253613
5417 254145
5418 253906
5419 253713
5420 253499
5421 253475
5422 253824
5423 253823
5424 253873
5425 254135
5426 253534
5427 253861
5428 253691
5429 253938
5430 253551
5431 253793
5432 254180
5433 254007
5434 254183
5435 253982
5436 254296
5437 255099
5438 254442
5439 254386
5440 254010
5441 254304
5442 253904
5443 254688
5444 254399
5445 253936
5446 254502
5447 254675
5448 254371
5449 254867
5450 254657
5451 254017
5452 254504
5453 254644
5454 254495
5455 254740
5456 255085
5457 254826
5458 255008
5459 254925
5460 254835
5461 255275
5462 254932
5463 255178
5464 255599
5465 255360
5466 255403
5467 255461
5468 255687
5469 255140
5470 255961
5471 255893
5472 256051
5473 255849
5474 255641
5475 255837
5476 256318
5477 256286
5478 255699
5479 255731
5480 256097
5481 256590
5482 256080
5483 256875
5484 256575
5485 256817
5486 257059
5487 257146
5488 257295
5489 257028
5490 257730
5491 257558
5492 257503
5493 257528
5494 257187
5495 257570
5496 257658
5497 257984
5498 257471
5499 257644
5500 257669
5501 257542
5502 257720
5503 257369
5504 257334
5505 257641
5506 257633
5507 257519
5508 256996
5509 257124
5510 256801
5511 256612
5512 256837
5513 256408
5514 256681
5515 256070
5516 256245
5517 256151
5518 255356
5519 255746
5520 255513
5521 255443
5522 255195
5523 255701
5524 255341
5525 255388
5526 255484
5527 255315
5528 255226
5529 255073
5530 255546
5531 254665
5532 255039
5533 254707
5534 254802
5535 254504
5536 254587
5537 254248
5538 254293
5539 254929
5540 254903
5541 254521
5542 254541
5543 254446
5544 254265
5545 254165
5546 254288
5547 254076
5548 254190
5549 254042
5550 254000
5551 254214
5552 253723
5553 253837
5554 254312
5555 253772
5556 254020
5557 254135
5558 254301
5559 253768
5560 254092
5561 253874
5562 254432
5563 253949
5564 254040
5565 254369
5566 253945
5567 254471
5568 254158
5569 254208
5570 254046
5571 254611
5572 253913
5573 254296
5574 253947
5575 253529
5576 254214
5577 254633
5578 253667
5579 254445
5580 253578
5581 253851
5582 253936
5583 254094
5584 253752
5585 254416
5586 253917
5587 253378
5588 254177
5589 253929
5590 253698
5591 253434
5592 253975
5593 253934
5594 253733
5595 253890
5596 253361
5597 253851
5598 253477
5599 253584
5600 253815
5601 253545
5602 253531
5603 253162
5604 253045
5605 253515
5606 253610
5607 253478
5608 253514
5609 253439
5610 253479
5611 253353
5612 253165
5613 253220
5614 252987
5615 253146
5616 252799
5617 253431
5618 253356
5619 253408
5620 253348
5621 253413
5622 253301
5623 252977
5624 253030
5625 253397
5626 253176
5627 253780
5628 253384
5629 253184
5630 253271
5631 252886
5632 253110
5633 253077
5634 253224
5635 253043
5636 253191
5637 253329
5638 253474
5639 253382
5640 253719
5641 253515
5642 253396
5643 253704
5644 253689
5645 253681
5646 253292
5647 253558
5648 253662
5649 254066
5650 253293
5651 253561
5652 253333
5653 253749
5654 254171
5655 253859
5656 253385
5657 253838
5658 253876
5659 253682
5660 253815
5661 253468
5662 253722
5663 253835
5664 253903
5665 253675
5666 253674
5667 253376
5668 253724
5669 253606
5670 253626
5671 253506
5672 253834
5673 254196
5674 253631
5675 253885
5676 253830
5677 253706
5678 254380
5679 253940
5680 253384
5681 253613
5682 253534
5683 253914
5684 253985
5685 253388
5686 253761
5687 253794
5688 253625
5689 253386
5690 253971
5691 253935
5692 253629
5693 253963
5694 254281
5695 253938
5696 253646
5697 253904
5698 254277
5699 253597
5700 253880
5701 254291
5702 254048
5703 254111
5704 254090
5705 254164
5706 253437
5707 254473
5708 253684
5709 254005
5710 253741
5711 253877
5712 253708
5713 253978
5714 253504
5715 253820
5716 253896
5717 254218
5718 253962
5719 254012
5720 254018
5721 253947
5722 253818
5723 253842
5724 253878
5725 253972
5726 253789
5727 254443
5728 252925
5729 253874
5730 253910
5731 254473
5732 254217
5733 253891
5734 254115
5735 254177
5736 254413
5737 254132
5738 254120
5739 254276
5740 254221
5741 253773
5742 254078
5743 254088
5744 254338
5745 254161
5746 253808
5747 254144
5748 254044
5749 254309
5750 253949
5751 254451
5752 253931
5753 254105
5754 254510
5755 254404
5756 254019
5757 253677
5758 254386
5759 254320
5760 254047
5761 253851
5762 254437
5763 254551
5764 254476
5765 253644
5766 253936
5767 254038
5768 254142
5769 254031
5770 254413
5771 254128
5772 254240
5773 254209
5774 254354
5775 254561
5776 254055
5777 254483
5778 254117
5779 254312
5780 254044
5781 254222
5782 254045
5783 254046
5784 253694
5785 254249
5786 254106
5787 254059
5788 254035
5789 254192
5790 254420
5791 253787
5792 254554
5793 254255
5794 254096
5795 253861
5796 253998
5797 254632
5798 253878
5799 254056
5800 254038
5801 254257
5802 253905
5803 253960
5804 253925
5805 254220
5806 254133
5807 253476
5808 253892
5809 253636
5810 253782
5811 254519
5812 254585
5813 253801
5814 253854
5815 253813
5816 253711
5817 254316
5818 254607
5819 254122
5820 254264
5821 254574
5822 253992
5823 253931
5824 254243
5825 254342
5826 254217
5827 254025
5828 254310
5829 253838
5830 253854
5831 254001
5832 253675
5833 253781
5834 253807
5835 253877
5836 253818
5837 253862
5838 253831
5839 254007
5840 254090
5841 253579
5842 253641
5843 254293
5844 253629
5845 253675
5846 254130
5847 253840
5848 253780
5849 253556
5850 253417
5851 254168
5852 253715
5853 253614
5854 253886
5855 254156
5856 253435
5857 253504
5858 253932
5859 253719
5860 253816
5861 253636
5862 253356
5863 254082
5864 253672
5865 253442
5866 253642
5867 253514
5868 253491
5869 253755
5870 253539
5871 253578
5872 253534
5873 253622
5874 253463
5875 253332
5876 253742
5877 253758
5878 253809
5879 253780
5880 253665
5881 254263
5882 254136
5883 253592
5884 253792
5885 254039
5886 253947
5887 254192
5888 253401
5889 253294
5890 253579
5891 253442
5892 253554
5893 253595
5894 253677
5895 253560
5896 253176
5897 253643
5898 253999
5899 253312
5900 253673
5901 253606
5902 253817
5903 254317
5904 254158
5905 253811
5906 253374
5907 254131
5908 254000
5909 253486
5910 253188
5911 253670
5912 254269
5913 253602
5914 253536
5915 253700
5916 253993
5917 253926
5918 253946
5919 253793
5920 253439
5921 253523
5922 253769
5923 253855
5924 253936
5925 254102
5926 253923
5927 253966
5928 254011
5929 254358
5930 253805
5931 253740
5932 254650
5933 254507
5934 254216
5935 254134
5936 254102
5937 254057
5938 253699
5939 253926
5940 253702
5941 253785
5942 253838
5943 253542
5944 254104
5945 254043
5946 254014
5947 253890
5948 254315
5949 254270
5950 254610
5951 254121
5952 254088
5953 253883
5954 254022
5955 253989
5956 254018
5957 254248
5958 253989
5959 254174
5960 254203
5961 253989
5962 254002
5963 254348
5964 254573
5965 254353
5966 254308
5967 254142
5968 253906
5969 254078
5970 253903
5971 254370
5972 254459
5973 254500
5974 254449
5975 254088
5976 253853
5977 254372
5978 254228
5979 253634
5980 254332
5981 253983
5982 254400
5983 253969
5984 254331
5985 254237
5986 254601
5987 254399
5988 254424
5989 254128
5990 254289
5991 254443
5992 254226
5993 254512
5994 254110
5995 253653
5996 254061
5997 254528
5998 253938
5999 254537
6000 254211
6001 254234
6002 254393
6003 254026
6004 254320
6005 254252
6006 254300
6007 254543
6008 254229
6009 254293
6010 253970
6011 254000
6012 254091
6013 254446
6014 254649
6015 254546
6016 254458
6017 254455
6018 254350
6019 254722
6020 254238
6021 254407
6022 254701
6023 254232
6024 254570
6025 255303
6026 254959
6027 254766
6028 255212
6029 254772
6030 254845
6031 255097
6032 255090
6033 254868
6034 255490
6035 255284
6036 255666
6037 255601
6038 255753
6039 255494
6040 256117
6041 255882
6042 255715
6043 256336
6044 256287
6045 256255
6046 256415
6047 256398
6048 256642
6049 256950
6050 256714
6051 257305
6052 257338
6053 257617
6054 257745
6055 258129
6056 258243
6057 258669
6058 258252
6059 258098
6060 257902
6061 258264
6062 258399
6063 257968
6064 258727
6065 258532
6066 258333
6067 257681
6068 258704
6069 258249
6070 258057
6071 258320
6072 257683
6073 257797
6074 258009
6075 257497
6076 257691
6077 257221
6078 256672
6079 257079
6080 256878
6081 256179
6082 256699
6083 256128
6084 255777
6085 255815
6086 255475
6087 255782
6088 255814
6089 255478
6090 255266
6091 255361
6092 255195
6093 255273
6094 255546
6095 255242
6096 254487
6097 254901
6098 254730
6099 254497
6100 254786
6101 254832
6102 254587
6103 254482
6104 254758
6105 254274
6106 254282
6107 254367
6108 254482
6109 254200
6110 254522
6111 254214
6112 254384
6113 254106
6114 254522
6115 254542
6116 254166
6117 254354
6118 254361
6119 254243
6120 254076
6121 254559
6122 254651
6123 254547
6124 254163
6125 253908
6126 253710
6127 253754
6128 254226
6129 254045
6130 254075
6131 253544
6132 253977
6133 253945
6134 254145
6135 254230
6136 253642
6137 254360
6138 254231
6139 254650
6140 253661
6141 253712
6142 253868
6143 253718
6144 253649
6145 253286
6146 253845
6147 253522
6148 253866
6149 252981
6150 253874
6151 253276
6152 253247
6153 253422
6154 252841
6155 252994
6156 253323
6157 253447
6158 253335
6159 253497
6160 252897
6161 253495
6162 253735
6163 253247
6164 253170
6165 253344
6166 253388
6167 253475
6168 253711
6169 253431
6170 253445
6171 253438
6172 252917
6173 253002
6174 253773
6175 253681
6176 253487
6177 253304
6178 253210
6179 253370
6180 253180
6181 253814
6182 253363
6183 253756
6184 253171
6185 253322
6186 252899
6187 253455
6188 253412
6189 253477
6190 253438
6191 253438
6192 253238
6193 253223
6194 253244
6195 253139
6196 253370
6197 253289
6198 252804
6199 252822
6200 252879
6201 253367
6202 253402
6203 253707
6204 253522
6205 253305
6206 252685
6207 253573
6208 253264
6209 253161
6210 252862
6211 253046
6212 253051
6213 252841
6214 253005
6215 252787
6216 252400
6217 252497
6218 252627
6219 252425
6220 252507
6221 252713
6222 253115
6223 252562
6224 252749
6225 252250
6226 252953
6227 252836
6228 252982
6229 252499
6230 252545
6231 252928
6232 252738
6233 252686
6234 252491
6235 252811
6236 252929
6237 252939
6238 252787
6239 253387
6240 252635
6241 252818
6242 252642
6243 252876
6244 253228
6245 252904
6246 252829
6247 252768
6248 252937
6249 253050
6250 252837
6251 252628
6252 252571
6253 253396
6254 252755
6255 252835
6256 252800
6257 252676
6258 252581
6259 253032
6260 252721
6261 252779
6262 252765
6263 252421
6264 252908
6265 252664
6266 252970
6267 252568
6268 252672
6269 253201
6270 253429
6271 252540
6272 252888
6273 252706
6274 252670
6275 252111
6276 252732
6277 253026
6278 252626
6279 252966
6280 252496
6281 252604
6282 252742
6283 252828
6284 252967
6285 252867
6286 252537
6287 253034
6288 252668
6289 252772
6290 252645
6291 252659
6292 252700
6293 252797
6294 252923
6295 252458
6296 252997
6297 252766
6298 252634
6299 252276
6300 252629
6301 252593
6302 252199
6303 252469
6304 252523
6305 252892
6306 252812
6307 252657
6308 252706
6309 252933
6310 252870
6311 252635
6312 252765
6313 252454
6314 253181
6315 252690
6316 252156
6317 252777
6318 252609
6319 252802
6320 252871
6321 252684
6322 252626
6323 252501
6324 252932
6325 253072
6326 252844
6327 253171
6328 252355
6329 253015
6330 252521
6331 252985
6332 252858
6333 252567
6334 253059
6335 252577
6336 252826
6337 252620
6338 252450
6339 252930
6340 252446
6341 252785
6342 252751
6343 252510
6344 253092
6345 252390
6346 253081
6347 252586
6348 252503
6349 253105
6350 252623
6351 252858
6352 252735
6353 252573
6354 252635
6355 253076
6356 252971
6357 253049
6358 252570
6359 253050
6360 252752
6361 252924
6362 252789
6363 252693
6364 253047
6365 253137
6366 252828
6367 252648
6368 252921
6369 253143
6370 253164
6371 252869
6372 252877
6373 252959
6374 253305
6375 252824
6376 252536
6377 252994
6378 252971
6379 252582
6380 253301
6381 253329
6382 252571
6383 253109
6384 253231
6385 253007
6386 253521
6387 253367
6388 253112
6389 253492
6390 253138
6391 253028
6392 253608
6393 253204
6394 253112
6395 253039
6396 253549
6397 253294
6398 253269
6399 253859
6400 253000
6401 253027
6402 253373
6403 252903
6404 253500
6405 253125
6406 253186
6407 253772
6408 253391
6409 252657
6410 253588
6411 253692
6412 253120
6413 253305
6414 253545
6415 253839
6416 253590
6417 253108
6418 253445
6419 253554
6420 253431
6421 253506
6422 253399
6423 253288
6424 253350
6425 253719
6426 253372
6427 253389
6428 253275
6429 253699
6430 253322
6431 253393
6432 253578
6433 253619
6434 253821
6435 253246
6436 253824
6437 253379
6438 253558
6439 254043
6440 253555
6441 253439
6442 253067
6443 253354
6444 253704
6445 253555
6446 253542
6447 253770
6448 253938
6449 253631
6450 253872
6451 253582
6452 253977
6453 253707
6454 253917
6455 254359
6456 254273
6457 254093
6458 253697
6459 253896
6460 253903
6461 254464
6462 254324
6463 254999
6464 254694
6465 254501
6466 254375
6467 254775
6468 254258
6469 254597
6470 254527
6471 254872
6472 254972
6473 255255
6474 254843
6475 255369
6476 255517
6477 255332
6478 255454
6479 255520
6480 255708
6481 256069
6482 255968
6483 255962
6484 255701
6485 256559
6486 256540
6487 256252
6488 256936
6489 257163
6490 257192
6491 257709
6492 257164
6493 257218
6494 257569
6495 257445
6496 257503
6497 257569
6498 257538
6499 257491
6500 257943
6501 257907
6502 257455
6503 258138
6504 257674
6505 257400
6506 257625
6507 257251
6508 257006
6509 257703
6510 257096
6511 256898
6512 256979
6513 256685
6514 256711
6515 256876
6516 256597
6517 257195
6518 256158
6519 256134
6520 255646
6521 255740
6522 255666
6523 255524
6524 255399
6525 255491
6526 255771
6527 255065
6528 255169
6529 255292
6530 255455
6531 255441
6532 254885
6533 254758
6534 255139
6535 255057
6536 254749
6537 254077
6538 254489
6539 254527
6540 254420
6541 253858
6542 254175
6543 254293
6544 254191
6545 254282
6546 253926
6547 254317
6548 254028
6549 253927
6550 253871
6551 253822
6552 253982
6553 253602
6554 254232
6555 254407
6556 254204
6557 253983
6558 254032
6559 254188
6560 253787
6561 253741
6562 253857
6563 253658
6564 253545
6565 253407
6566 253632
6567 253624
6568 253813
6569 253722
6570 253298
6571 254090
6572 253456
6573 253856
6574 253849
6575 253745
6576 253478
6577 253136
6578 253688
6579 253897
6580 253518
6581 253248
6582 253718
6583 253576
6584 253240
6585 253406
6586 253752
6587 254151
6588 253841
6589 254126
6590 254232
6591 253590
6592 253840
6593 253627
6594 253548
6595 253816
6596 253719
6597 253736
6598 253389
6599 253735
6600 253262
6601 253665
6602 253094
6603 253797
6604 253738
6605 253225
6606 253400
6607 253478
6608 253476
6609 253410
6610 252982
6611 253278
6612 253760
6613 253547
6614 253340
6615 253070
6616 253256
6617 252736
6618 253139
6619 253063
6620 253019
6621 253510
6622 253432
6623 252991
6624 252877
6625 253321
6626 252997
6627 253236
6628 252801
6629 252985
6630 253209
6631 253127
6632 253435
6633 253380
6634 253456
6635 252940
6636 253456
6637 253552
6638 253307
6639 253067
6640 253666
6641 253109
6642 253779
6643 252936
6644 253256
6645 253393
6646 253277
6647 253259
6648 253451
6649 253522
6650 253157
6651 253931
6652 253544
6653 253589
6654 253318
6655 254054
6656 253691
6657 253962
6658 253118
6659 253800
6660 253623
6661 253576
6662 253772
6663 254192
6664 254101
6665 253941
6666 253504
6667 253369
6668 253545
6669 253641
6670 253611
6671 253913
6672 253840
6673 253242
6674 253727
6675 253604
6676 253564
6677 253581
6678 253830
6679 253444
6680 253567
6681 253808
6682 254062
6683 253272
6684 253750
6685 253591
6686 253740
6687 253417
6688 253101
6689 253605
6690 253583
6691 253765
6692 253216
6693 253357
6694 253825
6695 253466
6696 253939
6697 253353
6698 253488
6699 253600
6700 253558
6701 253823
6702 254065
6703 253898
6704 253466
6705 253484
6706 253832
6707 253135
6708 253793
6709 253423
6710 253920
6711 253961
6712 253845
6713 254478
6714 254388
6715 254030
6716 253866
6717 253962
6718 253937
6719 253958
6720 253492
6721 254183
6722 253878
6723 254283
6724 254123
6725 254510
6726 254193
6727 254098
6728 254043
6729 254246
6730 254031
6731 253859
6732 254165
6733 254208
6734 253993
6735 254369
6736 252977
6737 253952
6738 254041
6739 253543
6740 254103
6741 253710
6742 253857
6743 253738
6744 254165
6745 253754
6746 254068
6747 253703
6748 254062
6749 253442
6750 254190
6751 254194
6752 253698
6753 254267
6754 253886
6755 253615
6756 253611
6757 253773
6758 253995
6759 253770
6760 253974
6761 253756
6762 253801
6763 253949
6764 254617
6765 253447
6766 253755
6767 254411
6768 253979
6769 253929
6770 253868
6771 253872
6772 254059
6773 253770
6774 253935
6775 254054
6776 253833
6777 253724
6778 254242
6779 253929
6780 254224
6781 254173
6782 254479
6783 254061
6784 253536
6785 253816
6786 253671
6787 253901
6788 253948
6789 253760
6790 254032
6791 253566
6792 253884
6793 253261
6794 253625
6795 253996
6796 253330
6797 253910
6798 254129
6799 253852
6800 253977
6801 253772
6802 253483
6803 253946
6804 254017
6805 253860
6806 253501
6807 254044
6808 253472
6809 253740
6810 253805
6811 253420
6812 253808
6813 253675
6814 253172
6815 253594
6816 253792
6817 253745
6818 253798
6819 254124
6820 253752
6821 253907
6822 254623
6823 253982
6824 254471
