H11890
GateTime 10
GateNumber 0
SN 30430302
0 183309
1 183058
2 182798
3 183365
4 182805
5 183477
6 183258
7 182993
8 183082
9 182897
10 183533
11 183349
12 183129
13 183038
14 183422
15 183689
16 184065
17 183074
18 183535
19 184061
20 184097
21 183930
22 183732
23 183323
24 183460
25 183821
26 183847
27 183732
28 183825
29 183772
30 183578
31 183649
32 183583
33 183007
34 183779
35 183379
36 183553
37 183659
38 183089
39 183577
40 183505
41 183414
42 183617
43 183728
44 183811
45 183597
46 183453
47 183841
48 184105
49 183304
50 183154
51 184054
52 183702
53 184083
54 183730
55 183827
56 183887
57 184419
58 184148
59 184193
60 184170
61 184233
62 184312
63 184707
64 184097
65 184044
66 184820
67 184445
68 184205
69 184945
70 184799
71 184761
72 184966
73 184518
74 184685
75 185133
76 185007
77 185110
78 185360
79 184972
80 185395
81 185839
82 185131
83 185738
84 185297
85 185463
86 185242
87 185371
88 185293
89 185735
90 185723
91 185679
92 185646
93 185166
94 185486
95 185324
96 185555
97 184976
98 185621
99 185463
100 184894
101 184899
102 185069
103 184786
104 184271
105 185039
106 184754
107 184843
108 184375
109 184999
110 184362
111 184929
112 184575
113 184452
114 184547
115 184691
116 184471
117 184518
118 184367
119 184180
120 184127
121 184667
122 184110
123 184382
124 184220
125 184537
126 183679
127 184323
128 184674
129 184729
130 184100
131 184440
132 184642
133 184038
134 184328
135 184470
136 184272
137 184002
138 184717
139 184752
140 184381
141 184566
142 184149
143 184460
144 184168
145 184993
146 184045
147 184461
148 184318
149 184508
150 184553
151 184741
152 184386
153 184123
154 184566
155 184353
156 184058
157 184571
158 184929
159 184419
160 184418
161 184526
162 184434
163 184500
164 184377
165 184063
166 184545
167 184138
168 184211
169 184236
170 184082
171 184191
172 184202
173 184266
174 183912
175 184149
176 184866
177 183595
178 184004
179 184182
180 184317
181 184322
182 184605
183 184103
184 184004
185 184023
186 184102
187 183826
188 183884
189 184197
190 183860
191 184299
192 184281
193 184298
194 183947
195 184464
196 183806
197 183728
198 183443
199 183931
200 183587
201 183764
202 184166
203 184597
204 184336
205 184050
206 183738
207 183625
208 183956
209 184521
210 183970
211 183947
212 183554
213 183474
214 184025
215 184201
216 184332
217 184001
218 184184
219 183843
220 184347
221 184073
222 184054
223 184193
224 184022
225 184141
226 184390
227 184534
228 184405
229 184363
230 183967
231 184513
232 184073
233 183665
234 183940
235 184323
236 183835
237 184089
238 183725
239 183775
240 183781
241 184235
242 184381
243 184022
244 184015
245 184095
246 184356
247 183647
248 184162
249 184255
250 184245
251 183980
252 183778
253 183512
254 184381
255 183827
256 184042
257 184367
258 183726
259 184298
260 184317
261 184367
262 184363
263 184221
264 184486
265 183595
266 183904
267 184157
268 184175
269 184381
270 184149
271 184001
272 184171
273 184798
274 184495
275 184631
276 184865
277 184514
278 185130
279 184198
280 184652
281 183904
282 184670
283 183917
284 184512
285 184377
286 184688
287 184590
288 184520
289 184650
290 184610
291 184933
292 184241
293 184453
294 184365
295 184795
296 184436
297 184034
298 184237
299 184371
300 183754
301 184213
302 184302
303 184481
304 184020
305 184591
306 184501
307 184001
308 184238
309 184277
310 184340
311 184464
312 184326
313 184232
314 183785
315 184606
316 184216
317 184518
318 183781
319 184309
320 183963
321 184146
322 184124
323 184094
324 184430
325 183940
326 183935
327 184259
328 184261
329 184596
330 183963
331 184058
332 183891
333 184343
334 183657
335 184302
336 184270
337 183948
338 184176
339 184078
340 183836
341 184042
342 184151
343 184103
344 184008
345 183642
346 183622
347 184197
348 184036
349 184220
350 183903
351 184365
352 183881
353 183534
354 183739
355 184228
356 183897
357 183321
358 184250
359 184134
360 183571
361 184210
362 183338
363 184084
364 183805
365 184120
366 183414
367 184032
368 183744
369 183449
370 183819
371 183705
372 183900
373 184095
374 183305
375 183742
376 183823
377 183571
378 183399
379 183840
380 183571
381 183902
382 183533
383 183796
384 183601
385 183694
386 183630
387 184023
388 184070
389 183740
390 183926
391 183834
392 183372
393 183451
394 183473
395 183455
396 183490
397 183630
398 183964
399 183741
400 183372
401 183248
402 183675
403 184176
404 183355
405 183649
406 183822
407 183977
408 183510
409 183453
410 183628
411 183517
412 183611
413 183603
414 183598
415 183781
416 184057
417 183817
418 183806
419 183543
420 183392
421 183143
422 183325
423 183611
424 182717
425 183352
426 183344
427 183537
428 183694
429 183527
430 183414
431 182742
432 183372
433 183277
434 183204
435 184135
436 183424
437 183194
438 183132
439 183029
440 183492
441 183357
442 183843
443 182835
444 182824
445 183217
446 183019
447 182903
448 183308
449 182618
450 183390
451 183320
452 183319
453 183139
454 182896
455 182841
456 183013
457 182738
458 183111
459 183471
460 182850
461 182976
462 183260
463 182619
464 182698
465 183025
466 182792
467 182982
468 183220
469 182957
470 182959
471 182861
472 182969
473 183224
474 182836
475 182648
476 182767
477 182502
478 183054
479 182888
480 182836
481 182758
482 183003
483 183011
484 183146
485 183068
486 183162
487 182977
488 182820
489 183329
490 183082
491 183105
492 182459
493 183197
494 183066
495 182865
496 182389
497 183145
498 182659
499 182557
500 182672
501 182584
502 183115
503 183032
504 182527
505 182741
506 182800
507 182749
508 183311
509 182855
510 182618
511 182561
512 182725
513 182466
514 182936
515 182619
516 182781
517 183253
518 182903
519 182851
520 183305
521 182691
522 182417
523 183070
524 182177
525 183324
526 182991
527 182400
528 182740
529 183214
530 182951
531 182564
532 182329
533 182733
534 182955
535 182447
536 182630
537 182431
538 182651
539 181984
540 182251
541 182824
542 182578
543 182831
544 182329
545 182607
546 182790
547 182457
548 182557
549 182647
550 182380
551 182669
552 182704
553 182441
554 182348
555 182727
556 182521
557 182679
558 182585
559 182738
560 182018
561 183171
562 182932
563 182507
564 182615
565 182457
566 183038
567 182708
568 182945
569 182380
570 182708
571 182582
572 183245
573 182406
574 182720
575 182841
576 183019
577 183624
578 183604
579 182983
580 183053
581 183189
582 183133
583 183428
584 183344
585 183777
586 183493
587 183516
588 183703
589 182962
590 183433
591 183611
592 183682
593 182900
594 183294
595 183303
596 183692
597 183317
598 183619
599 183847
600 183719
601 183378
602 183722
603 183768
604 183934
605 183768
606 183711
607 183596
608 184062
609 184242
610 184208
611 184103
612 183515
613 184351
614 184236
615 183928
616 184048
617 183428
618 184201
619 184032
620 183712
621 184459
622 183971
623 184048
624 184031
625 184675
626 184068
627 184599
628 184295
629 183898
630 184272
631 184680
632 184764
633 184621
634 184695
635 184374
636 184147
637 184481
638 184411
639 184302
640 184135
641 184019
642 184270
643 183863
644 184242
645 183828
646 183677
647 183783
648 183260
649 183555
650 183147
651 183720
652 183019
653 183008
654 183492
655 182928
656 182889
657 183079
658 182851
659 183023
660 182803
661 182791
662 182724
663 182518
664 182511
665 182298
666 182360
667 182330
668 182536
669 182789
670 182045
671 182100
672 181881
673 182065
674 181917
675 181591
676 182186
677 181882
678 181819
679 181893
680 182167
681 181800
682 181916
683 181952
684 181389
685 182078
686 181222
687 181738
688 181604
689 181507
690 181709
691 181652
692 181595
693 181320
694 181179
695 181520
696 181654
697 181396
698 181071
699 181528
700 181752
701 181449
702 181076
703 181487
704 180920
705 181216
706 180974
707 180996
708 181323
709 181171
710 181215
711 180831
712 181348
713 181084
714 181358
715 180669
716 180737
717 180798
718 181338
719 181114
720 181442
721 180969
722 181428
723 180949
724 180733
725 181239
726 180613
727 180684
728 181130
729 181169
730 180958
731 180583
732 181158
733 181384
734 180890
735 181204
736 180925
737 181247
738 181149
739 180591
740 180617
741 180516
742 180675
743 180602
744 180897
745 180729
746 180974
747 180367
748 180864
749 180160
750 180681
751 180688
752 180847
753 180691
754 180908
755 180733
756 180319
757 180611
758 180737
759 180621
760 180201
761 180373
762 180701
763 181204
764 180871
765 180728
766 180696
767 180659
768 180450
769 180733
770 180661
771 180852
772 180944
773 180718
774 180921
775 180725
776 180166
777 181176
778 180767
779 180694
780 180798
781 180229
782 180497
783 180201
784 180377
785 180743
786 180454
787 180240
788 180188
789 180240
790 180361
791 180324
792 180319
793 179780
794 180483
795 179940
796 180199
797 180340
798 180785
799 180532
800 180196
801 180056
802 180472
803 180814
804 180404
805 179656
806 180517
807 180262
808 179833
809 180200
810 179804
811 180362
812 180097
813 180688
814 180460
815 180297
816 180883
817 180730
818 180530
819 180055
820 180702
821 180312
822 180764
823 180430
824 180405
825 180791
826 180266
827 180498
828 180151
829 179933
830 180675
831 179981
832 180809
833 180968
834 180295
835 180572
836 180158
837 180778
838 179399
839 179887
840 180426
841 179910
842 180438
843 179979
844 180005
845 179986
846 179881
847 180341
848 180111
849 180072
850 180553
851 180146
852 179991
853 179947
854 180157
855 179799
856 180177
857 180072
858 180079
859 180121
860 179543
861 179661
862 179796
863 179846
864 179520
865 179954
866 179978
867 179766
868 180185
869 179393
870 179459
871 179900
872 180101
873 180294
874 179852
875 180585
876 179931
877 179919
878 179894
879 180258
880 179918
881 179889
882 180314
883 179848
884 180164
885 180566
886 180057
887 180196
888 180365
889 180302
890 180650
891 180288
892 180383
893 180646
894 180291
895 180256
896 179813
897 180451
898 180012
899 180511
900 179924
901 179666
902 180066
903 180242
904 180248
905 179803
906 179823
907 179938
908 180662
909 179542
910 180065
911 179433
912 179874
913 180090
914 180086
915 180206
916 180520
917 180441
918 179864
919 180772
920 180877
921 180331
922 179879
923 179971
924 180238
925 180413
926 180745
927 180153
928 180450
929 180577
930 180728
931 180718
932 180539
933 180421
934 180292
935 180481
936 179930
937 180718
938 179946
939 179999
940 180188
941 180304
942 180400
943 179976
944 180361
945 179837
946 180093
947 179628
948 180230
949 180060
950 180280
951 180114
952 180303
953 179960
954 180202
955 179955
956 179615
957 180579
958 180042
959 179589
960 180001
961 180182
962 180001
963 180049
964 179799
965 180214
966 179913
967 180275
968 179566
969 180022
970 180704
971 180362
972 180523
973 180559
974 180416
975 180125
976 180243
977 180010
978 179914
979 180359
980 180442
981 180005
982 179918
983 180144
984 180196
985 180171
986 180276
987 179903
988 180356
989 179962
990 180341
991 180806
992 180564
993 180329
994 180169
995 180720
996 180221
997 180732
998 180224
999 180426
1000 180454
1001 180106
1002 180238
1003 180352
1004 180420
1005 180972
1006 180643
1007 180538
1008 180417
1009 180482
1010 180396
1011 180559
1012 180812
1013 180640
1014 180997
1015 180486
1016 180698
1017 180691
1018 180563
1019 180580
1020 180516
1021 180495
1022 180394
1023 180793
1024 179961
1025 180369
1026 180304
1027 180674
1028 180494
1029 180915
1030 180739
1031 180249
1032 180253
1033 181010
1034 180354
1035 180269
1036 180078
1037 180305
1038 180970
1039 181019
1040 180686
1041 181000
1042 181057
1043 180212
1044 180480
1045 180817
1046 180727
1047 180614
1048 181154
1049 181315
1050 180701
1051 181035
1052 180678
1053 181306
1054 180715
1055 181566
1056 180904
1057 181405
1058 181290
1059 181777
1060 181159
1061 181630
1062 181678
1063 181667
1064 181378
1065 181360
1066 181966
1067 181519
1068 182196
1069 181959
1070 182016
1071 181682
1072 181898
1073 181999
1074 181378
1075 182525
1076 182518
1077 182051
1078 182044
1079 182721
1080 183171
1081 182559
1082 183215
1083 182967
1084 182530
1085 183163
1086 182365
1087 182650
1088 183257
1089 183167
1090 182401
1091 182919
1092 182749
1093 183221
1094 182784
1095 182982
1096 182820
1097 182719
1098 182382
1099 183463
1100 182797
1101 182472
1102 182302
1103 182547
1104 183101
1105 182118
1106 182202
1107 182480
1108 182427
1109 182386
1110 181993
1111 181772
1112 182407
1113 181755
1114 181820
1115 182057
1116 181700
1117 181424
1118 181392
1119 182405
1120 181765
1121 181773
1122 181740
1123 181448
1124 181521
1125 181645
1126 181620
1127 181927
1128 181662
1129 181552
1130 181364
1131 181352
1132 180555
1133 181332
1134 181970
1135 181361
1136 181782
1137 181563
1138 181726
1139 181420
1140 181508
1141 181489
1142 181355
1143 181606
1144 181376
1145 181875
1146 181102
1147 181704
1148 181513
1149 181447
1150 181021
1151 181445
1152 181343
1153 181375
1154 181484
1155 181229
1156 181337
1157 180998
1158 181236
1159 181159
1160 181532
1161 181160
1162 181756
1163 180915
1164 180792
1165 181399
1166 180920
1167 181369
1168 181381
1169 181210
1170 181567
1171 181132
1172 181380
1173 181611
1174 180818
1175 181459
1176 181449
1177 181539
1178 181713
1179 181695
1180 181378
1181 181215
1182 181072
1183 180876
1184 181607
1185 181001
1186 181289
1187 180987
1188 181279
1189 180945
1190 181033
1191 181117
1192 180973
1193 181265
1194 180594
1195 181265
1196 181276
1197 180826
1198 181566
1199 180670
1200 181595
1201 180791
1202 180868
1203 181316
1204 181000
1205 181160
1206 181287
1207 181471
1208 181541
1209 181404
1210 181237
1211 181408
1212 181043
1213 181287
1214 181296
1215 181431
1216 181359
1217 181183
1218 181120
1219 181202
1220 181034
1221 181152
1222 181470
1223 181478
1224 181592
1225 180996
1226 181092
1227 181079
1228 181712
1229 181441
1230 181510
1231 181964
1232 181168
1233 181644
1234 181102
1235 181233
1236 181634
1237 181322
1238 181653
1239 181772
1240 181654
1241 181737
1242 181817
1243 181559
1244 181563
1245 181661
1246 181736
1247 181959
1248 181508
1249 181848
1250 182370
1251 181706
1252 181242
1253 181651
1254 181479
1255 181910
1256 181254
1257 181751
1258 182045
1259 182319
1260 181995
1261 181592
1262 181374
1263 182126
1264 181619
1265 181625
1266 182523
1267 182731
1268 182154
1269 182058
1270 181711
1271 182094
1272 182306
1273 182501
1274 182435
1275 182238
1276 182425
1277 181730
1278 182193
1279 182432
1280 181900
1281 182696
1282 181722
1283 182497
1284 182199
1285 182134
1286 182440
1287 181916
1288 181936
1289 181876
1290 182228
1291 182355
1292 181606
1293 181628
1294 182400
1295 181979
1296 182490
1297 182711
1298 181876
1299 182366
1300 182587
1301 182084
1302 182117
1303 182070
1304 182283
1305 182346
1306 182415
1307 182364
1308 182487
1309 182440
1310 182192
1311 182506
1312 182794
1313 181809
1314 182670
1315 182689
1316 182625
1317 182180
1318 182291
1319 182697
1320 182441
1321 182395
1322 182804
1323 182748
1324 182230
1325 182348
1326 182307
1327 182796
1328 182621
1329 182928
1330 182350
1331 182920
1332 182514
1333 182744
1334 183025
1335 182492
1336 182566
1337 181942
1338 182803
1339 183042
1340 182979
1341 182703
1342 182678
1343 183100
1344 182627
1345 182535
1346 183220
1347 182283
1348 182900
1349 183071
1350 183105
1351 182955
1352 183117
1353 183398
1354 183119
1355 183448
1356 183379
1357 183782
1358 183392
1359 182848
1360 183758
1361 183000
1362 183743
1363 183676
1364 183673
1365 183358
1366 183173
1367 183349
1368 183836
1369 183349
1370 183548
1371 183020
1372 183394
1373 183518
1374 183089
1375 183302
1376 183428
1377 183286
1378 183550
1379 183183
1380 182648
1381 182957
1382 182988
1383 182970
1384 182840
1385 183062
1386 183119
1387 183050
1388 182952
1389 183164
1390 182733
1391 183133
1392 183374
1393 183219
1394 183386
1395 182790
1396 183368
1397 183169
1398 183078
1399 183571
1400 182814
1401 183386
1402 182978
1403 183154
1404 182765
1405 183763
1406 183090
1407 183254
1408 182585
1409 183022
1410 182698
1411 182802
1412 182777
1413 182960
1414 183338
1415 182605
1416 182945
1417 182762
1418 182980
1419 183270
1420 183028
1421 183091
1422 183321
1423 183247
1424 182652
1425 183086
1426 183443
1427 182986
1428 181997
1429 182889
1430 182659
1431 183491
1432 183356
1433 183155
1434 183140
1435 182454
1436 182705
1437 182941
1438 182915
1439 182803
1440 182873
1441 182843
1442 182287
1443 182773
1444 182669
1445 182816
1446 182610
1447 182567
1448 182509
1449 182600
1450 182374
1451 182247
1452 181731
1453 182326
1454 182319
1455 182991
1456 182487
1457 182722
1458 182386
1459 182164
1460 182543
1461 182026
1462 182189
1463 182355
1464 181847
1465 182413
1466 182467
1467 182595
1468 182076
1469 182630
1470 182176
1471 182416
1472 182460
1473 182421
1474 182645
1475 182241
1476 182597
1477 182446
1478 182680
1479 182385
1480 182102
1481 182062
1482 182520
1483 182353
1484 182011
1485 182292
1486 182419
1487 182594
1488 182339
1489 182630
1490 182329
1491 182430
1492 182140
1493 182568
1494 181981
1495 182473
1496 181903
1497 182288
1498 182270
1499 182258
1500 182051
1501 182565
1502 182150
1503 181678
1504 182083
1505 181969
1506 182460
1507 181731
1508 182102
1509 181813
1510 182312
1511 182052
1512 182344
1513 182431
1514 182562
1515 182108
1516 181733
1517 182247
1518 181629
1519 182145
1520 182262
1521 182095
1522 181954
1523 182178
1524 182238
1525 181939
1526 182183
1527 181962
1528 182174
1529 181786
1530 182379
1531 181592
1532 181569
1533 181553
1534 181959
1535 182175
1536 181422
1537 182058
1538 181596
1539 181416
1540 181830
1541 181550
1542 181432
1543 181141
1544 181283
1545 181751
1546 181449
1547 181263
1548 181920
1549 181543
1550 181782
1551 181300
1552 181119
1553 181697
1554 181560
1555 182022
1556 181809
1557 182028
1558 182297
1559 182236
1560 182141
1561 181717
1562 182346
1563 181798
1564 182070
1565 182386
1566 181760
1567 181471
1568 181649
1569 181976
1570 181807
1571 182176
1572 181989
1573 181685
1574 181576
1575 181548
1576 181867
1577 181477
1578 181760
1579 182244
1580 182409
1581 182022
1582 182389
1583 181592
1584 182385
1585 182122
1586 182706
1587 182076
1588 182187
1589 181826
1590 182549
1591 182477
1592 182396
1593 182078
1594 182632
1595 182131
1596 182535
1597 182175
1598 181932
1599 182725
1600 182799
1601 182604
1602 182452
1603 182357
1604 182460
1605 182517
1606 182406
1607 182384
1608 182059
1609 182572
1610 182122
1611 182199
1612 183390
1613 182956
1614 183568
1615 182794
1616 182650
1617 183248
1618 183103
1619 182933
1620 183346
1621 182964
1622 183077
1623 183240
1624 183441
1625 183468
1626 182796
1627 182670
1628 182973
1629 183148
1630 183430
1631 182916
1632 183346
1633 183253
1634 182619
1635 182825
1636 182970
1637 182902
1638 183222
1639 183292
1640 182940
1641 182844
1642 182358
1643 182534
1644 182359
1645 182777
1646 182682
1647 182399
1648 182226
1649 182435
1650 182218
1651 182190
1652 181954
1653 181761
1654 181674
1655 181835
1656 181829
1657 182026
1658 181542
1659 181775
1660 181687
1661 181187
1662 181545
1663 181452
1664 181101
1665 181257
1666 181229
1667 180861
1668 181375
1669 180954
1670 181275
1671 181088
1672 181395
1673 181313
1674 180849
1675 181001
1676 181225
1677 181286
1678 180906
1679 180993
1680 180505
1681 180680
1682 181121
1683 181254
1684 180222
1685 180809
1686 180686
1687 180563
1688 180151
1689 180503
1690 180674
1691 180473
1692 180206
1693 180433
1694 180406
1695 180374
1696 180372
1697 180499
1698 180263
1699 180589
1700 180124
1701 180218
1702 180244
1703 179850
1704 179998
1705 180246
1706 179867
1707 179915
1708 180546
1709 179807
1710 180495
1711 179971
1712 180554
1713 180587
1714 179830
1715 180040
1716 179928
1717 180195
1718 180090
1719 179954
1720 180396
1721 180175
1722 180152
1723 180049
1724 179816
1725 180318
1726 180098
1727 179631
1728 179884
1729 179856
1730 179714
1731 179850
1732 180045
1733 179803
1734 179896
1735 179886
1736 179342
1737 180071
1738 179612
1739 180387
1740 179457
1741 180051
1742 179767
1743 179873
1744 180409
1745 180247
1746 179556
1747 179799
1748 179863
1749 179116
1750 179285
1751 180311
1752 179571
1753 179869
1754 179547
1755 180077
1756 179861
1757 179704
1758 179434
1759 179349
1760 179632
1761 179461
1762 179376
1763 178987
1764 179293
1765 178903
1766 179411
1767 179597
1768 179389
1769 179110
1770 179759
1771 179274
1772 179381
1773 180072
1774 179665
1775 179149
1776 179199
1777 179397
1778 179096
1779 179369
1780 179761
1781 179498
1782 178857
1783 179179
1784 179027
1785 179081
1786 179192
1787 178954
1788 179355
1789 179083
1790 179570
1791 179176
1792 179276
1793 179414
1794 178989
1795 179289
1796 179093
1797 178911
1798 179192
1799 179740
1800 179265
1801 179481
1802 179684
1803 179215
1804 179364
1805 179561
1806 179192
1807 179154
1808 178971
1809 178940
1810 179319
1811 178909
1812 179677
1813 178972
1814 179191
1815 178886
1816 178687
1817 179142
1818 178513
1819 179075
1820 179035
1821 179034
1822 178527
1823 179481
1824 179220
1825 178977
1826 178825
1827 178957
1828 179110
1829 178636
1830 178483
1831 178999
1832 178533
1833 179085
1834 178951
1835 179169
1836 179033
1837 179135
1838 179074
1839 178928
1840 179052
1841 178654
1842 178663
1843 179103
1844 178733
1845 178601
1846 178874
1847 178821
1848 178575
1849 178786
1850 178995
1851 178500
1852 178754
1853 178582
1854 179149
1855 179385
1856 178861
1857 178493
1858 178832
1859 178688
1860 178806
1861 178865
1862 178829
1863 179213
1864 178909
1865 178754
1866 178646
1867 179094
1868 178958
1869 178248
1870 178849
1871 178608
1872 179494
1873 178698
1874 178939
1875 178795
1876 178572
1877 178652
1878 179275
1879 178976
1880 178615
1881 179167
1882 178779
1883 179274
1884 178581
1885 179111
1886 179177
1887 178971
1888 178733
1889 178491
1890 178581
1891 178790
1892 178846
1893 178649
1894 178517
1895 179219
1896 178768
1897 179179
1898 178808
1899 179383
1900 179255
1901 178541
1902 178951
1903 179103
1904 178868
1905 178788
1906 178269
1907 179031
1908 178599
1909 178598
1910 179000
1911 178813
1912 179363
1913 178321
1914 178822
1915 179044
1916 179073
1917 178872
1918 178835
1919 178947
1920 178951
1921 179377
1922 179115
1923 178818
1924 178682
1925 179025
1926 178762
1927 178657
1928 179286
1929 178680
1930 178588
1931 178965
1932 178707
1933 179679
1934 178842
1935 178760
1936 179075
1937 179140
1938 179200
1939 179380
1940 179192
1941 178839
1942 179081
1943 179176
1944 179274
1945 178949
1946 179090
1947 179314
1948 179009
1949 178493
1950 179109
1951 179393
1952 179019
1953 179068
1954 179200
1955 179683
1956 179135
1957 179351
1958 179232
1959 179065
1960 179517
1961 179446
1962 179294
1963 179195
1964 179408
1965 179829
1966 179030
1967 179703
1968 178919
1969 178709
1970 179272
1971 179499
1972 179260
1973 179836
1974 179144
1975 179479
1976 179622
1977 179664
1978 179677
1979 179432
1980 179642
1981 179672
1982 179380
1983 179276
1984 178914
1985 179435
1986 179368
1987 179351
1988 179414
1989 179667
1990 179285
1991 179573
1992 179031
1993 179095
1994 179579
1995 179868
1996 179684
1997 179435
1998 179986
1999 179568
2000 179493
2001 179373
2002 179955
2003 179178
2004 179659
2005 179971
2006 179817
2007 179964
2008 179063
2009 179221
2010 179560
2011 180088
2012 179653
2013 179583
2014 179807
2015 179615
2016 179607
2017 179573
2018 179428
2019 179842
2020 179756
2021 179519
2022 179423
2023 179627
2024 179874
2025 179783
2026 180142
2027 180030
2028 179684
2029 180167
2030 180001
2031 179839
2032 179860
2033 180558
2034 180242
2035 180358
2036 179716
2037 180015
2038 179855
2039 180095
2040 179938
2041 180377
2042 180099
2043 180211
2044 180438
2045 180526
2046 180618
2047 180231
2048 180409
2049 180398
2050 180406
2051 180673
2052 181120
2053 180498
2054 180217
2055 181094
2056 180812
2057 180992
2058 181001
2059 180744
2060 181129
2061 180663
2062 181279
2063 180886
2064 180997
2065 180911
2066 180970
2067 181991
2068 181435
2069 181303
2070 182336
2071 181305
2072 182167
2073 181668
2074 182294
2075 182113
2076 182247
2077 182542
2078 182367
2079 182176
2080 182268
2081 181802
2082 182705
2083 182672
2084 182353
2085 182480
2086 182722
2087 182735
2088 182670
2089 182514
2090 182673
2091 182071
2092 182524
2093 182885
2094 182079
2095 182153
2096 182103
2097 182288
2098 182082
2099 181704
2100 182233
2101 181796
2102 181184
2103 181920
2104 181140
2105 181849
2106 181357
2107 181665
2108 181192
2109 181432
2110 181980
2111 180667
2112 181068
2113 181053
2114 181006
2115 181553
2116 180690
2117 180205
2118 180638
2119 181037
2120 180747
2121 180650
2122 180725
2123 181339
2124 180736
2125 180581
2126 180760
2127 180593
2128 180469
2129 180813
2130 180701
2131 180742
2132 180660
2133 180410
2134 180495
2135 179965
2136 180711
2137 180861
2138 180741
2139 180596
2140 180834
2141 179938
2142 181001
2143 180421
2144 180904
2145 180808
2146 180771
2147 180842
2148 180779
2149 180901
2150 180785
2151 180968
2152 180431
2153 180817
2154 180210
2155 180631
2156 180298
2157 180581
2158 180575
2159 180637
2160 180964
2161 180194
2162 180022
2163 180709
2164 180184
2165 181050
2166 180315
2167 180418
2168 180603
2169 180681
2170 180537
2171 180684
2172 180137
2173 180705
2174 179945
2175 180198
2176 180723
2177 181034
2178 180572
2179 180395
2180 180548
2181 180587
2182 180738
2183 180272
2184 180938
2185 180433
2186 180711
2187 180729
2188 180911
2189 180626
2190 180763
2191 180394
2192 180887
2193 180380
2194 180476
2195 180813
2196 180332
2197 180405
2198 181233
2199 180828
2200 180710
2201 180432
2202 180645
2203 181175
2204 180005
2205 180901
2206 180455
2207 180662
2208 180904
2209 180805
2210 180723
2211 180315
2212 180285
2213 180303
2214 180286
2215 180231
2216 180994
2217 180884
2218 180109
2219 180713
2220 180874
2221 180617
2222 180719
2223 180834
2224 180657
2225 180315
2226 180514
2227 181034
2228 180601
2229 180741
2230 180381
2231 180817
2232 180722
2233 180802
2234 181036
2235 181070
2236 181117
2237 181054
2238 181038
2239 180851
2240 180760
2241 180556
2242 181113
2243 180798
2244 181025
2245 180784
2246 180956
2247 180874
2248 180980
2249 181347
2250 181281
2251 180863
2252 180793
2253 181146
2254 181814
2255 181195
2256 180801
2257 181371
2258 180919
2259 181413
2260 181134
2261 181184
2262 181906
2263 181272
2264 181586
2265 180973
2266 180940
2267 181390
2268 180792
2269 181412
2270 181246
2271 180702
2272 181285
2273 181397
2274 181442
2275 180978
2276 181541
2277 181224
2278 181739
2279 180983
2280 181326
2281 181401
2282 181157
2283 182036
2284 181572
2285 181403
2286 181406
2287 181582
2288 181436
2289 181638
2290 181073
2291 181664
2292 181126
2293 181443
2294 181585
2295 181402
2296 181144
2297 181385
2298 182139
2299 180786
2300 181387
2301 181795
2302 181498
2303 181473
2304 181629
2305 181416
2306 181250
2307 181361
2308 181630
2309 181678
2310 181241
2311 181658
2312 181621
2313 181435
2314 181546
2315 181357
2316 181149
2317 181706
2318 181554
2319 181733
2320 182177
2321 181311
2322 181442
2323 180808
2324 181395
2325 181764
2326 181330
2327 182077
2328 181704
2329 182027
2330 181328
2331 181147
2332 181674
2333 181440
2334 181253
2335 181996
2336 181533
2337 181851
2338 181598
2339 181839
2340 181647
2341 181664
2342 181914
2343 182036
2344 181758
2345 181399
2346 181190
2347 181459
2348 182068
2349 181750
2350 182023
2351 182263
2352 181593
2353 182075
2354 182088
2355 181637
2356 181652
2357 182048
2358 182089
2359 182108
2360 181885
2361 181944
2362 182212
2363 181686
2364 182009
2365 181779
2366 182068
2367 182146
2368 181922
2369 181787
2370 182284
2371 181727
2372 181738
2373 181850
2374 181818
2375 181988
2376 182042
2377 181958
2378 182013
2379 181751
2380 182118
2381 181938
2382 182126
2383 181935
2384 182016
2385 182123
2386 181745
2387 181651
2388 181174
2389 181369
2390 182395
2391 181758
2392 182417
2393 181939
2394 181607
2395 182356
2396 181981
2397 182010
2398 181545
2399 182185
2400 182083
2401 182067
2402 182524
2403 182126
2404 182450
2405 181861
2406 182326
2407 182737
2408 182667
2409 182318
2410 182777
2411 182207
2412 182919
2413 182392
2414 182498
2415 182568
2416 182580
2417 182592
2418 182250
2419 182430
2420 181732
2421 182216
2422 183023
2423 182453
2424 182525
2425 181902
2426 182833
2427 182191
2428 182450
2429 182067
2430 182258
2431 182752
2432 182029
2433 182130
2434 181872
2435 182443
2436 182375
2437 182565
2438 182053
2439 182082
2440 182209
2441 181894
2442 182320
2443 182294
2444 182419
2445 181533
2446 182258
2447 182214
2448 182124
2449 182336
2450 182088
2451 181774
2452 181210
2453 182027
2454 181466
2455 181724
2456 181669
2457 181928
2458 181850
2459 182096
2460 182013
2461 181750
2462 181775
2463 181459
2464 181319
2465 182065
2466 181440
2467 181569
2468 181603
2469 180967
2470 181838
2471 181280
2472 181742
2473 181864
2474 181731
2475 181637
2476 181095
2477 181508
2478 181520
2479 181590
2480 181792
2481 181597
2482 182074
2483 182297
2484 181628
2485 181906
2486 181663
2487 181332
2488 181509
2489 181527
2490 181620
2491 182136
2492 181352
2493 181089
2494 182060
2495 181570
2496 181277
2497 181445
2498 181626
2499 181636
2500 181138
2501 181582
2502 181340
2503 181588
2504 181621
2505 181794
2506 181329
2507 181105
2508 181373
2509 181520
2510 181448
2511 181234
2512 181818
2513 181013
2514 181415
2515 181344
2516 181138
2517 180734
2518 181617
2519 181083
2520 180918
2521 181067
2522 181172
2523 181566
2524 181040
2525 180659
2526 181292
2527 180969
2528 181576
2529 180582
2530 180483
2531 181109
2532 180848
2533 180773
2534 180826
2535 180613
2536 180434
2537 181128
2538 180707
2539 180929
2540 180463
2541 180086
2542 180653
2543 180428
2544 180911
2545 181069
2546 181410
2547 180725
2548 180226
2549 180552
2550 180777
2551 180979
2552 181321
2553 181451
2554 180708
2555 180956
2556 180640
2557 181193
2558 180992
2559 181007
2560 181130
2561 180450
2562 180069
2563 180949
2564 180586
2565 180548
2566 180686
2567 180994
2568 180299
2569 180233
2570 181011
2571 180529
2572 180509
2573 180917
2574 181007
2575 180273
2576 180798
2577 180818
2578 180561
2579 180572
2580 180649
2581 180693
2582 180707
2583 180907
2584 180463
2585 180960
2586 180801
2587 180751
2588 180838
2589 180778
2590 181007
2591 180766
2592 180718
2593 181417
2594 180933
2595 180694
2596 180993
2597 180514
2598 180735
2599 180978
2600 180991
2601 181318
2602 180982
2603 180848
2604 181333
2605 180940
2606 180926
2607 181405
2608 181317
2609 181198
2610 181946
2611 181588
2612 181430
2613 181878
2614 181626
2615 181814
2616 181313
2617 181210
2618 181764
2619 181845
2620 181549
2621 181759
2622 181584
2623 181995
2624 181733
2625 181875
2626 182122
2627 181917
2628 181723
2629 182599
2630 182059
2631 182150
2632 183021
2633 182247
2634 182176
2635 181663
2636 182780
2637 182387
2638 182030
2639 182346
2640 181728
2641 182000
2642 181798
2643 182342
2644 182012
2645 181441
2646 181772
2647 182032
2648 182098
2649 181642
2650 181644
2651 181263
2652 181581
2653 181392
2654 181638
2655 181200
2656 181627
2657 180907
2658 180847
2659 181006
2660 180970
2661 181069
2662 180687
2663 181071
2664 180621
2665 180804
2666 180400
2667 181081
2668 180508
2669 180331
2670 179756
2671 180458
2672 180303
2673 180199
2674 180414
2675 180025
2676 180234
2677 180781
2678 180786
2679 179854
2680 180419
2681 179628
2682 180184
2683 180074
2684 180576
2685 179680
2686 179685
2687 179920
2688 179977
2689 180202
2690 180081
2691 180360
2692 180324
2693 180025
2694 179615
2695 180127
2696 179884
2697 180120
2698 179665
2699 179827
2700 179955
2701 179693
2702 179575
2703 179851
2704 179940
2705 180503
2706 180142
2707 179293
2708 179708
2709 179705
2710 179450
2711 179785
2712 179422
2713 179193
2714 179561
2715 179411
2716 179239
2717 178953
2718 179709
2719 179108
2720 179072
2721 179298
2722 179064
2723 178978
2724 178874
2725 178739
2726 179006
2727 178950
2728 178946
2729 179274
2730 178953
2731 178939
2732 178960
2733 178744
2734 178541
2735 178673
2736 178668
2737 178893
2738 178382
2739 179060
2740 179087
2741 178530
2742 179025
2743 178767
2744 178998
2745 178919
2746 178883
2747 178848
2748 178958
2749 178419
2750 178444
2751 178928
2752 178970
2753 178677
2754 179771
2755 179108
2756 178595
2757 179120
2758 178620
2759 178588
2760 178938
2761 178333
2762 178157
2763 178743
2764 178808
2765 178739
2766 178749
2767 178450
2768 179021
2769 178600
2770 179168
2771 178583
2772 178467
2773 178571
2774 178692
2775 179054
2776 179019
2777 178678
2778 178089
2779 177995
2780 178221
2781 178525
2782 178928
2783 178795
2784 178276
2785 178640
2786 178185
2787 178361
2788 178015
2789 178408
2790 178525
2791 178508
2792 177970
2793 178308
2794 178521
2795 178096
2796 178558
2797 178113
2798 178349
2799 177644
2800 178223
2801 178063
2802 178033
2803 178056
2804 177969
2805 178557
2806 178364
2807 177928
2808 177985
2809 178304
2810 178748
2811 178340
2812 178382
2813 178490
2814 178391
2815 178109
2816 178131
2817 178739
2818 178645
2819 178337
2820 178282
2821 178049
2822 178069
2823 178227
2824 178059
2825 177905
2826 177629
2827 178335
2828 178260
2829 177857
2830 177840
2831 177876
2832 178248
2833 178110
2834 177774
2835 178082
2836 177900
2837 177874
2838 177440
2839 177943
2840 177753
2841 177701
2842 178065
2843 177533
2844 177738
2845 177869
2846 177900
2847 177805
2848 177905
2849 178018
2850 177880
2851 177393
2852 177708
2853 177672
2854 177297
2855 177524
2856 177794
2857 177756
2858 178247
2859 178009
2860 177505
2861 178330
2862 177414
2863 177882
2864 177933
2865 177824
2866 177215
2867 177620
2868 177809
2869 177535
2870 177780
2871 178058
2872 178334
2873 178061
2874 178319
2875 177737
2876 177942
2877 177583
2878 178266
2879 178487
2880 178311
2881 178242
2882 178076
2883 178293
2884 178454
2885 177830
2886 178299
2887 177939
2888 178445
2889 178286
2890 177908
2891 178158
2892 177971
2893 177826
2894 178499
2895 177980
2896 178123
2897 178183
2898 178294
2899 178326
2900 178480
2901 178162
2902 178308
2903 179119
2904 178388
2905 178562
2906 178491
2907 178224
2908 178206
2909 178111
2910 178118
2911 178525
2912 178362
2913 178448
2914 178607
2915 178715
2916 179401
2917 178036
2918 178654
2919 178831
2920 178537
2921 178245
2922 178567
2923 178501
2924 178382
2925 178739
2926 179101
2927 178541
2928 178179
2929 178864
2930 178739
2931 178548
2932 178515
2933 178294
2934 178260
2935 178695
2936 178925
2937 178096
2938 178504
2939 178656
2940 179004
2941 178828
2942 178743
2943 178677
2944 178914
2945 178973
2946 178375
2947 178729
2948 178751
2949 178768
2950 178691
2951 179352
2952 179075
2953 179347
2954 179583
2955 179082
2956 178693
2957 179176
2958 179031
2959 179190
2960 179603
2961 178995
2962 179234
2963 179274
2964 179227
2965 179284
2966 179179
2967 178755
2968 178785
2969 179104
2970 178702
2971 178521
2972 178866
2973 179284
2974 178935
2975 178883
2976 178996
2977 179057
2978 178984
2979 179045
2980 179203
2981 179125
2982 179741
2983 179190
2984 179625
2985 179371
2986 179223
2987 179584
2988 179427
2989 179667
2990 179086
2991 179366
2992 179604
2993 179560
2994 179336
2995 179245
2996 178791
2997 179481
2998 179845
2999 179372
3000 179419
3001 179092
3002 179549
3003 179514
3004 179403
3005 179390
3006 179500
3007 178955
3008 179645
3009 179246
3010 179686
3011 179362
3012 179549
3013 179090
3014 179406
3015 179753
3016 179222
3017 179257
3018 179595
3019 179543
3020 179750
3021 179402
3022 179559
3023 179319
3024 179408
3025 179086
3026 179326
3027 179342
3028 179901
3029 179834
3030 179610
3031 179272
3032 179611
3033 179626
3034 179170
3035 179796
3036 180055
3037 178820
3038 179725
3039 179838
3040 179970
3041 179016
3042 179810
3043 180391
3044 180342
3045 180124
3046 179697
3047 180277
3048 180412
3049 180032
3050 180379
3051 180950
3052 180486
3053 179736
3054 179559
3055 180388
3056 180600
3057 180691
3058 179930
3059 181430
3060 181120
3061 181026
3062 180768
3063 180904
3064 180914
3065 181156
3066 181442
3067 180728
3068 180905
3069 180958
3070 181079
3071 181040
3072 181071
3073 181434
3074 181088
3075 181227
3076 181060
3077 180749
3078 181454
3079 181532
3080 181410
3081 181704
3082 181696
3083 181497
3084 181564
3085 181574
3086 181375
3087 181167
3088 181586
3089 181163
3090 181486
3091 181610
3092 181552
3093 181645
3094 180928
3095 181537
3096 181401
3097 181326
3098 181086
3099 181244
3100 181049
3101 180894
3102 180948
3103 180714
3104 180699
3105 181266
3106 180807
3107 180684
3108 181252
3109 181045
3110 180346
3111 180477
3112 180440
3113 180715
3114 180442
3115 180569
3116 180744
3117 180310
3118 179764
3119 180065
3120 180565
3121 179977
3122 179769
3123 180456
3124 179993
3125 180211
3126 180158
3127 180506
3128 180106
3129 179797
3130 180206
3131 179823
3132 179896
3133 180338
3134 180121
3135 179832
3136 179952
3137 179230
3138 179902
3139 180165
3140 179906
3141 180149
3142 180469
3143 179795
3144 179903
3145 180229
3146 180157
3147 179747
3148 180027
3149 180031
3150 180076
3151 179830
3152 179708
3153 179217
3154 179420
3155 180033
3156 180206
3157 179933
3158 179666
3159 179887
3160 180056
3161 180276
3162 179750
3163 179900
3164 179658
3165 179895
3166 179704
3167 180089
3168 179781
3169 179455
3170 180004
3171 180043
3172 179811
3173 179398
3174 179799
3175 179820
3176 180050
3177 179839
3178 180085
3179 179496
3180 180063
3181 179660
3182 180446
3183 179718
3184 179774
3185 180340
3186 180040
3187 180056
3188 179926
3189 180023
3190 180252
3191 180184
3192 180237
3193 180233
3194 180760
3195 180064
3196 180029
3197 179982
3198 179964
3199 180235
3200 180027
3201 180475
3202 179978
3203 180432
3204 180374
3205 180480
3206 180194
3207 180457
3208 180142
3209 180392
3210 180336
3211 180465
3212 179910
3213 180273
3214 180240
3215 180444
3216 180519
3217 180346
3218 180152
3219 180216
3220 180552
3221 181071
3222 180966
3223 180558
3224 180122
3225 180579
3226 180019
3227 180683
3228 180632
3229 180883
3230 180789
3231 180389
3232 180514
3233 181041
3234 180624
3235 180081
3236 180530
3237 181032
3238 180367
3239 180844
3240 180222
3241 180616
3242 180778
3243 180856
3244 180466
3245 180736
3246 180315
3247 181056
3248 180585
3249 180509
3250 180700
3251 180136
3252 180288
3253 180178
3254 180410
3255 179943
3256 180244
3257 180814
3258 180297
3259 180314
3260 180417
3261 180183
3262 179843
3263 180531
3264 180394
3265 180275
3266 180209
3267 180532
3268 180296
3269 180443
3270 180856
3271 180302
3272 180769
3273 180279
3274 180036
3275 180207
3276 180578
3277 180408
3278 180424
3279 180600
3280 180323
3281 180581
3282 180731
3283 180266
3284 180217
3285 180490
3286 180405
3287 180012
3288 180224
3289 180361
3290 180098
3291 180535
3292 180663
3293 180813
3294 180113
3295 180060
3296 180674
3297 180725
3298 180800
3299 180421
3300 180439
3301 180636
3302 180519
3303 180507
3304 180404
3305 180552
3306 179963
3307 180341
3308 180431
3309 180499
3310 180365
3311 180162
3312 180720
3313 180613
3314 180662
3315 180854
3316 180654
3317 180674
3318 180454
3319 180405
3320 180643
3321 180241
3322 180490
3323 180224
3324 180656
3325 180363
3326 180045
3327 180239
3328 180146
3329 180227
3330 180421
3331 180376
3332 180629
3333 180915
3334 180610
3335 180267
3336 180239
3337 180175
3338 179934
3339 180574
3340 180003
3341 180748
3342 180384
3343 180696
3344 180516
3345 180847
3346 180882
3347 180192
3348 180033
3349 180323
3350 179952
3351 179824
3352 179806
3353 180960
3354 180127
3355 180482
3356 180581
3357 180215
3358 180542
3359 179763
3360 180212
3361 179970
3362 180743
3363 180149
3364 179851
3365 180624
3366 179921
3367 180224
3368 179916
3369 179668
3370 180235
3371 180314
3372 180784
3373 179926
3374 179835
3375 179642
3376 180392
3377 179997
3378 179526
3379 180073
3380 180218
3381 180432
3382 180149
3383 179780
3384 179850
3385 180015
3386 179459
3387 180205
3388 179604
3389 179677
3390 180475
3391 179846
3392 180403
3393 179823
3394 180237
3395 180223
3396 180368
3397 179963
3398 180250
3399 179967
3400 180105
3401 179784
3402 179710
3403 179987
3404 179711
3405 180023
3406 179868
3407 179452
3408 179518
3409 179479
3410 179283
3411 179911
3412 179869
3413 179984
3414 179727
3415 179660
3416 179899
3417 180392
3418 179367
3419 179349
3420 179139
3421 179411
3422 179982
3423 179077
3424 179427
3425 179197
3426 179322
3427 179237
3428 178963
3429 179556
3430 179175
3431 179575
3432 178957
3433 179618
3434 179163
3435 178669
3436 178726
3437 179039
3438 179210
3439 178616
3440 179173
3441 179421
3442 178730
3443 178724
3444 178788
3445 178188
3446 178712
3447 178591
3448 178990
3449 178758
3450 179357
3451 179204
3452 178942
3453 178789
3454 178907
3455 179040
3456 178999
3457 179021
3458 179018
3459 178560
3460 178987
3461 178761
3462 178492
3463 178045
3464 178810
3465 178231
3466 178647
3467 178687
3468 178332
3469 177971
3470 178180
3471 178542
3472 178678
3473 178717
3474 178674
3475 178381
3476 177850
3477 178126
3478 178522
3479 178185
3480 178138
3481 178605
3482 178189
3483 178785
3484 177742
3485 177768
3486 178656
3487 177947
3488 178399
3489 178314
3490 178648
3491 178193
3492 178596
3493 178703
3494 178472
3495 178690
3496 178948
3497 178099
3498 178451
3499 178457
3500 178417
3501 178387
3502 177766
3503 178118
3504 178070
3505 177988
3506 178376
3507 177613
3508 177762
3509 178259
3510 177804
3511 178132
3512 177958
3513 178100
3514 177779
3515 177938
3516 177783
3517 178164
3518 177373
3519 178156
3520 177803
3521 178047
3522 177800
3523 178601
3524 177728
3525 178065
3526 178167
3527 178030
3528 177857
3529 177630
3530 177656
3531 177936
3532 177975
3533 177369
3534 177143
3535 178037
3536 178297
3537 178013
3538 177110
3539 177926
3540 178068
3541 177817
3542 177810
3543 178188
3544 178350
3545 178699
3546 177864
3547 177751
3548 178057
3549 178511
3550 178070
3551 177802
3552 178428
3553 178070
3554 178174
3555 178056
3556 178133
3557 178284
3558 178365
3559 178018
3560 178270
3561 178060
3562 178144
3563 178422
3564 177832
3565 178022
3566 178019
3567 177479
3568 178032
3569 178165
3570 177866
3571 177843
3572 177670
3573 177844
3574 178244
3575 177920
3576 178004
3577 177385
3578 177576
3579 177882
3580 178032
3581 178324
3582 177964
3583 178281
3584 177257
3585 178041
3586 177443
3587 177795
3588 177358
3589 177841
3590 178113
3591 178007
3592 177742
3593 177646
3594 177940
3595 177777
3596 177394
3597 177623
3598 177844
3599 177853
3600 177363
3601 177599
3602 177827
3603 177805
3604 178081
3605 177725
3606 178146
3607 178222
3608 178176
3609 177546
3610 177640
3611 177679
3612 177754
3613 177986
3614 178199
3615 178231
3616 177880
3617 178320
3618 178312
3619 177901
3620 178295
3621 177667
3622 178258
3623 178335
3624 178299
3625 178583
3626 178426
3627 178384
3628 178256
3629 178778
3630 178273
3631 178402
3632 178558
3633 178951
3634 178867
3635 178594
3636 178693
3637 178339
3638 178646
3639 178459
3640 178624
3641 179112
3642 178391
3643 178182
3644 178229
3645 178657
3646 178068
3647 177933
3648 177974
3649 178432
3650 177837
3651 178463
3652 177441
3653 178020
3654 177816
3655 177579
3656 177646
3657 177838
3658 177982
3659 177479
3660 177601
3661 177548
3662 177860
3663 177414
3664 177365
3665 177398
3666 177293
3667 177403
3668 177239
3669 177103
3670 177325
3671 176898
3672 177414
3673 176787
3674 177221
3675 176842
3676 176845
3677 176703
3678 176337
3679 176205
3680 176437
3681 176548
3682 176212
3683 176878
3684 176537
3685 175966
3686 176010
3687 176466
3688 176487
3689 176372
3690 176383
3691 175764
3692 176293
3693 176060
3694 176037
3695 176189
3696 176074
3697 176227
3698 176804
3699 176290
3700 175733
3701 175585
3702 176007
3703 176173
3704 176252
3705 175897
3706 175772
3707 176363
3708 176465
3709 175138
3710 175644
3711 175701
3712 175228
3713 175355
3714 176190
3715 175366
3716 175179
3717 175457
3718 175739
3719 175828
3720 175479
3721 175457
3722 175326
3723 175423
3724 175615
3725 175483
3726 175115
3727 174928
3728 175707
3729 175210
3730 175432
3731 175290
3732 175372
3733 175329
3734 175038
3735 175429
3736 174824
3737 174804
3738 174747
3739 175503
3740 175287
3741 174924
3742 175151
3743 174771
3744 175039
3745 175145
3746 175539
3747 174939
3748 174974
3749 174743
3750 175011
3751 174940
3752 174985
3753 174786
3754 174964
3755 174951
3756 174950
3757 175121
3758 174316
3759 174661
3760 174619
3761 174860
3762 174608
3763 175020
3764 174347
3765 174722
3766 174382
3767 174307
3768 174649
3769 174524
3770 174489
3771 174532
3772 174435
3773 174244
3774 174373
3775 173940
3776 174814
3777 174752
3778 174418
3779 174528
3780 174206
3781 174929
3782 174401
3783 174167
3784 174506
3785 174561
3786 174331
3787 173976
3788 174104
3789 174458
3790 174509
3791 174433
3792 174409
3793 174188
3794 174800
3795 173744
3796 174292
3797 174263
3798 175349
3799 174936
3800 174148
3801 174536
3802 174066
3803 174316
3804 174341
3805 174793
3806 174635
3807 174396
3808 174387
3809 173699
3810 174312
3811 174329
3812 173868
3813 174185
3814 174439
3815 174098
3816 174053
3817 174345
3818 173973
3819 173733
3820 174105
3821 174410
3822 174436
3823 173935
3824 174178
3825 173908
3826 174360
3827 173803
3828 173852
3829 174601
3830 173818
3831 173951
3832 173992
3833 173835
3834 174015
3835 173891
3836 173458
3837 174089
3838 174256
3839 173890
3840 173947
3841 173679
3842 173867
3843 173977
3844 173854
3845 173708
3846 173563
3847 173761
3848 173614
3849 174276
3850 173504
3851 173301
3852 173404
3853 174247
3854 173955
3855 173899
3856 174002
3857 173819
3858 173480
3859 173364
3860 173202
3861 173392
3862 173303
3863 173806
3864 173531
3865 173431
3866 173987
3867 173403
3868 173727
3869 173923
3870 173783
3871 174008
3872 173841
3873 173831
3874 173908
3875 174015
3876 173697
3877 173656
3878 173823
3879 173607
3880 173899
3881 173677
3882 174036
3883 174083
3884 173842
3885 173976
3886 174034
3887 173466
3888 173600
3889 173550
3890 173852
3891 173610
3892 174537
3893 173968
3894 174072
3895 174104
3896 174016
3897 173990
3898 174366
3899 174077
3900 174022
3901 173954
3902 173920
3903 174146
3904 174096
3905 174427
3906 174232
3907 173996
3908 173599
3909 174179
3910 174269
3911 174286
3912 174221
3913 173863
3914 174235
3915 174196
3916 174215
3917 174033
3918 173408
3919 174556
3920 173939
3921 174383
3922 174136
3923 174510
3924 174040
3925 174425
3926 174766
3927 173937
3928 174818
3929 174610
3930 173835
3931 174096
3932 174262
3933 174024
3934 174340
3935 174122
3936 174401
3937 173978
3938 174407
3939 174667
3940 174571
3941 174379
3942 174378
3943 174765
3944 174324
3945 174366
3946 174289
3947 174468
3948 175304
3949 174417
3950 174246
3951 174651
3952 174513
3953 174602
3954 174673
3955 174777
3956 174694
3957 174580
3958 174342
3959 174813
3960 174400
3961 175135
3962 174833
3963 174465
3964 174776
3965 175195
3966 175475
3967 174722
3968 175302
3969 175188
3970 175308
3971 175149
3972 174695
3973 174827
3974 174625
3975 175129
3976 175103
3977 175669
3978 175147
3979 174916
3980 175497
3981 175048
3982 174625
3983 174992
3984 175323
3985 175071
3986 175075
3987 175280
3988 175440
3989 176050
3990 175448
3991 175395
3992 175404
3993 175540
3994 175922
3995 175510
3996 175434
3997 175476
3998 175635
3999 176170
4000 176367
4001 176108
4002 176361
4003 176040
4004 175888
4005 176130
4006 176595
4007 176391
4008 176488
4009 176221
4010 176426
4011 175942
4012 176574
4013 176066
4014 176364
4015 176075
4016 176662
4017 176415
4018 176464
4019 176171
4020 176157
4021 176856
4022 176738
4023 176647
4024 176518
4025 176582
4026 176340
4027 176424
4028 176293
4029 176511
4030 176502
4031 176440
4032 176471
4033 176277
4034 176528
4035 176852
4036 176618
4037 176394
4038 176804
4039 176709
4040 176722
4041 176500
4042 177523
4043 177092
4044 176663
4045 177017
4046 177098
4047 177052
4048 177634
4049 177254
4050 177513
4051 177621
4052 177832
4053 177820
4054 177728
4055 178007
4056 177631
4057 177767
4058 178086
4059 177525
4060 178021
4061 177637
4062 178113
4063 178507
4064 178454
4065 178242
4066 178724
4067 178392
4068 179225
4069 178995
4070 178532
4071 178825
4072 179293
4073 178856
4074 179558
4075 179446
4076 179407
4077 179441
4078 179729
4079 179932
4080 178962
4081 179023
4082 179496
4083 179909
4084 179662
4085 179517
4086 179598
4087 179617
4088 180006
4089 179015
4090 179751
4091 179437
4092 179492
4093 179498
4094 179348
4095 179171
4096 179454
4097 179465
4098 180218
4099 179368
4100 179533
4101 179337
4102 179268
4103 179668
4104 179383
4105 178975
4106 178945
4107 179106
4108 179064
4109 179055
4110 179110
4111 179018
4112 178777
4113 178643
4114 178691
4115 178305
4116 179054
4117 178751
4118 179159
4119 178764
4120 179136
4121 178158
4122 179094
4123 178971
4124 178780
4125 179012
4126 179041
4127 178987
4128 178702
4129 178588
4130 178478
4131 179205
4132 178804
4133 178582
4134 178873
4135 178305
4136 179024
4137 178702
4138 178482
4139 178354
4140 178345
4141 178763
4142 178874
4143 178604
4144 178836
4145 178780
4146 178386
4147 178902
4148 178836
4149 178641
4150 178663
4151 178476
4152 178624
4153 178733
4154 179324
4155 178527
4156 179093
4157 178608
4158 178915
4159 178719
4160 178720
4161 178922
4162 178376
4163 178718
4164 178779
4165 178922
4166 178423
4167 178574
4168 178979
4169 178591
4170 178588
4171 179120
4172 178549
4173 179241
4174 178604
4175 178745
4176 178724
4177 178833
4178 179052
4179 178379
4180 179008
4181 178641
4182 178750
4183 179176
4184 178452
4185 178638
4186 178581
4187 179063
4188 178984
4189 178541
4190 178606
4191 179037
4192 178870
4193 178894
4194 178850
4195 178956
4196 179105
4197 178805
4198 178701
4199 178226
4200 178918
4201 179239
4202 179077
4203 178725
4204 179506
4205 178673
4206 179071
4207 178937
4208 178766
4209 179017
4210 178823
4211 178949
4212 178475
4213 179001
4214 178972
4215 178868
4216 179193
4217 178808
4218 178736
4219 178413
4220 178955
4221 178579
4222 179330
4223 178896
4224 178990
4225 179248
4226 178802
4227 178926
4228 179070
4229 178562
4230 178913
4231 179012
4232 179417
4233 178733
4234 179052
4235 178775
4236 178988
4237 178881
4238 179366
4239 179112
4240 178873
4241 179086
4242 179291
4243 179345
4244 179084
4245 179144
4246 178854
4247 179267
4248 179049
4249 178751
4250 179450
4251 179457
4252 179386
4253 179042
4254 179173
4255 179150
4256 179272
4257 179307
4258 179229
4259 179321
4260 179595
4261 178914
4262 179554
4263 179164
4264 179622
4265 179500
4266 179376
4267 179157
4268 180289
4269 179924
4270 179623
4271 179019
4272 179192
4273 179666
4274 179149
4275 179026
4276 179688
4277 179574
4278 179409
4279 178878
4280 179680
4281 179058
4282 179476
4283 179357
4284 179373
4285 179461
4286 179627
4287 179062
4288 179414
4289 179596
4290 180214
4291 179412
4292 179916
4293 179417
4294 180077
4295 179497
4296 179419
4297 179454
4298 180038
4299 179519
4300 179589
4301 179322
4302 179579
4303 179404
4304 179667
4305 179159
4306 179735
4307 179360
4308 179953
4309 180085
4310 179979
4311 179590
4312 179825
4313 179727
4314 179904
4315 180282
4316 179673
4317 179456
4318 179988
4319 179567
4320 180104
4321 179647
4322 179811
4323 179589
4324 179958
4325 180097
4326 180000
4327 180439
4328 179694
4329 179655
4330 179552
4331 180185
4332 180258
4333 179841
4334 180439
4335 180090
4336 180273
4337 180167
4338 180250
4339 179923
4340 180648
4341 180208
4342 180005
4343 180390
4344 180433
4345 179819
4346 180646
4347 180256
4348 179868
4349 180413
4350 179927
4351 180603
4352 179984
4353 180172
4354 180740
4355 180351
4356 180372
4357 180335
4358 180557
4359 180142
4360 180495
4361 180275
4362 180099
4363 180025
4364 180413
4365 179826
4366 180493
4367 180412
4368 180177
4369 179853
4370 180019
4371 180107
4372 180280
4373 180022
4374 180249
4375 180141
4376 180355
4377 179995
4378 180117
4379 180386
4380 179827
4381 179820
4382 180316
4383 179987
4384 180222
4385 179931
4386 179769
4387 180040
4388 179932
4389 179398
4390 179566
4391 179619
4392 180429
4393 179638
4394 179889
4395 180005
4396 179840
4397 179665
4398 180050
4399 179850
4400 179710
4401 179877
4402 180025
4403 179853
4404 179227
4405 180353
4406 179978
4407 179658
4408 180003
4409 179746
4410 179267
4411 180012
4412 180099
4413 180409
4414 179908
4415 180237
4416 179948
4417 180193
4418 179569
4419 179656
4420 179834
4421 179929
4422 179482
4423 179822
4424 180034
4425 179704
4426 179980
4427 179002
4428 179595
4429 180495
4430 179670
4431 180051
4432 179653
4433 180045
4434 179725
4435 179696
4436 179860
4437 179888
4438 179965
4439 179644
4440 179843
4441 179542
4442 180113
4443 180064
4444 179245
4445 179977
4446 179453
4447 179414
4448 179773
4449 179492
4450 179581
4451 179476
4452 178843
4453 179567
4454 179727
4455 179953
4456 179149
4457 179456
4458 179659
4459 180084
4460 179280
4461 179668
4462 178979
4463 179380
4464 179760
4465 179138
4466 179493
4467 179550
4468 179444
4469 178627
4470 179191
4471 179427
4472 179711
4473 179724
4474 179590
4475 179079
4476 179183
4477 179194
4478 179460
4479 179024
4480 179477
4481 179032
4482 179192
4483 179492
4484 179265
4485 179042
4486 179255
4487 179634
4488 178957
4489 179219
4490 179097
4491 179131
4492 178960
4493 179315
4494 179091
4495 179143
4496 178936
4497 179280
4498 179025
4499 179411
4500 179413
4501 179242
4502 179421
4503 179035
4504 179160
4505 179453
4506 179016
4507 179334
4508 178833
4509 178801
4510 179219
4511 178779
4512 178144
4513 179218
4514 178917
4515 179136
4516 179053
4517 179131
4518 179028
4519 178828
4520 178558
4521 178921
4522 178563
4523 179263
4524 178818
4525 179114
4526 178869
4527 179533
4528 178907
4529 179111
4530 179251
4531 178936
4532 178978
4533 178552
4534 179088
4535 178771
4536 178391
4537 178690
4538 178826
4539 178726
4540 179251
4541 178884
4542 179380
4543 178626
4544 178144
4545 179044
4546 178429
4547 178954
4548 178742
4549 178093
4550 178543
4551 178761
4552 178855
4553 178385
4554 178623
4555 178871
4556 178425
4557 178160
4558 179119
4559 178982
4560 178835
4561 179162
4562 178524
4563 178561
4564 179068
4565 178200
4566 178538
4567 178325
4568 178531
4569 178329
4570 178232
4571 178715
4572 178905
4573 178647
4574 178159
4575 179066
4576 178289
4577 178245
4578 178499
4579 178609
4580 178796
4581 178456
4582 178307
4583 178264
4584 179030
4585 178674
4586 178404
4587 178230
4588 178999
4589 178962
4590 178967
4591 178312
4592 178908
4593 178874
4594 178409
4595 178740
4596 178995
4597 178375
4598 178241
4599 178326
4600 178693
4601 178851
4602 178322
4603 178626
4604 178985
4605 178631
4606 178878
4607 179004
4608 178501
4609 178893
4610 178612
4611 178475
4612 179050
4613 178957
4614 179288
4615 179223
4616 179633
4617 179383
4618 179324
4619 178982
4620 179273
4621 179272
4622 179448
4623 179490
4624 179432
4625 178982
4626 179367
4627 179843
4628 179021
4629 179644
4630 179473
4631 180496
4632 180102
4633 179455
4634 179865
4635 179990
4636 180282
4637 179459
4638 179997
4639 179718
4640 179462
4641 180046
4642 179677
4643 179250
4644 179363
4645 179302
4646 178969
4647 179498
4648 179759
4649 179812
4650 179127
4651 179182
4652 178613
4653 179366
4654 179022
4655 179338
4656 178862
4657 179237
4658 178777
4659 178542
4660 178236
4661 178038
4662 178794
4663 178247
4664 178299
4665 178322
4666 178608
4667 178189
4668 177861
4669 178208
4670 178351
4671 177615
4672 178034
4673 177514
4674 178066
4675 177897
4676 177630
4677 177718
4678 178043
4679 177621
4680 177355
4681 177431
4682 177310
4683 177309
4684 177726
4685 177259
4686 178118
4687 177374
4688 177436
4689 177262
4690 177734
4691 177109
4692 176847
4693 177305
4694 177364
4695 177576
4696 176948
4697 177173
4698 177000
4699 176789
4700 176983
4701 176888
4702 176997
4703 176917
4704 176670
4705 176878
4706 177031
4707 176621
4708 176998
4709 177020
4710 176778
4711 177010
4712 176931
4713 176774
4714 177186
4715 177118
4716 176486
4717 177305
4718 176913
4719 176536
4720 176419
4721 176863
4722 176468
4723 176749
4724 177065
4725 176721
4726 176681
4727 177106
4728 176366
4729 176459
4730 176428
4731 176222
4732 176752
4733 176371
4734 176549
4735 176418
4736 176428
4737 176382
4738 177143
4739 176979
4740 175824
4741 176327
4742 176583
4743 176941
4744 176213
4745 176328
4746 176252
4747 176414
4748 176279
4749 175873
4750 176611
4751 175869
4752 176417
4753 176630
4754 176266
4755 175911
4756 176505
4757 176250
4758 175693
4759 176114
4760 176525
4761 175968
4762 175687
4763 176330
4764 176662
4765 176465
4766 175731
4767 175722
4768 175534
4769 176180
4770 175920
4771 176580
4772 175849
4773 176267
4774 176295
4775 175829
4776 175674
4777 175473
4778 176349
4779 176186
4780 176428
4781 176243
4782 175990
4783 176230
4784 175891
4785 175804
4786 175697
4787 176352
4788 175549
4789 176102
4790 175901
4791 175784
4792 176062
4793 175785
4794 175614
4795 175975
4796 176038
4797 176079
4798 176112
4799 175533
4800 175662
4801 176308
4802 175791
4803 175841
4804 175579
4805 175789
4806 175800
4807 175314
4808 175743
4809 176025
4810 175816
4811 175880
4812 175648
4813 175358
4814 175508
4815 175702
4816 176262
4817 175502
4818 174910
4819 175416
4820 175869
4821 175948
4822 175467
4823 175394
4824 175225
4825 175472
4826 175709
4827 175350
4828 174931
4829 175367
4830 175526
4831 175620
4832 175160
4833 175179
4834 175014
4835 175667
4836 175426
4837 175076
4838 174884
4839 175796
4840 175778
4841 175824
4842 175361
4843 175375
4844 175638
4845 175447
4846 175675
4847 174934
4848 175201
4849 175449
4850 175020
4851 175166
4852 174790
4853 175235
4854 174816
4855 174768
4856 175420
4857 174679
4858 174767
4859 175596
4860 175043
4861 175351
4862 175081
4863 174876
4864 174883
4865 175242
4866 175182
4867 174736
4868 174311
4869 175425
4870 174298
4871 174917
4872 175274
4873 174845
4874 175108
4875 174797
4876 174862
4877 174987
4878 175574
4879 174997
4880 174879
4881 175706
4882 175171
4883 175421
4884 175290
4885 174948
4886 175487
4887 175212
4888 175217
4889 175020
4890 175039
4891 175511
4892 175597
4893 175358
4894 175032
4895 175559
4896 174790
4897 175081
4898 175493
4899 175556
4900 175737
4901 174921
4902 175597
4903 174886
4904 175567
4905 175130
4906 175922
4907 174963
4908 175474
4909 175680
4910 175592
4911 175448
4912 175416
4913 175318
4914 175101
4915 175382
4916 175346
4917 176129
4918 175825
4919 175759
4920 175416
4921 175328
4922 175488
4923 175482
4924 175638
4925 175863
4926 175716
4927 175983
4928 175757
4929 176020
4930 175638
4931 175842
4932 175850
4933 175827
4934 176249
4935 175621
4936 176174
4937 176332
4938 175640
4939 175621
4940 175818
4941 175134
4942 175606
4943 175769
4944 176189
4945 176398
4946 175998
4947 175724
4948 175608
4949 176601
4950 176132
4951 175523
4952 175599
4953 176007
4954 176153
4955 175772
4956 176434
4957 176322
4958 175982
4959 175956
4960 175528
4961 175880
4962 176181
4963 176120
4964 175791
4965 176238
4966 176318
4967 176838
4968 175393
4969 175859
4970 176470
4971 176307
4972 176216
4973 176302
4974 176456
4975 176348
4976 175790
4977 176385
4978 176202
4979 176158
4980 176175
4981 176289
4982 176458
4983 176091
4984 176636
4985 176661
4986 176187
4987 176382
4988 176595
4989 176249
4990 176533
4991 176737
4992 176268
4993 176488
4994 176193
4995 177021
4996 176228
4997 176589
4998 176813
4999 176369
5000 176457
5001 176439
5002 176369
5003 176331
5004 176891
5005 176346
5006 176825
5007 176143
5008 175996
5009 176807
5010 176175
5011 176365
5012 176580
5013 176489
5014 176889
5015 176900
5016 177196
5017 176598
5018 176432
5019 176641
5020 176530
5021 177118
5022 177326
5023 176312
5024 177133
5025 177113
5026 176748
5027 176461
5028 177143
5029 177371
5030 176734
5031 177326
5032 176682
5033 177340
5034 177271
5035 177438
5036 177373
5037 177220
5038 177440
5039 177528
5040 177081
5041 177465
5042 177366
5043 177036
5044 177187
5045 177266
5046 177157
5047 176871
5048 177751
5049 177733
5050 177863
5051 177770
5052 177702
5053 177872
5054 177636
5055 178209
5056 177979
5057 178409
5058 177887
5059 177938
5060 178275
5061 178258
5062 178115
5063 178297
5064 178378
5065 178387
5066 178016
5067 178481
5068 178761
5069 178258
5070 178435
5071 178720
5072 178525
5073 178458
5074 179062
5075 178769
5076 179198
5077 179191
5078 179242
5079 179549
5080 178989
5081 178993
5082 179212
5083 179150
5084 178976
5085 179497
5086 179121
5087 179182
5088 178564
5089 179499
5090 179101
5091 178918
5092 179215
5093 179037
5094 178780
5095 179237
5096 179270
5097 178419
5098 178675
5099 178979
5100 178755
5101 178248
5102 177984
5103 178148
5104 177972
5105 178491
5106 178368
5107 178038
5108 178500
5109 178126
5110 178203
5111 178063
5112 177854
5113 178082
5114 177420
5115 177926
5116 177541
5117 177510
5118 177777
5119 177537
5120 177428
5121 176939
5122 177878
5123 177743
5124 177782
5125 177906
5126 178063
5127 177919
5128 177318
5129 178040
5130 176865
5131 176919
5132 177425
5133 177406
5134 177104
5135 177285
5136 176804
5137 177382
5138 177271
5139 177395
5140 177122
5141 176917
5142 177324
5143 177253
5144 177235
5145 177126
5146 177071
5147 177366
5148 177462
5149 177581
5150 177553
5151 176552
5152 177302
5153 176792
5154 177218
5155 177199
5156 176644
5157 176911
5158 177205
5159 176892
5160 177496
5161 176796
5162 177523
5163 177066
5164 176808
5165 176824
5166 177376
5167 177249
5168 176846
5169 176860
5170 176870
5171 176988
5172 176860
5173 176757
5174 177174
5175 177501
5176 177560
5177 177392
5178 176726
5179 177357
5180 177042
5181 177239
5182 177008
5183 177071
5184 177530
5185 176935
5186 177022
5187 177489
5188 177362
5189 177616
5190 177362
5191 176944
5192 177326
5193 177294
5194 177001
5195 177473
5196 177307
5197 176994
5198 177066
5199 177558
5200 177466
5201 176733
5202 176643
5203 177510
5204 177064
5205 177220
5206 177388
5207 177571
5208 177424
5209 177176
5210 176956
5211 177408
5212 177236
5213 176896
5214 177108
5215 177196
5216 177251
5217 177230
5218 177880
5219 176890
5220 177244
5221 177216
5222 176983
5223 177363
5224 177334
5225 177332
5226 176819
5227 177080
5228 176743
5229 177560
5230 177401
5231 176924
5232 177421
5233 177262
5234 177101
5235 177276
5236 177713
5237 177100
5238 177415
5239 177302
5240 177090
5241 177448
5242 177067
5243 177389
5244 177499
5245 177463
5246 177727
5247 177725
5248 177138
5249 177255
5250 176969
5251 177288
5252 177212
5253 177937
5254 177603
5255 178122
5256 177693
5257 177209
5258 178031
5259 177449
5260 177163
5261 177586
5262 177063
5263 177875
5264 177086
5265 177224
5266 177710
5267 177619
5268 177000
5269 177453
5270 177675
5271 177814
5272 177678
5273 177619
5274 177226
5275 178037
5276 177772
5277 177505
5278 177531
5279 177896
5280 177677
5281 177649
5282 177882
5283 177267
5284 177339
5285 177853
5286 177649
5287 177598
5288 177730
5289 177184
5290 177816
5291 177320
5292 177742
5293 177656
5294 177519
5295 177465
5296 177770
5297 177153
5298 177354
5299 177594
5300 177778
5301 177952
5302 177622
5303 177717
5304 177512
5305 177199
5306 177758
5307 177702
5308 177635
5309 177395
5310 177803
5311 177454
5312 178254
5313 177913
5314 177698
5315 177945
5316 177698
5317 178011
5318 177396
5319 177593
5320 177974
5321 177510
5322 177958
5323 177076
5324 177675
5325 177884
5326 177470
5327 177522
5328 177570
5329 177924
5330 177921
5331 177432
5332 177828
5333 178077
5334 178133
5335 178026
5336 177994
5337 177614
5338 177500
5339 178230
5340 178023
5341 177604
5342 178065
5343 178217
5344 178118
5345 177891
5346 178152
5347 177900
5348 177792
5349 178519
5350 178110
5351 178280
5352 177773
5353 177829
5354 177938
5355 178258
5356 177805
5357 178321
5358 177968
5359 177707
5360 178456
5361 178206
5362 178076
5363 178189
5364 178268
5365 178200
5366 177775
5367 177708
5368 177869
5369 178086
5370 178498
5371 178239
5372 178017
5373 178178
5374 178744
5375 177919
5376 178229
5377 177914
5378 178280
5379 178070
5380 178150
5381 178699
5382 178345
5383 178169
5384 177878
5385 178083
5386 177784
5387 178219
5388 178174
5389 177513
5390 177618
5391 177868
5392 177976
5393 178093
5394 178299
5395 177896
5396 178298
5397 177702
5398 177858
5399 178095
5400 178022
5401 177960
5402 178082
5403 178064
5404 177790
5405 178067
5406 177729
5407 177948
5408 178315
5409 177934
5410 178692
5411 177795
5412 177876
5413 178019
5414 178148
5415 177886
5416 177927
5417 177716
5418 178036
5419 178325
5420 177820
5421 177973
5422 178276
5423 177546
5424 178159
5425 177592
5426 178021
5427 177699
5428 178145
5429 177593
5430 177965
5431 177838
5432 178109
5433 177651
5434 177930
5435 177380
5436 177458
5437 177811
5438 177783
5439 177099
5440 177386
5441 177791
5442 177527
5443 177677
5444 178274
5445 177499
5446 177754
5447 177646
5448 177840
5449 177852
5450 177759
5451 177842
5452 177525
5453 177681
5454 177867
5455 177497
5456 177749
5457 177921
5458 177513
5459 177360
5460 177500
5461 177668
5462 177072
5463 177711
5464 177285
5465 177409
5466 177671
5467 177363
5468 177261
5469 177392
5470 177461
5471 177013
5472 177621
5473 177167
5474 176907
5475 177363
5476 177230
5477 177458
5478 177572
5479 176656
5480 177100
5481 177188
5482 176564
5483 177456
5484 176810
5485 177568
5486 176665
5487 177417
5488 177213
5489 177259
5490 177349
5491 176973
5492 176900
5493 177294
5494 177107
5495 176809
5496 177149
5497 176579
5498 177080
5499 176725
5500 176594
5501 177002
5502 176543
5503 176903
5504 175924
5505 177147
5506 176879
5507 176915
5508 176852
5509 176701
5510 176472
5511 177185
5512 176114
5513 176579
5514 176468
5515 176786
5516 176997
5517 176622
5518 176455
5519 176539
5520 176117
5521 176078
5522 175948
5523 176419
5524 176680
5525 176422
5526 176395
5527 176196
5528 176104
5529 176318
5530 176005
5531 175460
5532 176281
5533 175755
5534 175923
5535 175768
5536 175919
5537 176217
5538 176231
5539 176051
5540 175424
5541 175252
5542 176046
5543 176091
5544 176394
5545 175789
5546 175649
5547 176006
5548 175979
5549 176061
5550 176408
5551 176299
5552 175921
5553 175852
5554 176156
5555 175755
5556 175538
5557 175780
5558 175519
5559 175776
5560 175708
5561 175739
5562 175557
5563 176090
5564 175923
5565 176023
5566 175697
5567 175291
5568 176042
5569 175143
5570 175532
5571 175495
5572 174879
5573 175499
5574 175747
5575 175657
5576 175269
5577 175502
5578 175721
5579 175233
5580 175939
5581 175532
5582 175843
5583 175950
5584 175779
5585 175349
5586 175579
5587 175568
5588 175776
5589 175574
5590 175264
5591 175269
5592 175722
5593 175885
5594 175611
5595 175836
5596 175642
5597 175820
5598 175787
5599 175423
5600 175170
5601 176030
5602 175534
5603 176158
5604 175982
5605 175904
5606 175898
5607 175996
5608 175767
5609 175683
5610 175972
5611 176393
5612 175995
5613 176419
5614 176188
5615 176064
5616 175982
5617 176043
5618 176070
5619 175646
5620 176731
5621 176658
5622 176839
5623 176402
5624 177009
5625 176350
5626 176928
5627 176762
5628 177066
5629 176092
5630 176282
5631 177639
5632 176906
5633 176903
5634 177032
5635 176662
5636 176939
5637 177604
5638 176793
5639 177320
5640 176343
5641 176708
5642 177257
5643 176325
5644 177399
5645 176631
5646 176329
5647 176847
5648 176761
5649 176588
5650 176630
5651 175873
5652 176965
5653 175421
5654 175584
5655 176014
5656 176216
5657 176057
5658 175569
5659 175479
5660 175620
5661 175867
5662 175698
5663 175707
5664 174640
5665 175044
5666 175255
5667 175105
5668 175557
5669 175108
5670 174996
5671 175373
5672 174602
5673 174826
5674 174999
5675 174738
5676 174633
5677 174988
5678 174710
5679 174738
5680 174275
5681 174470
5682 173899
5683 174338
5684 174144
5685 174299
5686 174605
5687 173878
5688 174161
5689 173800
5690 174398
5691 173866
5692 173763
5693 173980
5694 174508
5695 174064
5696 173722
5697 173975
5698 173564
5699 173802
5700 173917
5701 173717
5702 173892
5703 173864
5704 173421
5705 173827
5706 173711
5707 173613
5708 173541
5709 173625
5710 173653
5711 173827
5712 173697
5713 173370
5714 173692
5715 173567
5716 173592
5717 173713
5718 173443
5719 173166
5720 173408
5721 173592
5722 173563
5723 173581
5724 172944
5725 173233
5726 173508
5727 173355
5728 173457
5729 173211
5730 173318
5731 173232
5732 172558
5733 173202
5734 173442
5735 173355
5736 172960
5737 172526
5738 173417
5739 173534
5740 172660
5741 172956
5742 173381
5743 173120
5744 173033
5745 173213
5746 172904
5747 172885
5748 172871
5749 172981
5750 173150
5751 172889
5752 172635
5753 173024
5754 172438
5755 172845
5756 172577
5757 173100
5758 172551
5759 172885
5760 172684
5761 172748
5762 172741
5763 172878
5764 172687
5765 172050
5766 172583
5767 172943
5768 172691
5769 172886
5770 172420
5771 172311
5772 172465
5773 172421
5774 172697
5775 172327
5776 172482
5777 172709
5778 172481
5779 172438
5780 172006
5781 172424
5782 172372
5783 172754
5784 172612
5785 172392
5786 172279
5787 172210
5788 172372
5789 171764
5790 171851
5791 172021
5792 172746
5793 172339
5794 172472
5795 172352
5796 172501
5797 172056
5798 172928
5799 172600
5800 172222
5801 172409
5802 172558
5803 172179
5804 172134
5805 172203
5806 172493
5807 171828
5808 172173
5809 172242
5810 171838
5811 172675
5812 171973
5813 172208
5814 172245
5815 172363
5816 171679
5817 172179
5818 172011
5819 171997
5820 172036
5821 171849
5822 172194
5823 171839
5824 171289
5825 172682
5826 171948
5827 171869
5828 172059
5829 171948
5830 171827
5831 171404
5832 172016
5833 171690
5834 171989
5835 171639
5836 171632
5837 172375
5838 171972
5839 171609
5840 171740
5841 171696
5842 171883
5843 171598
5844 171859
5845 171663
5846 170995
5847 171040
5848 171338
5849 171627
5850 171727
5851 172080
5852 171303
5853 171407
5854 171339
5855 171972
5856 171372
5857 171186
5858 171672
5859 171739
5860 172023
5861 171590
5862 172223
5863 171581
5864 171355
5865 171519
5866 171711
5867 171800
5868 171986
5869 171466
5870 171791
5871 171916
5872 172349
5873 171939
5874 171694
5875 172062
5876 171122
5877 172316
5878 172321
5879 171370
5880 171514
5881 171520
5882 171720
5883 171812
5884 172125
5885 172059
5886 171776
5887 171515
5888 171913
5889 172320
5890 171614
5891 171536
5892 171424
5893 171523
5894 171714
5895 171839
5896 171912
5897 171714
5898 172072
5899 171638
5900 171766
5901 172268
5902 171379
5903 171924
5904 171877
5905 171816
5906 171652
5907 171750
5908 171876
5909 171876
5910 172080
5911 171706
5912 172126
5913 172339
5914 172010
5915 171643
5916 172319
5917 172167
5918 171808
5919 172378
5920 171941
5921 171735
5922 171378
5923 172237
5924 172032
5925 171829
5926 171741
5927 171565
5928 171661
5929 172135
5930 171958
5931 172050
5932 171644
5933 171723
5934 171640
5935 171430
5936 171589
5937 172100
5938 171647
5939 171302
5940 171951
5941 171769
5942 171821
5943 172392
5944 171783
5945 171541
5946 172259
5947 171711
5948 171890
5949 172011
5950 171854
5951 172281
5952 172111
5953 171973
5954 172260
5955 172239
5956 171769
5957 172344
5958 172020
5959 171448
5960 172321
5961 171981
5962 171852
5963 172502
5964 172020
5965 172247
5966 172166
5967 172063
5968 172095
5969 172284
5970 172272
5971 172457
5972 172427
5973 172294
5974 172220
5975 172090
5976 172592
5977 171998
5978 172367
5979 172595
5980 171937
5981 172345
5982 172306
5983 171947
5984 172443
5985 172314
5986 172295
5987 172215
5988 172539
5989 171861
5990 172771
5991 172360
5992 172442
5993 172782
5994 172046
5995 172472
5996 171995
5997 173180
5998 172412
5999 172322
6000 172321
6001 173160
6002 172772
6003 172493
6004 172106
6005 172589
6006 172721
6007 172819
6008 171971
6009 172533
6010 173062
6011 172463
6012 172710
6013 172913
6014 172673
6015 173107
6016 172322
6017 173007
6018 172936
6019 172837
6020 172982
6021 173291
6022 172899
6023 172879
6024 172864
6025 173163
6026 172755
6027 173327
6028 173279
6029 173821
6030 173248
6031 173173
6032 172456
6033 172496
6034 172938
6035 173428
6036 173143
6037 172712
6038 173283
6039 173313
6040 172911
6041 173024
6042 173716
6043 173453
6044 173102
6045 173586
6046 173719
6047 173578
6048 173529
6049 173607
6050 173903
6051 173781
6052 173704
6053 173622
6054 173158
6055 173954
6056 173838
6057 173924
6058 174115
6059 173604
6060 174259
6061 174340
6062 174650
6063 174122
6064 174510
6065 174822
6066 174548
6067 175211
6068 174781
6069 175195
6070 174591
6071 175073
6072 175417
6073 175529
6074 175048
6075 175465
6076 175136
6077 175776
6078 175395
6079 175478
6080 175074
6081 175273
6082 175346
6083 175461
6084 175543
6085 176098
6086 175327
6087 175445
6088 175769
6089 175493
6090 175259
6091 175540
6092 175865
6093 175174
6094 175410
6095 175147
6096 175260
6097 175136
6098 174546
6099 174775
6100 174858
6101 174624
6102 175026
6103 174429
6104 174444
6105 174106
6106 174870
6107 174446
6108 173846
6109 174518
6110 174314
6111 173732
6112 174530
6113 173959
6114 174171
6115 173675
6116 173464
6117 173574
6118 173637
6119 173657
6120 173481
6121 173471
6122 173298
6123 173397
6124 173556
6125 173301
6126 173268
6127 173349
6128 173108
6129 173515
6130 173468
6131 173404
6132 173304
6133 173187
6134 173459
6135 172658
6136 173403
6137 173679
6138 172815
6139 173342
6140 173454
6141 173101
6142 173596
6143 173297
6144 173379
6145 172851
6146 173337
6147 172872
6148 172975
6149 172740
