H11890
GateTime 10
GateNumber 0
SN 30430302
0 57600
1 57604
2 57632
3 57949
4 58051
5 58619
6 58927
7 58573
8 58866
9 58996
10 58931
11 58781
12 58981
13 58932
14 59195
15 59010
16 59187
17 59064
18 58903
19 59035
20 58821
21 58567
22 58565
23 58416
24 57985
25 58080
26 57736
27 57291
28 57539
29 57628
30 57437
31 56908
32 56763
33 56835
34 56722
35 56316
36 56146
37 56055
38 55943
39 56008
40 55904
41 55467
42 55412
43 55515
44 55516
45 55039
46 55423
47 55066
48 55360
49 55267
50 55086
51 54799
52 55074
53 55212
54 54896
55 55181
56 55169
57 54596
58 54879
59 54863
60 54887
61 54664
62 54359
63 54610
64 54285
65 54181
66 54583
67 54375
68 54574
69 54420
70 54738
71 54608
72 54181
73 54688
74 54110
75 54507
76 54541
77 54263
78 54050
79 53901
80 54645
81 54093
82 54377
83 54467
84 54269
85 54147
86 54367
87 54519
88 54300
89 54125
90 54224
91 54115
92 54223
93 54455
94 54226
95 54351
96 53514
97 54025
98 54610
99 54127
100 54361
101 54028
102 54698
103 54325
104 54390
105 54184
106 53888
107 54379
108 54081
109 53964
110 54342
111 54133
112 54339
113 54369
114 54489
115 54057
116 54569
117 54541
118 54218
119 54583
120 54305
121 54491
122 54089
123 54390
124 54278
125 54093
126 53839
127 54306
128 54289
129 54051
130 54074
131 54303
132 54308
133 53772
134 54146
135 54215
136 54605
137 54103
138 53987
139 53974
140 54329
141 54319
142 54261
143 53663
144 54375
145 53866
146 54362
147 54435
148 54220
149 54161
150 54160
151 53947
152 53955
153 53904
154 54106
155 54103
156 54144
157 54018
158 54271
159 54250
160 53952
161 54558
162 54134
163 54234
164 54215
165 54194
166 54165
167 54156
168 53997
169 54188
170 54010
171 53877
172 54349
173 54243
174 53970
175 54454
176 54286
177 53729
178 54325
179 54593
180 54833
181 53947
182 54211
183 54146
184 54536
185 54325
186 54205
187 54433
188 54470
189 54432
190 53984
191 54379
192 54261
193 54366
194 53994
195 54303
196 54414
197 54406
198 53966
199 54442
200 54720
201 53959
202 54396
203 54664
204 54822
205 54653
206 54344
207 54402
208 54352
209 54443
210 54250
211 54581
212 54349
213 54293
214 54454
215 54487
216 54451
217 54781
218 54465
219 54461
220 54658
221 54837
222 54371
223 54701
224 54797
225 54390
226 54800
227 54525
228 54440
229 54754
230 54763
231 54416
232 54327
233 54330
234 55201
235 54738
236 54105
237 54083
238 54134
239 54932
240 54401
241 54684
242 54982
243 54613
244 54953
245 54958
246 54492
247 54544
248 54466
249 54459
250 54330
251 54706
252 54492
253 54433
254 54496
255 54062
256 54503
257 54666
258 54689
259 54342
260 54501
261 54609
262 54775
263 54785
264 54292
265 54259
266 54556
267 54817
268 54695
269 54414
270 54650
271 54586
272 54211
273 54891
274 54319
275 54922
276 54425
277 54062
278 54203
279 54299
280 54298
281 54106
282 54248
283 54591
284 54642
285 54484
286 54162
287 54519
288 54072
289 54694
290 54693
291 54274
292 54469
293 54427
294 54616
295 54382
296 54516
297 54270
298 54715
299 54735
300 54204
301 54549
302 54529
303 54358
304 54912
305 54476
306 54519
307 54336
308 54365
309 54570
310 54574
311 54551
312 54537
313 54735
314 54433
315 54812
316 54479
317 54172
318 54770
319 54760
320 54487
321 54594
322 54209
323 54760
324 54463
325 54580
326 54135
327 54762
328 54253
329 54447
330 54390
331 54820
332 54333
333 54860
334 54530
335 54488
336 54776
337 54577
338 54023
339 54478
340 54739
341 54543
342 54730
343 54565
344 54628
345 54310
346 54741
347 54835
348 54010
349 54650
350 54451
351 54336
352 54439
353 54322
354 54566
355 54658
356 54517
357 54683
358 54333
359 54123
360 54652
361 54205
362 54527
363 54214
364 54767
365 54612
366 54737
367 54414
368 54132
369 54472
370 54180
371 54333
372 54736
373 54568
374 54592
375 54638
376 54642
377 54391
378 54291
379 54520
380 54566
381 54614
382 54785
383 54545
384 54522
385 54195
386 54729
387 54659
388 54548
389 54835
390 54700
391 54266
392 54170
393 54559
394 54502
395 54598
396 54546
397 54629
398 54800
399 54425
400 54354
401 54329
402 54758
403 54324
404 54464
405 54524
406 54557
407 54717
408 54533
409 54584
410 54706
411 54504
412 54797
413 53876
414 54996
415 54489
416 53907
417 54261
418 54214
419 54950
420 54394
421 54380
422 54754
423 54711
424 54782
425 54571
426 54496
427 54671
428 54656
429 54591
430 54656
431 54442
432 54664
433 54691
434 54705
435 54548
436 54678
437 54640
438 54413
439 54419
440 54833
441 54496
442 54501
443 54377
444 54838
445 54593
446 54391
447 54490
448 54632
449 54579
450 54485
451 54753
452 54663
453 54286
454 54716
455 54738
456 54464
457 54659
458 54857
459 54475
460 54697
461 54424
462 54659
463 54349
464 54366
465 54593
466 54598
467 54308
468 54622
469 54363
470 54228
471 54812
472 54600
473 54518
474 54825
475 54134
476 54767
477 54846
478 54787
479 54688
480 54558
481 54873
482 54681
483 54423
484 54671
485 54661
486 54613
487 54786
488 54935
489 54318
490 54858
491 54479
492 54617
493 54437
494 54283
495 54839
496 54373
497 54592
498 54524
499 54574
500 54552
501 54599
502 54334
503 54436
504 54677
505 54957
506 54376
507 54651
508 54810
509 54359
510 54236
511 54517
512 54910
513 54753
514 54540
515 54468
516 54859
517 54812
518 54792
519 55045
520 54730
521 54856
522 55010
523 54734
524 54784
525 54496
526 54925
527 54782
528 54391
529 54816
530 54521
531 54717
532 54589
533 54918
534 54873
535 54911
536 55018
537 55066
538 54935
539 54807
540 55213
541 54977
542 54774
543 54681
544 55272
545 55146
546 55082
547 54945
548 54914
549 55174
550 55017
551 55244
552 55228
553 55289
554 55222
555 55093
556 55269
557 55105
558 55832
559 55459
560 55472
561 55910
562 55500
563 55790
564 56216
565 55876
566 55974
567 56149
568 56074
569 56340
570 56443
571 56300
572 56334
573 56873
574 57101
575 57378
576 56856
577 57471
578 57236
579 57870
580 57753
581 57930
582 58161
583 58909
584 59109
585 59147
586 59195
587 59739
588 59602
589 60070
590 60213
591 60355
592 60738
593 60950
594 60656
595 60760
596 60994
597 61122
598 60827
599 61166
600 61202
601 60923
602 60995
603 61141
604 60458
605 60172
606 60153
607 60276
608 60051
609 59519
610 59464
611 59662
612 59098
613 58851
614 58931
615 58652
616 58244
617 58204
618 58383
619 57763
620 58358
621 57892
622 57530
623 57323
624 57800
625 57513
626 57099
627 56848
628 56879
629 57239
630 56964
631 56655
632 56466
633 56644
634 56536
635 56318
636 56108
637 56222
638 56075
639 56215
640 55766
641 55857
642 55740
643 56477
644 55617
645 55610
646 55468
647 55837
648 55466
649 55736
650 55401
651 55373
652 55196
653 55238
654 55279
655 55531
656 55330
657 55608
658 55449
659 55362
660 54875
661 55128
662 55093
663 55615
664 55118
665 55137
666 55292
667 55351
668 55078
669 54975
670 55187
671 55341
672 54954
673 55182
674 54456
675 54809
676 55214
677 55007
678 54657
679 55408
680 54911
681 54736
682 54831
683 55225
684 54998
685 54957
686 55269
687 54672
688 54742
689 54738
690 54698
691 54968
692 54688
693 54697
694 54775
695 54627
696 54589
697 54909
698 55098
699 54248
700 54685
701 54807
702 54915
703 54724
704 55102
705 54750
706 54256
707 54802
708 54819
709 54878
710 54760
711 54987
712 54797
713 54882
714 54894
715 54244
716 54734
717 54657
718 54914
719 54362
720 54821
721 54489
722 54603
723 55134
724 54677
725 54591
726 54553
727 54911
728 54696
729 54539
730 54556
731 54862
732 54846
733 54703
734 54832
735 54624
736 54907
737 54511
738 54445
739 54261
740 54612
741 55027
742 54370
743 54502
744 54525
745 54931
746 54906
747 54690
748 54649
749 54647
750 54509
751 54709
752 54393
753 54790
754 54787
755 54706
756 54918
757 54516
758 54624
759 54702
760 54948
761 54862
762 54691
763 54518
764 54727
765 54303
766 54475
767 54546
768 54651
769 54624
770 54424
771 54487
772 54559
773 54279
774 54522
775 54739
776 54500
777 54645
778 55021
779 54426
780 54622
781 54509
782 54681
783 54474
784 54246
785 55062
786 54482
787 54515
788 54586
789 54558
790 54693
791 54353
792 55048
793 54326
794 54753
795 54863
796 54616
797 54572
798 54689
799 54531
800 54350
801 54484
802 54548
803 55049
804 54471
805 54682
806 54615
807 54593
808 54603
809 54397
810 54587
811 54375
812 54724
813 54713
814 54452
815 54688
816 54512
817 54713
818 54412
819 54564
820 54502
821 54406
822 54724
823 54751
824 54781
825 54490
826 54651
827 54684
828 54654
829 54561
830 54468
831 55230
832 54862
833 54670
834 54681
835 54905
836 54651
837 54683
838 54516
839 54675
840 54631
841 54877
842 54856
843 54415
844 54659
845 54394
846 54504
847 54454
848 54592
849 54611
850 54451
851 54976
852 54459
853 54810
854 54732
855 54850
856 54647
857 54561
858 55106
859 54601
860 55063
861 54618
862 54797
863 54779
864 55044
865 54443
866 54623
867 54962
868 54871
869 55277
870 54484
871 55009
872 54717
873 54422
874 54777
875 54725
876 55103
877 54357
878 54894
879 55140
880 54688
881 54942
882 54788
883 54830
884 54731
885 55096
886 55000
887 54577
888 54704
889 54783
890 54601
891 54719
892 54806
893 55197
894 54890
895 54653
896 54713
897 54947
898 54929
899 54693
900 54486
901 54709
902 54701
903 54552
904 54783
905 54990
906 55080
907 55154
908 55006
909 55338
910 54838
911 54949
912 54949
913 55366
914 54835
915 54830
916 54705
917 55100
918 54705
919 54827
920 54879
921 55010
922 54928
923 54843
924 55190
925 54829
926 55228
927 55151
928 54935
929 55336
930 55453
931 55020
932 55235
933 54968
934 55237
935 55566
936 55519
937 55481
938 54817
939 54780
940 54971
941 54943
942 55238
943 55270
944 55276
945 55405
946 55286
947 55077
948 55347
949 54804
950 55162
951 55327
952 55695
953 55585
954 55610
955 55354
956 55338
957 55258
958 56030
959 55347
960 55688
961 55887
962 55727
963 55588
964 55542
965 55791
966 56030
967 55723
968 55880
969 55875
970 55837
971 56253
972 56123
973 56263
974 56373
975 56476
976 56010
977 56168
978 56425
979 56269
980 56872
981 56562
982 57176
983 56724
984 56651
985 57241
986 57141
987 57148
988 57640
989 57751
990 57727
991 57911
992 57650
993 57849
994 57947
995 58566
996 59032
997 58953
998 59150
999 59521
1000 59385
1001 59766
1002 59899
1003 60220
1004 60243
1005 60253
1006 60554
1007 60808
1008 60701
1009 61093
1010 61211
1011 61513
1012 61666
1013 61376
1014 61376
1015 61700
1016 61796
1017 61529
1018 61638
1019 61420
1020 61377
1021 60937
1022 60885
1023 61162
1024 60781
1025 60523
1026 60115
1027 59710
1028 60004
1029 59704
1030 59207
1031 59032
1032 58919
1033 58626
1034 58464
1035 58192
1036 58156
1037 57867
1038 57756
1039 57560
1040 57566
1041 57093
1042 57504
1043 57170
1044 56436
1045 56612
1046 56474
1047 56386
1048 56155
1049 56259
1050 56511
1051 56129
1052 56413
1053 56387
1054 55790
1055 55868
1056 55814
1057 55969
1058 55609
1059 55803
1060 55645
1061 55606
1062 55914
1063 55348
1064 55894
1065 55417
1066 55593
1067 55017
1068 55574
1069 55049
1070 55242
1071 55371
1072 55447
1073 55428
1074 55722
1075 55432
1076 55535
1077 55128
1078 54906
1079 55209
1080 55177
1081 55415
1082 55422
1083 55323
1084 55164
1085 55220
1086 54981
1087 55383
1088 55360
1089 55158
1090 55185
1091 54653
1092 55186
1093 55755
1094 55567
1095 54714
1096 55153
1097 54721
1098 55255
1099 55321
1100 55198
1101 55349
1102 55312
1103 54956
1104 55096
1105 55167
1106 55238
1107 55050
1108 54821
1109 54996
1110 55332
1111 54414
1112 55431
1113 55130
1114 55199
1115 54913
1116 55046
1117 55153
1118 55152
1119 55473
1120 54850
1121 55132
1122 55492
1123 54795
1124 54747
1125 55518
1126 55301
1127 55316
1128 55185
1129 55245
1130 55180
1131 55338
1132 55382
1133 55374
1134 54766
1135 55188
1136 54927
1137 54990
1138 54850
1139 54554
1140 55057
1141 55046
1142 55460
1143 55318
1144 54998
1145 54888
1146 54969
1147 55275
1148 55269
1149 55035
1150 54914
1151 55044
1152 54889
1153 55031
1154 54740
1155 55170
1156 55277
1157 55369
1158 55003
1159 54930
1160 55580
1161 54739
1162 55070
1163 54982
1164 55053
1165 55291
1166 54901
1167 55001
1168 54700
1169 55205
1170 55148
1171 54471
1172 54879
1173 55079
1174 54899
1175 55077
1176 54925
1177 54483
1178 54627
1179 55037
1180 55347
1181 55076
1182 55181
1183 55255
1184 55051
1185 54706
1186 54953
1187 54904
1188 55273
1189 54884
1190 54826
1191 55104
1192 54903
1193 55022
1194 54953
1195 55079
1196 54915
1197 55076
1198 54645
1199 54997
1200 55296
1201 54996
1202 55110
1203 54939
1204 55029
1205 54809
1206 55347
1207 54678
1208 55346
1209 55149
1210 54947
1211 55210
1212 54796
1213 55036
1214 54738
1215 54568
1216 54652
1217 55318
1218 55098
1219 55103
1220 54668
1221 54999
1222 55012
1223 55032
1224 55009
1225 55460
1226 54991
1227 55235
1228 54782
1229 54756
1230 55090
1231 55195
1232 55542
1233 55099
1234 55107
1235 55016
1236 55197
1237 55018
1238 54937
1239 54988
1240 55047
1241 55196
1242 54924
1243 54912
1244 55045
1245 55427
1246 54814
1247 55335
1248 55314
1249 55002
1250 55170
1251 54998
1252 55016
1253 55070
1254 54890
1255 55153
1256 55090
1257 55435
1258 55344
1259 55141
1260 55256
1261 54924
1262 55441
1263 54647
1264 54627
1265 55167
1266 54953
1267 54969
1268 54978
1269 54867
1270 55327
1271 55211
1272 55218
1273 54975
1274 54701
1275 54896
1276 55250
1277 55331
1278 54624
1279 55248
1280 55153
1281 55289
1282 55036
1283 54965
1284 55312
1285 55120
1286 54970
1287 55129
1288 55444
1289 55035
1290 55364
1291 55069
1292 55047
1293 54700
1294 55069
1295 54928
1296 55145
1297 54758
1298 55001
1299 55059
1300 55129
1301 55089
1302 55283
1303 55168
1304 54785
1305 55208
1306 55130
1307 55245
1308 55042
1309 54762
1310 55256
1311 55168
1312 55298
1313 55193
1314 55298
1315 55394
1316 55226
1317 55337
1318 55090
1319 55155
1320 54776
1321 54729
1322 54981
1323 54947
1324 54819
1325 55170
1326 54967
1327 55628
1328 55082
1329 55306
1330 55157
1331 54988
1332 54966
1333 55422
1334 55017
1335 55359
1336 55154
1337 54831
1338 54927
1339 54914
1340 55166
1341 55096
1342 54968
1343 55139
1344 55418
1345 54959
1346 54969
1347 55053
1348 55154
1349 55153
1350 55037
1351 55239
1352 55099
1353 55366
1354 55273
1355 55139
1356 55134
1357 55286
1358 55598
1359 55386
1360 55199
1361 55029
1362 55267
1363 54909
1364 55047
1365 55119
1366 55200
1367 55152
1368 55357
1369 54558
1370 55127
1371 55329
1372 55180
1373 55133
1374 55174
1375 55211
1376 55173
1377 55284
1378 54691
1379 54925
1380 55050
1381 55076
1382 54932
1383 55117
1384 55097
1385 55127
1386 55617
1387 55160
1388 55198
1389 54799
1390 55094
1391 55231
1392 54824
1393 54743
1394 55314
1395 55233
1396 55541
1397 54964
1398 55160
1399 54945
1400 55127
1401 55643
1402 55289
1403 55264
1404 55230
1405 55182
1406 55158
1407 55076
1408 55268
1409 55313
1410 54682
1411 55312
1412 55368
1413 55223
1414 55240
1415 55436
1416 55392
1417 55381
1418 55024
1419 55019
1420 55124
1421 55282
1422 55680
1423 55435
1424 55208
1425 54894
1426 55110
1427 55503
1428 54816
1429 55510
1430 54946
1431 55154
1432 55220
1433 54934
1434 55123
1435 55054
1436 55251
1437 55393
1438 55308
1439 55507
1440 55102
1441 55166
1442 55236
1443 55555
1444 54889
1445 55111
1446 55767
1447 55323
1448 55236
1449 55655
1450 55253
1451 54984
1452 55354
1453 55516
1454 55324
1455 55380
1456 55602
1457 55189
1458 55186
1459 55627
1460 55220
1461 55467
1462 55239
1463 54995
1464 55414
1465 55329
1466 55285
1467 55275
1468 55241
1469 55332
1470 55020
1471 55267
1472 55502
1473 55058
1474 55649
1475 55319
1476 55477
1477 54891
1478 54998
1479 55465
1480 55273
1481 55423
1482 55647
1483 55138
1484 55143
1485 55390
1486 55325
1487 55732
1488 55276
1489 55184
1490 55456
1491 55686
1492 55102
1493 55384
1494 55272
1495 55591
1496 55328
1497 55313
1498 55391
1499 55699
1500 55076
1501 55360
1502 55210
1503 55212
1504 55332
1505 55939
1506 55229
1507 55189
1508 55415
1509 55375
1510 55323
1511 55595
1512 55631
1513 55818
1514 55333
1515 55553
1516 55356
1517 55429
1518 55405
1519 55325
1520 55778
1521 55712
1522 55474
1523 55388
1524 55856
1525 54992
1526 55657
1527 55660
1528 55599
1529 55578
1530 56007
1531 55515
1532 55736
1533 55456
1534 55856
1535 55348
1536 55594
1537 55693
1538 55777
1539 55846
1540 55982
1541 55588
1542 55897
1543 56064
1544 55883
1545 55889
1546 55974
1547 55774
1548 55790
1549 55949
1550 55903
1551 56119
1552 56067
1553 55914
1554 56392
1555 56259
1556 56681
1557 56481
1558 56288
1559 56294
1560 56254
1561 56474
1562 56885
1563 56952
1564 56605
1565 56910
1566 57098
1567 57197
1568 57131
1569 57276
1570 57149
1571 57676
1572 57971
1573 57776
1574 57774
1575 58277
1576 58229
1577 58529
1578 58716
1579 58832
1580 59376
1581 59539
1582 59346
1583 59988
1584 59945
1585 60402
1586 60553
1587 60810
1588 61128
1589 61570
1590 61581
1591 61728
1592 61627
1593 62334
1594 62594
1595 62366
1596 62934
1597 63043
1598 62779
1599 62754
1600 62470
1601 62945
1602 62771
1603 62733
1604 61749
1605 62067
1606 61829
1607 61553
1608 61368
1609 61175
1610 61796
1611 61250
1612 61107
1613 60692
1614 60940
1615 60246
1616 59965
1617 59913
1618 59209
1619 59843
1620 59333
1621 59228
1622 58826
1623 58779
1624 58520
1625 58337
1626 58246
1627 58371
1628 58298
1629 58076
1630 58187
1631 58083
1632 57801
1633 57357
1634 57469
1635 57319
1636 57568
1637 57202
1638 57055
1639 56944
1640 57337
1641 56720
1642 56531
1643 57001
1644 56843
1645 56289
1646 56552
1647 56315
1648 56320
1649 56414
1650 56276
1651 56421
1652 56344
1653 56177
1654 56437
1655 56583
1656 56550
1657 56275
1658 56360
1659 56231
1660 56150
1661 56216
1662 56151
1663 55902
1664 56393
1665 55909
1666 56490
1667 56345
1668 56076
1669 55982
1670 56412
1671 56198
1672 56262
1673 56232
1674 56405
1675 56022
1676 55766
1677 56493
1678 56277
1679 56066
1680 56064
1681 55857
1682 55720
1683 56252
1684 55592
1685 56094
1686 55625
1687 56043
1688 55898
1689 56506
1690 55924
1691 55821
1692 56059
1693 55796
1694 56409
1695 56454
1696 55691
1697 56071
1698 56008
1699 55887
1700 55886
1701 55858
1702 55845
1703 56051
1704 56109
1705 56058
1706 55811
1707 56203
1708 56029
1709 55693
1710 55934
1711 55779
1712 55524
1713 56214
1714 55808
1715 55861
1716 55993
1717 56204
1718 55844
1719 55637
1720 55600
1721 55789
1722 55863
1723 55934
1724 55719
1725 56011
1726 55900
1727 55709
1728 55291
1729 55857
1730 55976
1731 56160
1732 55926
1733 55892
1734 55652
1735 56233
1736 56087
1737 56293
1738 55789
1739 55812
1740 55504
1741 55799
1742 56364
1743 55991
1744 56025
1745 55964
1746 55467
1747 55751
1748 55878
1749 55996
1750 55695
1751 55967
1752 56063
1753 56045
1754 55443
1755 55849
1756 55385
1757 55871
1758 55650
1759 55758
1760 55971
1761 55916
1762 55631
1763 56251
1764 55835
1765 55977
1766 55629
1767 55668
1768 55791
1769 56079
1770 56079
1771 55710
1772 55844
1773 56158
1774 55875
1775 56067
1776 55872
1777 55740
1778 56224
1779 55678
1780 55805
1781 55543
1782 55681
1783 56149
1784 55901
1785 56325
1786 56074
1787 56055
1788 56149
1789 55763
1790 55948
1791 56012
1792 56104
1793 55796
1794 55625
1795 56190
1796 55674
1797 56056
1798 55998
1799 55716
1800 55898
1801 55732
1802 56082
1803 55877
1804 55612
1805 55958
1806 55639
1807 55602
1808 55648
1809 56179
1810 56224
1811 55774
1812 55429
1813 55948
1814 55820
1815 56056
1816 55820
1817 56522
1818 55599
1819 55895
1820 56101
1821 55966
1822 55885
1823 56140
1824 55806
1825 55390
1826 56047
1827 55987
1828 56000
1829 56045
1830 55899
1831 56040
1832 56473
1833 56148
1834 56186
1835 55760
1836 56049
1837 55795
1838 56065
1839 55895
1840 55998
1841 55807
1842 56420
1843 56127
1844 55923
1845 55849
1846 55858
1847 56478
1848 56042
1849 55681
1850 56477
1851 56356
1852 56065
1853 55843
1854 56083
1855 56237
1856 55896
1857 56187
1858 56357
1859 56365
1860 56298
1861 56038
1862 56118
1863 56244
1864 56309
1865 56468
1866 55934
1867 56495
1868 56384
1869 56086
1870 56050
1871 56048
1872 56432
1873 56327
1874 55775
1875 56239
1876 56300
1877 56186
1878 56059
1879 56359
1880 56002
1881 56212
1882 56401
1883 55967
1884 56043
1885 55599
1886 56382
1887 56298
1888 56300
1889 56070
1890 56271
1891 55874
1892 56149
1893 56402
1894 56386
1895 56514
1896 56065
1897 56118
1898 56086
1899 56605
1900 56207
1901 56275
1902 56173
1903 56666
1904 56255
1905 56593
1906 55922
1907 56174
1908 56549
1909 56392
1910 56638
1911 56406
1912 56711
1913 56326
1914 56357
1915 56484
1916 56473
1917 56597
1918 55903
1919 56710
1920 56259
1921 56834
1922 56768
1923 56297
1924 56569
1925 56628
1926 56580
1927 56932
1928 56744
1929 56596
1930 56664
1931 57104
1932 57003
1933 56108
1934 56434
1935 57059
1936 56620
1937 56929
1938 56572
1939 56964
1940 56518
1941 56723
1942 56795
1943 57048
1944 56835
1945 56608
1946 56712
1947 56484
1948 56626
1949 56756
1950 56776
1951 57169
1952 56952
1953 57049
1954 57327
1955 57183
1956 57371
1957 57133
1958 56746
1959 57367
1960 57112
1961 57140
1962 56961
1963 56918
1964 57313
1965 56836
1966 57469
1967 57465
1968 57320
1969 57461
1970 57651
1971 57678
1972 57509
1973 57957
1974 57297
1975 57908
1976 57973
1977 58364
1978 58505
1979 58264
1980 58275
1981 58574
1982 58692
1983 58668
1984 59359
1985 58974
1986 58611
1987 58880
1988 59100
1989 59326
1990 59372
1991 59467
1992 59860
1993 60106
1994 60104
1995 60504
1996 60560
1997 60644
1998 60618
1999 61179
2000 61400
2001 61917
2002 61809
2003 62401
2004 62057
2005 62376
2006 62854
2007 63173
2008 63077
2009 63619
2010 63909
2011 63881
2012 64340
2013 64591
2014 64401
2015 64439
2016 65140
2017 64358
2018 64027
2019 65415
2020 64541
2021 64383
2022 64429
2023 64102
2024 64393
2025 64076
2026 63673
2027 63524
2028 63490
2029 63017
2030 63118
2031 62324
2032 62181
2033 61334
2034 61530
2035 61430
2036 60891
2037 60894
2038 60599
2039 60018
2040 60318
2041 59995
2042 59385
2043 59539
2044 59570
2045 59376
2046 59205
2047 58997
2048 59007
2049 58716
2050 58577
2051 58744
2052 58590
2053 58677
2054 58464
2055 57998
2056 58486
2057 58258
2058 58328
2059 58361
2060 58121
2061 58126
2062 57807
2063 57698
2064 57163
2065 57433
2066 57343
2067 57810
2068 57542
2069 57650
2070 57537
2071 57339
2072 57487
2073 57403
2074 57564
2075 57193
2076 57599
2077 57547
2078 57457
2079 57548
2080 57539
2081 57356
2082 56907
2083 57765
2084 57362
2085 57172
2086 57879
2087 57406
2088 57370
2089 57372
2090 57341
2091 57368
2092 57375
2093 57274
2094 57392
2095 57680
2096 57349
2097 57252
2098 57356
2099 57311
2100 57364
2101 57383
2102 57435
2103 57252
2104 57202
2105 57527
2106 57045
2107 57188
2108 57065
2109 57094
2110 57410
2111 57233
2112 57553
2113 57049
2114 57558
2115 57290
2116 56902
2117 57036
2118 57337
2119 57199
2120 57016
2121 57377
2122 57406
2123 57297
2124 57052
2125 57310
2126 57451
2127 57193
2128 57148
2129 57245
2130 57139
2131 57548
2132 57114
2133 56964
2134 57712
2135 57143
2136 56974
2137 56881
2138 57416
2139 57611
2140 57120
2141 57273
2142 57436
2143 57009
2144 56844
2145 56738
2146 57332
2147 56832
2148 57223
2149 57427
2150 57444
2151 57235
2152 57323
2153 57062
2154 57392
2155 57407
2156 57428
2157 57367
2158 57310
2159 57300
2160 57555
2161 57042
2162 57410
2163 57241
2164 57680
2165 57458
2166 57245
2167 57284
2168 57920
2169 57258
2170 57002
2171 57357
2172 57222
2173 57487
2174 57313
2175 57143
2176 57717
2177 57376
2178 57170
2179 57451
2180 57621
2181 57777
2182 57834
2183 57563
2184 57680
2185 57313
2186 57601
2187 57790
2188 57372
2189 57583
2190 57599
2191 57564
2192 57721
2193 57521
2194 57687
2195 57629
2196 57203
2197 57445
2198 57241
2199 57404
2200 57384
2201 57212
2202 57427
2203 57634
2204 57784
2205 57438
2206 57550
2207 58016
2208 57639
2209 57538
2210 57623
2211 57854
2212 57895
2213 57548
2214 57783
2215 57513
2216 57303
2217 57373
2218 58195
2219 57733
2220 57595
2221 57326
2222 57651
2223 57447
2224 57596
2225 57600
2226 57626
2227 57966
2228 57557
2229 57270
2230 57718
2231 57526
2232 57568
2233 57639
2234 58179
2235 57556
2236 58128
2237 57846
2238 57703
2239 57400
2240 57592
2241 57748
2242 57388
2243 57688
2244 57880
2245 57835
2246 57531
2247 57964
2248 57724
2249 57710
2250 57413
2251 57888
2252 57995
2253 57672
2254 58024
2255 58219
2256 57977
2257 57657
2258 57928
2259 57935
2260 57653
2261 57786
2262 57950
2263 57769
2264 57932
2265 58110
2266 57688
2267 57577
2268 57787
2269 57976
2270 58057
2271 58202
2272 58088
2273 57714
2274 57836
2275 57889
2276 57741
2277 58179
2278 57793
2279 57876
2280 58034
2281 58340
2282 57820
2283 58139
2284 57671
2285 57985
2286 57856
2287 58104
2288 57856
2289 58074
2290 57980
2291 57818
2292 57936
2293 57486
2294 57933
2295 57558
2296 57592
2297 57886
2298 57852
2299 57825
2300 57744
2301 57961
2302 57968
2303 58157
2304 57749
2305 58282
2306 58061
2307 57638
2308 58167
2309 57928
2310 57870
2311 57860
2312 57559
2313 58212
2314 57955
2315 58286
2316 58111
2317 58134
2318 58225
2319 57380
2320 58180
2321 58248
2322 58509
2323 57848
2324 57789
2325 57920
2326 58105
2327 57877
2328 58142
2329 58301
2330 58531
2331 58437
2332 57873
2333 58209
2334 58041
2335 57952
2336 58080
2337 58005
2338 58325
2339 58385
2340 58206
2341 58231
2342 58440
2343 57969
2344 58403
2345 58375
2346 57666
2347 58199
2348 57860
2349 58231
2350 58359
2351 58459
2352 58095
2353 58420
2354 57799
2355 58043
2356 58222
2357 58129
2358 58424
2359 57863
2360 58154
2361 58112
2362 58412
2363 58231
2364 58242
2365 58131
2366 58041
2367 58399
2368 58579
2369 58181
2370 58114
2371 58243
2372 58376
2373 58085
2374 58368
2375 58079
2376 58162
2377 58655
2378 58726
2379 58451
2380 58019
2381 58101
2382 57937
2383 57907
2384 58351
2385 57908
2386 58536
2387 58233
2388 58255
2389 58187
2390 58294
2391 58138
2392 58379
2393 58398
2394 58599
2395 58456
2396 58254
2397 58107
2398 58284
2399 58136
2400 58234
2401 58499
2402 58234
2403 58346
2404 58580
2405 58610
2406 58260
2407 58540
2408 58043
2409 58230
2410 58620
2411 58230
2412 58672
2413 58632
2414 58528
2415 58597
2416 58651
2417 58522
2418 58063
2419 58842
2420 58278
2421 58578
2422 58315
2423 58599
2424 58456
2425 58497
2426 58426
2427 58411
2428 58474
2429 58413
2430 58637
2431 58540
2432 58518
2433 58386
2434 58376
2435 58346
2436 58412
2437 58607
2438 58953
2439 58848
2440 58333
2441 58630
2442 58439
2443 58842
2444 58236
2445 59075
2446 58461
2447 58623
2448 58813
2449 58369
2450 58543
2451 58693
2452 58974
2453 58491
2454 58585
2455 58574
2456 58155
2457 58631
2458 58512
2459 58506
2460 59061
2461 58731
2462 58488
2463 58662
2464 58468
2465 58776
2466 58079
2467 58923
2468 58581
2469 58762
2470 59068
2471 58638
2472 58252
2473 58368
2474 58872
2475 58877
2476 58717
2477 58651
2478 58935
2479 58693
2480 58463
2481 58830
2482 58564
2483 58438
2484 58708
2485 58725
2486 58628
2487 58631
2488 58483
2489 58797
2490 58816
2491 58960
2492 59060
2493 58792
2494 59305
2495 58528
2496 58242
2497 58826
2498 58838
2499 58780
2500 58765
2501 58892
2502 58841
2503 58867
2504 58789
2505 58711
2506 58814
2507 59081
2508 59169
2509 58909
2510 58745
2511 58659
2512 58701
2513 59176
2514 58875
2515 58723
2516 59184
2517 58623
2518 59032
2519 58911
2520 59030
2521 58956
2522 58810
2523 59090
2524 58785
2525 58996
2526 58903
2527 58999
2528 59018
2529 59100
2530 58762
2531 58934
2532 58867
2533 59055
2534 59094
2535 59260
2536 59247
2537 59028
2538 59257
2539 59241
2540 58904
2541 59076
2542 59141
2543 59463
2544 59431
2545 59189
2546 59070
2547 59467
2548 59366
2549 59628
2550 59175
2551 59545
2552 59489
2553 59851
2554 59397
2555 59911
2556 59636
2557 59987
2558 60296
2559 60076
2560 60120
2561 60028
2562 60247
2563 60541
2564 60681
2565 60673
2566 60669
2567 60556
2568 61149
2569 61041
2570 61035
2571 60912
2572 61432
2573 61496
2574 61594
2575 61859
2576 61683
2577 62405
2578 62408
2579 62726
2580 63412
2581 63159
2582 63855
2583 63734
2584 64664
2585 64364
2586 64508
2587 65149
2588 65264
2589 65691
2590 65360
2591 66026
2592 66669
2593 66207
2594 66557
2595 66623
2596 66769
2597 67035
2598 66784
2599 66684
2600 66044
2601 66311
2602 66502
2603 66345
2604 66087
2605 66045
2606 65816
2607 65609
2608 64923
2609 65117
2610 64944
2611 64650
2612 64238
2613 64395
2614 64497
2615 63811
2616 64051
2617 63187
2618 62896
2619 62952
2620 62776
2621 62525
2622 62412
2623 62493
2624 62130
2625 61565
2626 61893
2627 61470
2628 61888
2629 61185
2630 61169
2631 61058
2632 61098
2633 60750
2634 60946
2635 60589
2636 60606
2637 60339
2638 60385
2639 60370
2640 60014
2641 59725
2642 59943
2643 60070
2644 59813
2645 59573
2646 59844
2647 59887
2648 59739
2649 59972
2650 59656
2651 59621
2652 59480
2653 59660
2654 59255
2655 59284
2656 59205
2657 59397
2658 59327
2659 59496
2660 59423
2661 59240
2662 59351
2663 59435
2664 59243
2665 59570
2666 59418
2667 59341
2668 59124
2669 59614
2670 59189
2671 59274
2672 59230
2673 59177
2674 59438
2675 58969
2676 58772
2677 59407
2678 59657
2679 59328
2680 58951
2681 58898
2682 59273
2683 59018
2684 58944
2685 58962
2686 59060
2687 58802
2688 59087
2689 59165
2690 59081
2691 58965
2692 59136
2693 59003
2694 59155
2695 58919
2696 58999
2697 58969
2698 58879
2699 59134
2700 58863
2701 58566
2702 58832
2703 59200
2704 58856
2705 58854
2706 59032
2707 58869
2708 58800
2709 58816
2710 59238
2711 58988
2712 58846
2713 58997
2714 58953
2715 59057
2716 58699
2717 58859
2718 58753
2719 59051
2720 58682
2721 58753
2722 58798
2723 59236
2724 59195
2725 59066
2726 58644
2727 58837
2728 58535
2729 58713
2730 59273
2731 59008
2732 59204
2733 59198
2734 58961
2735 58990
2736 58912
2737 59007
2738 58658
2739 58997
2740 58720
2741 58871
2742 59105
2743 58473
2744 58989
2745 59015
2746 58989
2747 58394
2748 58737
2749 58827
2750 58398
2751 59073
2752 59115
2753 58762
2754 58972
2755 58687
2756 58777
2757 58803
2758 59046
2759 58856
2760 58764
2761 59062
2762 58757
2763 58827
2764 58835
2765 58897
2766 58928
2767 58597
2768 58939
2769 58667
2770 58754
2771 58958
2772 59028
2773 58822
2774 59203
2775 58558
2776 58843
2777 58838
2778 58312
2779 58654
2780 58576
2781 58835
2782 58409
2783 58555
2784 58662
2785 58559
2786 58806
2787 58867
2788 58616
2789 59236
2790 59163
2791 58749
2792 59069
2793 58648
2794 59559
2795 58898
2796 58865
2797 58794
2798 59296
2799 58805
2800 58580
2801 58904
2802 59068
2803 59104
2804 59257
2805 58856
2806 58763
2807 58483
2808 58864
2809 58711
2810 59063
2811 58712
2812 59004
2813 59110
2814 58733
2815 58911
2816 58846
2817 59318
2818 58684
2819 58740
2820 58850
2821 59058
2822 59082
2823 59037
2824 58819
2825 58690
2826 58987
2827 58639
2828 58904
2829 58810
2830 58379
2831 59053
2832 58332
2833 58439
2834 58591
2835 58879
2836 58440
2837 58846
2838 58805
2839 58446
2840 58871
2841 58783
2842 58938
2843 58527
2844 58828
2845 59104
2846 58730
2847 58983
2848 58918
2849 58595
2850 58678
2851 58822
2852 58828
2853 58705
2854 58826
2855 59108
2856 59057
2857 58656
2858 58653
2859 58737
2860 58798
2861 58704
2862 58998
2863 59088
2864 58785
2865 58664
2866 58888
2867 58859
2868 59076
2869 58805
2870 59022
2871 58795
2872 59126
2873 58716
2874 58440
2875 58683
2876 58942
2877 58641
2878 58864
2879 58866
2880 58937
2881 58621
2882 58528
2883 58832
2884 58794
2885 58957
2886 58804
2887 58820
2888 58971
2889 59218
2890 59190
2891 59218
2892 59126
2893 58946
2894 59122
2895 58689
2896 58790
2897 58677
2898 58864
2899 59237
2900 58681
2901 59164
2902 59267
2903 58825
2904 58779
2905 59082
2906 58906
2907 59542
2908 58991
2909 59248
2910 59265
2911 58979
2912 58922
2913 59158
2914 58801
2915 58994
2916 58697
2917 59354
2918 59120
2919 59193
2920 59153
2921 58630
2922 59156
2923 59069
2924 58932
2925 59076
2926 59292
2927 59302
2928 59450
2929 59129
2930 59319
2931 58895
2932 59604
2933 59168
2934 59059
2935 59108
2936 58946
2937 59441
2938 59431
2939 59547
2940 59203
2941 59021
2942 59076
2943 59415
2944 59246
2945 59340
2946 59431
2947 58911
2948 59039
2949 59354
2950 59309
2951 59563
2952 59321
2953 59303
2954 59389
2955 59363
2956 59653
2957 59357
2958 59540
2959 59316
2960 59523
2961 59697
2962 59824
2963 59790
2964 59738
2965 59554
2966 59977
2967 59660
2968 59399
2969 60109
2970 60131
2971 60016
2972 60324
2973 60086
2974 60055
2975 60126
2976 59750
2977 60112
2978 60294
2979 60401
2980 60424
2981 60406
2982 60493
2983 60816
2984 60778
2985 60917
2986 61084
2987 61392
2988 61196
2989 61504
2990 61830
2991 61397
2992 61774
2993 61731
2994 62108
2995 62383
2996 62276
2997 62554
2998 62598
2999 63250
3000 63320
3001 63296
3002 63549
3003 64085
3004 64114
3005 64227
3006 64396
3007 65113
3008 64864
3009 65201
3010 65437
3011 66116
3012 66250
3013 65943
3014 66256
3015 66220
3016 66275
3017 66730
3018 67078
3019 66830
3020 67081
3021 67024
3022 67122
3023 67386
3024 66701
3025 67295
3026 66657
3027 66151
3028 66213
3029 65771
3030 66150
3031 65908
3032 65036
3033 65040
3034 64571
3035 64618
3036 63556
3037 63525
3038 63238
3039 63084
3040 63005
3041 62618
3042 62220
3043 62089
3044 61956
3045 61759
3046 62075
3047 61268
3048 61662
3049 60752
3050 60836
3051 61201
3052 60906
3053 60788
3054 60856
3055 60440
3056 60449
3057 60887
3058 60085
3059 60622
3060 60469
3061 60352
3062 60379
3063 60134
3064 60357
3065 59867
3066 60505
3067 60205
3068 59659
3069 59508
3070 59549
3071 59823
3072 59897
3073 59294
3074 59968
3075 59537
3076 59906
3077 59615
3078 59546
3079 59460
3080 59884
3081 59741
3082 59769
3083 59471
3084 59412
3085 59596
3086 59636
3087 58905
3088 59686
3089 59511
3090 59400
3091 59199
3092 59360
3093 59621
3094 59396
3095 59458
3096 59610
3097 59221
3098 59309
3099 59449
3100 59751
3101 59429
3102 59272
3103 59280
3104 59297
3105 59290
3106 59503
3107 58870
3108 59247
3109 59207
3110 59600
3111 59389
3112 59417
3113 59411
3114 59441
3115 59145
3116 59203
3117 59129
3118 59468
3119 59614
3120 59371
3121 59171
3122 59206
3123 59086
3124 59202
3125 59097
3126 58780
3127 59181
3128 59162
3129 59132
3130 58928
3131 59232
3132 59378
3133 59232
3134 58938
3135 58948
3136 58852
3137 59260
3138 59267
3139 59142
3140 59156
3141 59272
3142 58977
3143 59136
3144 59013
3145 59050
3146 58748
3147 58861
3148 59358
3149 59035
3150 59171
3151 59083
3152 59126
3153 58899
3154 59105
3155 59329
3156 59102
3157 58902
3158 59081
3159 59338
3160 59002
3161 59119
3162 59065
3163 58909
3164 59186
3165 58719
3166 59225
3167 59002
3168 59068
3169 59302
3170 59030
3171 59462
3172 58775
3173 58844
3174 59027
3175 58934
3176 58916
3177 58909
3178 59390
3179 58950
3180 58958
3181 59303
3182 59186
3183 59452
3184 59630
3185 58994
3186 59224
3187 59388
3188 59277
3189 59426
3190 59286
3191 59188
3192 59133
3193 59028
3194 58867
3195 59230
3196 59371
3197 59289
3198 59097
3199 59156
3200 58858
3201 58745
3202 59251
3203 59235
3204 59369
3205 59435
3206 58818
3207 59265
3208 58853
3209 59046
3210 59101
3211 59363
3212 59107
3213 59207
3214 59221
3215 59000
3216 59116
3217 59109
3218 58662
3219 59155
3220 59192
3221 59127
3222 59038
3223 59243
3224 59451
3225 59282
3226 59151
3227 58926
3228 58948
3229 58754
3230 59342
3231 58929
3232 59083
3233 59419
3234 58602
3235 59194
3236 58829
3237 58983
3238 59105
3239 59135
3240 59223
3241 59218
3242 59169
3243 58847
3244 59292
3245 58962
3246 59435
3247 59284
3248 58709
3249 59264
3250 59249
3251 59155
3252 58833
3253 59369
3254 58969
3255 58920
3256 58799
3257 59151
3258 58579
3259 59218
3260 58843
3261 59085
3262 59059
3263 58848
3264 58805
3265 58548
3266 58664
3267 58543
3268 59162
3269 58744
3270 59549
3271 58773
3272 59049
3273 59356
3274 58546
3275 59195
3276 58792
3277 58944
3278 58995
3279 59249
3280 58949
3281 59074
3282 59225
3283 58457
3284 59025
3285 59119
3286 58717
3287 58864
3288 58882
3289 59092
3290 58944
3291 58825
3292 58939
3293 59462
3294 59034
3295 58689
3296 58634
3297 58909
3298 58737
3299 59156
3300 59062
3301 58900
3302 58856
3303 59230
3304 58815
3305 59356
3306 58643
3307 58946
3308 58662
3309 58812
3310 59269
3311 59018
3312 58432
3313 58994
3314 58878
3315 58938
3316 59156
3317 59002
3318 59318
3319 59079
3320 58674
3321 58716
3322 59354
3323 58655
3324 58931
3325 58838
3326 59216
3327 59141
3328 59209
3329 58627
3330 59223
3331 59051
3332 58767
3333 59056
3334 59084
3335 59553
3336 58882
3337 58560
3338 58824
3339 58789
3340 59466
3341 59667
3342 59021
3343 59249
3344 58986
3345 59315
3346 59029
3347 59359
3348 58910
3349 58877
3350 59470
3351 58992
3352 59190
3353 58889
3354 59037
3355 58583
3356 58983
3357 59147
3358 58908
3359 59333
3360 59069
3361 58793
3362 58972
3363 58785
3364 59051
3365 59248
3366 59249
3367 59067
3368 59161
3369 59254
3370 59186
3371 58634
3372 59634
3373 59072
3374 58781
3375 58918
3376 59176
3377 59318
3378 59196
3379 59104
3380 59384
3381 59101
3382 59366
3383 59189
3384 58710
3385 59513
3386 59427
3387 59246
3388 59269
3389 59462
3390 59044
3391 59161
3392 59137
3393 59542
3394 59425
3395 58932
3396 59607
3397 58988
3398 59080
3399 58797
3400 59191
3401 59243
3402 58539
3403 58843
3404 59171
3405 59498
3406 59317
3407 59042
3408 58815
3409 58978
3410 59051
3411 59117
3412 58893
3413 58830
3414 59202
3415 58536
3416 58680
3417 58918
3418 58809
3419 59182
3420 58833
3421 59111
3422 59451
3423 59080
3424 58732
3425 58947
3426 59386
3427 59072
3428 59026
3429 59050
3430 58835
3431 58967
3432 59281
3433 58890
3434 58841
3435 59217
3436 59290
3437 59226
3438 59244
3439 59225
3440 59074
3441 59186
3442 59169
3443 59109
3444 58616
3445 58560
3446 58836
3447 58902
3448 58771
3449 59214
3450 59023
3451 59522
3452 59024
3453 58788
3454 59365
3455 59072
3456 58937
3457 59050
3458 58482
3459 58880
3460 58838
3461 59161
3462 58699
3463 58938
3464 58850
3465 59047
3466 59149
3467 58870
3468 59499
3469 58919
3470 59030
3471 58917
3472 58964
3473 58917
3474 58987
3475 59095
3476 59252
3477 58907
3478 58933
3479 59149
3480 58833
3481 59084
3482 58825
3483 58877
3484 59403
3485 59274
3486 59079
3487 59504
3488 59095
3489 59281
3490 59056
3491 58924
3492 59012
3493 59258
3494 59114
3495 59301
3496 59044
3497 58900
3498 58821
3499 59460
3500 58776
3501 59254
3502 58998
3503 58884
3504 58812
3505 58495
3506 59285
3507 58909
3508 58854
3509 59219
3510 59120
3511 58969
3512 59405
3513 58868
3514 59078
3515 58911
3516 59569
3517 59287
3518 59493
3519 59108
3520 59411
3521 59175
3522 59079
3523 58877
3524 59623
3525 59262
3526 59097
3527 59656
3528 59193
3529 58902
3530 59762
3531 59227
3532 59374
3533 59690
3534 59639
3535 59402
3536 59585
3537 59180
3538 59444
3539 59496
3540 59179
3541 59509
3542 59765
3543 59496
3544 59787
3545 59613
3546 59941
3547 59300
3548 59609
3549 59638
3550 59936
3551 59858
3552 59821
3553 60021
3554 59708
3555 59687
3556 59734
3557 59767
3558 59956
3559 60253
3560 60075
3561 60499
3562 60448
3563 60304
3564 60257
3565 60487
3566 60904
3567 60777
3568 61089
3569 61009
3570 61228
3571 62025
3572 61574
3573 61693
3574 61644
3575 61973
3576 62765
3577 62575
3578 63166
3579 63438
3580 63112
3581 64028
3582 63838
3583 64165
3584 64244
3585 64926
3586 65206
3587 65444
3588 65495
3589 65598
3590 65871
3591 66300
3592 66268
3593 66186
3594 66037
3595 66714
3596 66802
3597 66506
3598 66817
3599 66790
3600 66351
3601 66332
3602 66112
3603 66575
3604 65905
3605 65817
3606 65547
3607 65520
3608 65449
3609 65048
3610 64682
3611 64156
3612 64006
3613 63875
3614 63743
3615 63339
3616 63224
3617 62800
3618 62718
3619 62609
3620 62187
3621 62316
3622 62028
3623 61705
3624 61929
3625 61571
3626 61397
3627 61082
3628 61368
3629 60705
3630 60436
3631 60739
3632 60318
3633 60391
3634 60032
3635 60675
3636 60493
3637 60044
3638 59807
3639 59779
3640 60029
3641 59858
3642 59339
3643 59711
3644 59784
3645 59528
3646 59521
3647 59390
3648 59521
3649 59448
3650 59269
3651 59356
3652 58980
3653 59335
3654 58983
3655 58956
3656 59042
3657 59526
3658 58534
3659 59200
3660 58951
3661 59357
3662 58578
3663 59210
3664 59121
3665 59038
3666 59302
3667 59098
3668 58556
3669 58735
3670 58651
3671 58624
3672 58899
3673 58654
3674 59001
3675 58892
3676 59025
3677 58816
3678 58713
3679 58715
3680 58809
3681 58645
3682 58606
3683 58758
3684 58695
3685 58571
3686 58553
3687 58754
3688 58709
3689 58554
3690 58434
3691 58488
3692 58044
3693 58377
3694 58839
3695 58214
3696 58298
3697 58308
3698 58777
3699 58458
3700 58165
3701 58592
3702 58667
3703 58092
3704 58805
3705 58751
3706 58196
3707 58470
3708 58363
3709 58596
3710 58291
3711 58299
3712 58662
3713 58380
3714 58423
3715 58713
3716 58783
3717 58731
3718 58059
3719 58492
3720 58304
3721 58057
3722 57958
3723 57947
3724 58732
3725 58206
3726 58293
3727 58410
3728 58633
3729 57908
3730 58213
3731 58438
3732 58673
3733 58377
3734 58160
3735 58560
3736 58479
3737 58148
3738 58144
3739 58876
3740 58208
3741 58537
3742 58444
3743 58290
3744 57938
3745 58560
3746 58578
3747 58394
3748 58596
3749 58332
3750 58548
3751 57795
3752 58255
3753 58476
3754 58478
3755 58455
3756 58301
3757 58313
3758 58491
3759 58469
3760 58350
3761 58373
3762 58853
3763 58474
3764 58396
3765 58632
3766 58417
3767 58424
3768 58688
3769 58562
3770 58745
3771 58687
3772 58631
3773 58580
3774 58509
3775 58867
3776 58540
3777 58646
3778 58354
3779 58484
3780 58305
3781 58365
3782 58410
3783 58480
3784 58618
3785 58647
3786 58144
3787 58557
3788 58704
3789 58092
3790 58614
3791 58540
3792 58576
3793 58350
3794 58322
3795 58119
3796 58616
3797 58448
3798 58635
3799 58427
3800 58574
3801 58840
3802 58546
3803 58459
3804 58626
3805 58215
3806 58132
3807 58405
3808 58241
3809 58343
3810 58634
3811 58585
3812 58231
3813 58305
3814 58775
3815 58417
3816 58781
3817 58323
3818 58398
3819 58227
3820 58188
3821 58459
3822 58210
3823 58312
3824 58830
3825 58578
3826 58351
3827 58490
3828 58540
3829 58363
3830 58580
3831 58494
3832 58566
3833 58516
3834 58878
3835 58397
3836 58395
3837 58262
3838 58452
3839 58425
3840 58460
3841 58924
3842 58400
3843 58133
3844 58603
3845 58589
3846 58878
3847 58426
3848 58731
3849 58493
3850 58456
3851 58084
3852 58236
3853 58843
3854 58662
3855 58395
3856 58596
3857 58338
3858 58148
3859 58280
3860 58312
3861 58374
3862 58309
3863 58568
3864 58235
3865 58909
3866 58883
3867 58631
3868 58651
3869 58405
3870 58515
3871 59082
3872 58592
3873 58726
3874 58392
3875 58389
3876 58776
3877 59021
3878 58732
3879 58650
3880 58916
3881 58036
3882 58213
3883 58470
3884 58961
3885 58719
3886 58799
3887 59045
3888 58451
3889 58931
3890 58606
3891 58614
3892 58645
3893 58893
3894 58936
3895 58898
3896 58570
3897 58805
3898 59367
3899 59015
3900 58899
3901 58844
3902 58955
3903 58740
3904 59062
3905 59049
3906 58741
3907 58662
3908 58856
3909 58845
3910 58613
3911 59189
3912 59138
3913 59032
3914 59340
3915 58762
3916 59159
3917 59417
3918 59226
3919 58890
3920 58938
3921 58825
3922 59014
3923 59149
3924 59207
3925 59090
3926 59453
3927 59072
3928 59384
3929 59162
3930 59286
3931 59243
3932 59376
3933 59300
3934 58951
3935 59099
3936 59434
3937 59588
3938 59724
3939 59629
3940 59574
3941 59472
3942 59515
3943 59447
3944 59494
3945 59593
3946 59752
3947 59343
3948 59370
3949 59469
3950 59604
3951 59786
3952 59609
3953 59829
3954 59641
3955 59817
3956 59806
3957 59284
3958 59498
3959 59804
3960 60021
3961 60376
3962 59986
3963 59809
3964 60079
3965 59945
3966 60309
3967 60182
3968 60881
3969 60533
3970 60236
3971 60451
3972 60157
3973 60229
3974 60692
3975 60440
3976 60553
3977 60755
3978 60455
3979 60733
3980 60948
3981 60670
3982 61045
3983 61478
3984 61463
3985 61506
3986 61388
3987 61820
3988 61655
3989 61961
3990 62079
3991 62187
3992 62506
3993 62830
3994 62882
3995 62410
3996 63024
3997 63261
3998 63613
3999 63689
4000 63516
4001 64027
4002 64437
4003 64694
4004 65118
4005 64868
4006 65262
4007 65297
4008 65519
4009 65812
4010 65956
4011 66541
4012 66558
4013 66569
4014 67128
4015 67526
4016 67359
4017 67419
4018 66838
4019 67787
4020 67554
4021 67349
4022 67622
4023 68236
4024 67555
4025 67227
4026 67075
4027 66696
4028 66410
4029 66197
4030 66519
4031 65853
4032 65382
4033 65295
4034 64851
4035 64974
4036 64550
4037 63992
4038 64250
4039 63857
4040 63511
4041 63534
4042 63024
4043 62635
4044 62523
4045 62350
4046 62390
4047 61737
4048 62167
4049 61890
4050 61679
4051 62302
4052 61682
4053 61299
4054 61178
4055 61279
4056 60928
4057 60722
4058 61205
4059 61293
4060 60652
4061 61113
4062 61068
4063 60653
4064 60691
4065 60741
4066 60541
4067 60578
4068 60417
4069 60399
4070 60687
4071 60637
4072 60230
4073 60242
4074 60139
4075 60046
4076 60070
4077 60275
4078 60274
4079 60385
4080 59925
4081 60090
4082 60435
4083 60830
4084 60052
4085 59944
4086 60489
4087 60086
4088 60295
4089 59670
4090 60184
4091 60052
4092 60196
4093 60068
4094 60157
4095 60235
4096 60254
4097 60019
4098 60094
4099 60247
4100 60099
4101 60257
4102 60119
4103 59924
4104 59939
4105 59701
4106 60194
4107 60480
4108 59878
4109 60093
4110 60085
4111 60280
4112 59965
4113 60272
4114 59907
4115 60290
4116 60517
4117 60252
4118 60192
4119 59841
4120 59979
4121 60328
4122 60275
4123 59754
4124 59999
4125 59898
4126 60052
4127 60083
4128 60092
4129 60065
4130 59970
4131 60367
4132 59568
4133 59916
4134 59717
4135 60317
4136 59837
4137 60141
4138 59785
4139 59919
4140 59718
4141 60189
4142 60024
4143 59622
4144 59888
4145 59824
4146 59840
4147 59846
4148 60091
4149 60064
4150 59708
4151 60022
4152 59810
4153 59976
4154 59953
4155 59918
4156 59889
4157 60245
4158 59415
4159 60530
4160 59722
4161 59638
4162 59854
4163 59819
4164 59747
4165 59843
4166 59517
4167 60192
4168 59993
4169 60233
4170 59702
4171 59494
4172 59937
4173 59622
4174 59238
4175 59497
4176 59914
4177 59947
4178 60089
4179 59659
4180 60089
4181 59700
4182 59472
4183 59533
4184 59846
4185 59981
4186 59537
4187 59834
4188 59721
4189 59794
4190 59892
4191 59619
4192 59628
4193 59767
4194 59671
4195 60040
4196 59837
4197 59573
4198 60186
4199 59687
4200 59963
4201 59781
4202 59674
4203 59651
4204 60020
4205 59614
4206 59696
4207 59721
4208 59472
4209 59612
4210 60066
4211 59907
4212 59875
4213 59907
4214 60051
4215 59817
4216 59856
4217 60002
4218 59686
4219 59916
4220 60136
4221 59794
4222 59671
4223 59632
4224 59386
4225 59641
4226 59539
4227 60164
4228 59732
4229 59469
4230 59803
4231 59725
4232 59707
4233 59149
4234 59728
4235 59777
4236 59757
4237 59526
4238 59881
4239 60155
4240 59596
4241 59585
4242 59857
4243 59728
4244 59885
4245 59365
4246 59987
4247 59605
4248 59843
4249 59933
4250 59681
4251 59627
4252 59722
4253 59623
4254 59364
4255 59421
4256 59726
4257 59869
4258 59559
4259 59635
4260 60076
4261 59610
4262 59251
4263 59472
4264 59624
4265 59701
4266 59939
4267 59578
4268 59887
4269 59760
4270 59530
4271 59995
4272 59136
4273 59600
4274 59598
4275 59812
4276 59667
4277 59887
4278 59428
4279 59406
4280 59533
4281 59439
4282 59533
4283 59931
4284 59528
4285 59766
4286 59576
4287 59718
4288 59378
4289 59967
4290 59838
4291 59774
4292 59623
4293 59424
4294 59791
4295 59074
4296 59597
4297 59925
4298 59767
4299 59621
4300 59841
4301 59983
4302 59562
4303 59351
4304 59615
4305 59340
4306 59734
4307 59538
4308 59166
4309 59718
4310 59617
4311 60004
4312 59837
4313 59380
4314 59362
4315 59860
4316 60037
4317 59516
4318 59389
4319 59501
4320 59626
4321 60035
4322 59719
4323 59745
4324 59529
4325 59781
4326 59724
4327 59441
4328 59650
4329 59937
4330 59778
4331 59668
4332 59507
4333 59553
4334 59641
4335 59804
4336 59619
4337 59502
4338 59659
4339 59320
4340 59925
4341 59732
4342 59647
4343 59244
4344 59614
4345 59621
4346 59891
4347 59300
4348 59706
4349 59603
4350 60150
4351 59703
4352 59818
4353 59651
4354 59739
4355 59375
4356 59489
4357 59809
4358 59820
4359 60020
4360 59563
4361 59814
4362 59817
4363 59380
4364 59557
4365 59476
4366 59913
4367 59759
4368 59651
4369 59339
4370 59618
4371 59727
4372 59838
4373 59640
4374 59456
4375 59706
4376 59805
4377 59672
4378 60047
4379 59812
4380 59738
4381 59781
4382 59904
4383 59539
4384 59584
4385 59542
4386 59700
4387 59852
4388 59831
4389 59618
4390 59658
4391 59705
4392 59644
4393 59518
4394 59587
4395 59782
4396 60005
4397 59531
4398 59186
4399 59944
4400 59687
4401 59996
4402 59709
4403 59762
4404 59846
4405 59558
4406 59841
4407 59768
4408 59554
4409 59244
4410 59599
4411 59586
4412 59579
4413 59668
4414 59482
4415 59981
4416 59686
4417 59545
4418 59779
4419 59305
4420 59490
4421 59521
4422 59785
4423 59878
4424 60168
4425 59628
4426 60288
4427 59954
4428 59755
4429 59666
4430 59878
4431 59465
4432 59661
4433 59833
4434 59922
4435 59649
4436 60117
4437 59888
4438 59997
4439 60033
4440 59657
4441 59827
4442 59668
4443 59941
4444 59582
4445 59721
4446 59792
4447 60130
4448 59641
4449 59604
4450 59431
4451 59889
4452 59625
4453 59813
4454 59719
4455 60067
4456 60105
4457 60116
4458 59707
4459 59590
4460 59451
4461 59991
4462 60118
4463 59755
4464 59598
4465 59744
4466 60019
4467 59708
4468 60007
4469 59981
4470 59885
4471 59784
4472 59842
4473 60021
4474 59615
4475 59948
4476 59363
4477 59679
4478 59799
4479 59645
4480 59799
4481 59230
4482 59732
4483 59407
4484 59324
4485 59573
4486 59808
4487 60046
4488 59738
4489 59775
4490 59885
4491 59870
4492 59550
4493 59534
4494 60179
4495 60013
4496 59968
4497 59887
4498 59868
4499 59584
4500 59577
4501 59782
4502 59792
4503 60075
4504 59532
4505 59913
4506 60527
4507 60148
4508 60034
4509 59915
4510 60343
4511 60316
4512 60056
4513 59718
4514 59632
4515 60216
4516 59935
4517 60098
4518 59785
4519 60183
4520 59908
4521 60391
4522 60103
4523 59938
4524 60376
4525 60147
4526 60559
4527 60053
4528 60443
4529 60048
4530 59806
4531 59853
4532 59888
4533 60150
4534 60299
4535 60497
4536 60448
4537 60322
4538 60428
4539 59913
4540 60567
4541 60217
4542 60496
4543 60476
4544 59988
4545 60588
4546 60295
4547 60726
4548 60848
4549 60561
4550 60647
4551 60888
4552 60896
4553 60892
4554 60549
4555 60651
4556 60448
4557 60448
4558 60924
4559 60996
4560 61113
4561 60783
4562 61274
4563 61404
4564 61593
4565 61635
4566 61689
4567 61675
4568 61669
4569 61689
4570 61887
4571 62054
4572 62014
4573 61862
4574 62449
4575 62516
4576 62949
4577 63049
4578 63088
4579 63458
4580 63839
4581 63994
4582 64375
4583 64407
4584 64528
4585 65102
4586 65318
4587 65848
4588 65545
4589 66004
4590 66600
4591 66585
4592 66939
4593 67374
4594 67375
4595 67329
4596 67463
4597 67598
4598 67742
4599 67729
4600 67704
4601 67716
4602 67149
4603 67086
4604 66931
4605 67214
4606 67269
4607 66904
4608 66892
4609 65953
4610 66124
4611 65838
4612 65575
4613 65063
4614 64967
4615 64653
4616 64726
4617 64383
4618 64029
4619 64229
4620 63710
4621 63199
4622 63095
4623 63275
4624 62886
4625 62548
4626 62577
4627 62302
4628 62282
4629 62160
4630 62000
4631 61778
4632 61627
4633 61569
4634 61352
4635 61396
4636 61494
4637 61034
4638 61354
4639 61083
4640 61135
4641 60859
4642 60915
4643 60610
4644 60949
4645 61019
4646 60755
4647 60340
4648 60748
4649 60843
4650 60408
4651 60634
4652 60343
4653 60265
4654 60231
4655 60451
4656 60258
4657 60250
4658 60095
4659 60156
4660 60057
4661 60152
4662 59968
4663 59634
4664 60215
4665 59674
4666 59702
4667 59772
4668 59765
4669 59473
4670 59521
4671 59917
4672 59477
4673 59621
4674 59291
4675 59520
4676 59786
4677 59520
4678 59548
4679 59365
4680 59562
4681 59607
4682 59641
4683 59153
4684 59362
4685 59456
4686 59352
4687 59187
4688 59328
4689 59299
4690 59207
4691 59389
4692 59177
4693 59114
4694 59218
4695 58751
4696 59250
4697 59582
4698 59196
4699 59670
4700 59175
4701 59836
4702 59079
4703 59394
4704 59090
4705 59432
4706 59291
4707 59097
4708 59527
4709 59080
4710 59410
4711 59330
4712 59196
4713 59201
4714 58824
4715 59108
4716 59188
4717 58857
4718 59135
4719 58755
4720 59147
4721 58742
4722 59167
4723 59079
4724 59499
4725 59227
4726 59283
4727 59092
4728 58645
4729 59213
4730 59220
4731 59026
4732 59339
4733 59109
4734 59311
4735 59026
4736 59403
4737 58799
4738 58937
4739 58843
4740 58790
4741 58686
4742 58796
4743 58948
4744 59113
4745 58994
4746 58864
4747 58850
4748 58655
4749 59040
4750 58656
4751 58949
4752 58774
4753 58662
4754 58762
4755 59339
4756 58956
4757 59152
4758 59032
4759 58920
4760 59051
4761 59283
4762 58951
4763 58587
4764 59101
4765 58614
4766 59166
4767 58998
4768 58700
4769 59004
4770 59233
4771 59228
4772 59203
4773 58732
4774 58626
4775 59114
4776 59190
4777 58756
4778 59015
4779 59123
4780 58969
4781 58961
4782 58726
4783 58695
4784 59392
4785 58880
4786 58936
4787 59155
4788 59149
4789 58767
4790 58851
4791 58942
4792 58973
4793 58939
4794 58642
4795 58410
4796 58823
4797 58738
4798 58667
4799 58982
4800 58724
4801 59245
4802 59078
4803 58741
4804 58986
4805 58706
4806 58896
4807 58755
4808 58753
4809 58559
4810 58334
4811 58943
4812 58629
4813 58682
4814 58729
4815 59004
4816 59015
4817 58899
4818 58907
4819 58933
4820 59270
4821 58820
4822 58603
4823 58989
4824 59042
4825 59084
4826 58543
4827 58531
4828 58825
4829 58837
4830 58813
4831 58729
4832 58413
4833 58585
4834 58607
4835 58745
4836 58657
4837 58901
4838 58655
4839 59148
4840 58727
4841 58755
4842 58533
4843 58803
4844 58939
4845 58687
4846 59121
4847 58893
4848 59329
4849 59166
4850 59235
4851 59143
4852 59027
4853 58931
4854 59113
4855 59171
4856 59117
4857 59198
4858 58701
4859 59016
4860 58878
4861 59158
4862 59260
4863 58905
4864 59063
4865 58885
4866 58993
4867 59164
4868 59011
4869 59073
4870 59480
4871 59476
4872 58862
4873 59273
4874 59229
4875 58662
4876 59029
4877 59299
4878 58707
4879 58948
4880 58926
4881 58764
4882 58943
4883 59511
4884 59032
4885 58699
4886 58922
4887 58961
4888 59138
4889 59458
4890 58834
4891 58956
4892 59032
4893 58952
4894 59183
4895 59109
4896 58830
4897 59157
4898 59088
4899 59216
4900 58385
4901 59161
4902 59000
4903 59026
4904 58997
4905 59102
4906 59168
4907 59155
4908 58907
4909 59365
4910 59041
4911 59125
4912 59047
4913 59508
4914 59212
4915 59049
4916 59009
4917 59715
4918 59561
4919 59531
4920 59471
4921 59632
4922 59109
4923 59556
4924 59078
4925 59166
4926 59309
4927 59374
4928 59075
4929 59156
4930 59215
4931 59768
4932 59501
4933 59278
4934 59373
4935 59509
4936 59237
4937 59242
4938 59329
4939 59232
4940 58752
4941 59521
4942 59367
4943 59290
4944 59129
4945 59226
4946 59080
4947 59251
4948 59115
4949 59273
4950 59611
4951 58848
4952 59219
4953 59237
4954 59335
4955 59429
4956 59329
4957 59559
4958 59642
4959 59079
4960 59706
4961 59633
4962 59309
4963 59743
4964 59702
4965 59439
4966 59766
4967 59613
4968 59313
4969 59824
4970 59762
4971 59552
4972 59751
4973 59987
4974 60128
4975 60024
4976 60029
4977 60431
4978 59748
4979 60600
4980 60692
4981 60512
4982 60529
4983 60982
4984 60787
4985 60833
4986 61045
4987 61296
4988 61695
4989 61353
4990 61809
4991 61898
4992 61885
4993 61780
4994 62319
4995 62256
4996 62530
4997 62700
4998 63047
4999 63216
5000 63333
5001 63428
5002 64057
5003 63876
5004 64433
5005 64407
5006 64809
5007 64901
5008 65449
5009 65668
5010 65589
5011 65928
5012 66183
5013 66741
5014 66617
5015 66785
5016 66323
5017 66375
5018 67086
5019 66845
5020 66904
5021 67001
5022 66870
5023 66809
5024 66616
5025 66142
5026 65753
5027 65633
5028 65338
5029 65401
5030 65159
5031 64547
5032 64459
5033 63817
5034 63831
5035 63571
5036 63676
5037 62897
5038 62763
5039 62693
5040 62198
5041 62128
5042 62115
5043 61457
5044 61187
5045 60815
5046 61006
5047 61096
5048 60752
5049 60716
5050 60247
5051 60846
5052 60562
5053 60231
5054 60326
5055 60140
5056 60092
5057 59900
5058 59695
5059 59623
5060 59961
5061 59758
5062 59762
5063 59729
5064 59234
5065 59334
5066 59202
5067 59337
5068 59597
5069 59554
5070 59060
5071 58720
5072 59352
5073 59064
5074 59286
5075 59049
5076 59004
5077 59382
5078 59133
5079 58807
5080 59230
5081 58908
5082 59032
5083 58492
5084 59284
5085 59042
5086 59027
5087 59248
5088 59281
5089 59294
5090 59208
5091 58670
5092 59025
5093 58828
5094 58949
5095 58752
5096 58843
5097 59140
5098 58592
5099 58740
5100 58777
5101 59018
5102 58718
5103 58669
5104 58584
5105 58897
5106 58772
5107 58938
5108 58625
5109 58494
5110 58464
5111 58675
5112 58409
5113 58434
5114 58958
5115 58710
5116 58338
5117 58420
5118 58520
5119 58220
5120 58234
5121 58215
5122 59271
5123 58516
5124 58614
5125 58663
5126 58374
5127 58551
5128 58498
5129 58608
5130 58336
5131 58342
5132 58441
5133 58589
5134 58884
5135 58404
5136 58613
5137 58288
5138 58476
5139 58515
5140 58462
5141 58770
5142 58274
5143 58470
5144 58489
5145 58336
5146 58562
5147 58490
5148 58458
5149 58561
5150 58583
5151 58518
5152 58803
5153 58369
5154 58264
5155 58302
5156 58339
5157 58635
5158 58586
5159 58192
5160 58398
5161 58253
5162 58768
5163 58168
5164 58551
5165 58993
5166 58647
5167 58686
5168 58232
5169 58338
5170 58630
5171 58220
5172 58589
5173 58328
5174 58222
5175 58422
5176 58538
5177 58303
5178 58303
5179 58484
5180 58472
5181 58529
5182 58466
5183 58097
5184 58478
5185 58742
5186 59068
5187 58492
5188 58310
5189 58418
5190 58633
5191 58242
5192 58346
5193 58625
5194 58686
5195 58261
5196 58433
5197 58130
5198 58317
5199 58478
5200 57935
5201 58176
5202 58335
5203 58364
5204 58113
5205 58323
5206 58182
5207 58451
5208 58265
5209 58364
5210 58091
5211 57955
5212 58277
5213 58442
5214 58549
5215 58210
5216 58069
5217 58035
5218 58344
5219 58381
5220 58449
5221 58072
5222 58233
5223 58057
5224 57893
5225 58731
5226 58071
5227 58196
5228 58113
5229 58269
5230 58128
5231 58097
5232 57921
5233 57814
5234 58192
5235 57981
5236 57832
5237 58120
5238 57865
5239 58358
5240 58161
5241 58013
5242 58296
5243 58419
5244 58209
5245 58356
5246 58025
5247 58209
5248 58211
5249 58103
5250 58231
5251 58458
5252 58087
5253 58318
5254 57921
5255 58260
5256 58025
5257 57916
5258 57930
5259 58367
5260 57942
5261 58428
5262 57790
5263 58332
5264 58182
5265 58260
5266 58303
5267 58204
5268 58074
5269 58035
5270 58105
5271 57911
5272 58232
5273 57944
5274 58078
5275 58022
5276 58034
5277 57890
5278 57965
5279 58290
5280 58081
5281 57778
5282 58067
5283 57653
5284 58013
5285 57862
5286 57693
5287 58101
5288 57707
5289 58235
5290 58094
5291 58445
5292 57957
5293 57905
5294 57869
5295 58278
5296 58570
5297 58374
5298 58073
5299 58154
5300 58149
5301 58308
5302 58070
5303 58117
5304 58175
5305 57970
5306 57860
5307 58383
5308 58077
5309 58431
5310 57761
5311 57915
5312 58100
5313 57775
5314 58070
5315 58008
5316 58288
5317 58156
5318 58031
5319 58143
5320 57826
5321 58138
5322 57471
5323 57743
5324 57755
5325 58168
5326 58272
5327 57744
5328 58040
5329 58386
5330 58089
5331 57844
5332 58250
5333 57767
5334 57976
5335 58184
5336 57905
5337 58126
5338 58023
5339 57929
5340 57771
5341 57750
5342 58303
5343 57947
5344 57733
5345 57859
5346 57999
5347 58095
5348 57664
5349 58352
5350 58420
5351 57794
5352 57794
5353 58310
5354 57946
5355 58102
5356 58090
5357 58478
5358 58025
5359 58332
5360 57869
5361 58162
5362 58235
5363 57941
5364 58471
5365 57792
5366 57747
5367 58069
5368 57970
5369 58298
5370 57876
5371 58107
5372 57929
5373 57856
5374 57820
5375 57675
5376 57785
5377 57880
5378 58124
5379 58100
5380 57917
5381 58141
5382 58039
5383 58358
5384 57829
5385 58186
5386 57803
5387 57755
5388 57905
5389 57721
5390 58012
5391 57658
5392 57801
5393 58031
5394 58013
5395 58213
5396 57839
5397 58255
5398 57739
5399 57821
5400 57930
5401 58066
5402 57652
5403 58046
5404 58195
5405 58024
5406 58008
5407 57869
5408 58001
5409 57776
5410 57956
5411 57876
5412 57848
5413 57946
5414 57938
5415 57867
5416 58208
5417 58194
5418 58217
5419 58061
5420 57913
5421 58664
5422 58123
5423 58175
5424 58183
5425 57734
5426 57888
5427 58330
5428 58075
5429 58164
5430 58516
5431 58399
5432 58157
5433 58304
5434 58040
5435 57877
5436 57997
5437 58220
5438 58013
5439 58271
5440 58009
5441 58153
5442 57741
5443 58247
5444 58022
5445 58345
5446 58453
5447 57873
5448 58272
5449 58123
5450 58333
5451 58100
5452 57981
5453 57994
5454 58349
5455 58499
5456 58171
5457 58069
5458 57918
5459 58315
5460 58411
5461 58023
5462 58005
5463 57917
5464 58486
5465 57957
5466 58123
5467 58299
5468 58490
5469 58140
5470 58243
5471 58558
5472 58571
5473 58247
5474 57890
5475 57822
5476 58225
5477 58464
5478 58450
5479 58533
5480 57733
5481 58128
5482 58247
5483 58799
5484 57911
5485 57951
5486 58442
5487 57866
5488 58176
5489 58268
5490 58171
5491 58177
5492 58156
5493 57706
5494 58496
5495 58233
5496 58229
5497 58224
5498 58583
5499 58155
5500 58556
5501 58780
5502 58270
5503 58453
5504 58178
5505 58186
5506 58316
5507 58436
5508 58332
5509 58741
5510 58287
5511 58341
5512 58128
5513 57895
5514 58187
5515 58804
5516 58824
5517 58519
5518 58552
5519 58571
5520 58726
5521 59003
5522 58588
5523 58426
5524 58602
5525 58756
5526 58734
5527 58617
5528 58284
5529 58050
5530 58518
5531 58446
5532 58719
5533 58578
5534 58805
5535 58443
5536 58693
5537 58480
5538 58733
5539 58647
5540 59035
5541 59180
5542 58678
5543 58810
5544 58542
5545 58917
5546 59063
5547 59027
5548 59323
5549 58500
5550 59142
5551 58730
5552 59089
5553 58761
5554 59592
5555 59475
5556 58953
5557 59278
5558 59218
5559 59261
5560 59705
5561 59326
5562 59653
5563 59946
5564 59536
5565 59782
5566 59542
5567 60206
5568 60307
5569 60201
5570 60256
5571 60714
5572 60719
5573 60626
5574 61172
5575 61079
5576 61684
5577 61333
5578 61520
5579 62032
5580 61727
5581 62651
5582 62647
5583 62825
5584 63038
5585 63673
5586 63566
5587 63565
5588 64270
5589 64664
5590 64769
5591 64347
5592 65244
5593 65450
5594 65673
5595 65741
5596 65946
5597 65805
5598 66133
5599 66191
5600 66126
5601 66048
5602 66666
5603 66345
5604 66247
5605 66013
5606 66408
5607 65207
5608 65286
5609 65487
5610 64604
5611 65115
5612 64447
5613 63763
5614 64059
5615 63783
5616 63733
5617 63333
5618 63021
5619 63072
5620 62174
5621 62784
5622 62228
5623 61999
5624 61676
5625 61394
5626 61368
5627 61356
5628 60886
5629 61388
5630 60489
5631 60424
5632 60419
5633 60772
5634 60281
5635 60368
5636 60243
5637 60162
5638 59998
5639 59945
5640 59550
5641 59817
5642 59747
5643 59810
5644 59549
5645 59683
5646 59518
5647 59710
5648 59337
5649 59404
5650 59284
5651 59279
5652 59088
5653 59033
5654 59313
5655 58912
5656 58696
5657 59013
5658 58893
5659 59109
5660 59015
5661 58757
5662 58702
5663 58694
5664 58778
5665 58805
5666 59070
5667 58273
5668 58479
5669 58626
5670 58879
5671 58248
5672 58217
5673 58306
5674 58519
5675 58682
5676 58763
5677 58438
5678 58877
5679 58513
5680 58196
5681 58358
5682 58832
5683 58573
5684 58603
5685 58183
5686 58393
5687 58260
5688 58212
5689 58651
5690 58503
5691 58475
5692 58427
5693 58371
5694 58531
5695 58683
5696 58373
5697 58089
5698 58185
5699 58521
5700 58261
5701 58452
5702 58092
5703 58430
5704 58268
5705 58351
5706 58283
5707 58240
5708 58299
5709 58307
5710 58145
5711 58391
5712 58085
5713 58543
5714 58137
5715 57867
5716 58142
5717 58222
5718 58306
5719 58285
5720 58314
5721 58598
5722 58300
5723 58444
5724 58609
5725 58028
5726 58110
5727 58583
5728 58183
5729 57954
5730 57796
5731 58237
5732 58060
5733 58088
5734 58222
5735 57912
5736 58191
5737 58231
5738 58011
5739 58375
5740 58077
5741 58156
5742 58393
5743 58181
5744 58317
5745 57997
5746 58166
5747 58076
5748 58229
5749 58317
5750 58093
5751 58226
5752 58229
5753 58196
5754 58310
5755 58085
5756 57870
5757 58217
5758 58381
5759 58294
5760 58092
5761 57985
5762 57938
5763 58007
5764 57888
5765 58286
5766 58288
5767 58254
5768 57974
5769 57961
5770 58246
5771 58335
5772 57745
5773 58094
5774 58138
5775 58256
5776 58274
5777 58023
5778 58387
5779 58373
5780 57995
5781 58093
5782 57948
5783 58076
5784 57695
5785 57896
5786 57994
5787 58111
5788 58083
5789 57758
5790 58321
5791 58116
5792 58211
5793 58212
5794 57955
5795 58017
5796 58009
5797 57892
5798 58099
5799 57437
5800 57957
5801 58251
5802 57965
5803 58118
5804 57969
5805 58639
5806 58265
5807 58076
5808 58317
5809 58413
5810 57942
5811 57943
5812 58199
5813 58079
5814 58074
5815 58023
5816 58222
5817 57781
5818 58008
5819 58123
5820 57891
5821 57577
5822 58058
5823 57951
5824 57864
5825 57794
5826 58021
5827 58056
5828 57588
5829 57846
5830 57908
5831 57920
5832 57580
5833 57929
5834 58150
5835 58025
5836 57861
5837 57889
5838 57895
5839 58061
5840 58088
5841 57868
5842 58435
5843 58450
5844 58048
5845 58283
5846 58166
5847 57982
5848 58057
5849 57972
5850 58264
5851 57680
5852 58278
5853 57832
5854 57790
5855 58172
5856 58069
5857 57974
5858 57978
5859 58425
5860 58048
5861 58005
5862 57996
5863 57938
5864 58545
5865 57980
5866 58155
5867 58056
5868 58416
5869 58184
5870 58454
5871 58171
5872 58223
5873 58235
5874 57801
5875 57882
5876 58541
5877 58147
5878 58286
5879 58435
5880 58198
5881 58458
5882 58158
5883 58130
5884 58155
5885 58268
5886 58200
5887 58429
5888 58476
5889 58174
5890 58167
5891 58436
5892 58305
5893 58054
5894 58331
5895 58219
5896 58114
5897 58061
5898 58024
5899 58974
5900 58504
5901 58514
5902 58158
5903 58482
5904 58541
5905 58339
5906 58134
5907 58265
5908 58348
5909 58525
5910 58263
5911 58355
5912 58151
5913 58572
5914 58007
5915 58424
5916 58210
5917 58205
5918 58246
5919 58520
5920 58606
5921 58377
5922 58421
5923 58308
5924 58636
5925 58721
5926 58174
5927 58551
5928 58553
5929 58409
5930 58552
5931 58769
5932 58314
5933 58829
5934 58400
5935 58339
5936 58561
5937 58510
5938 58496
5939 58479
5940 58747
5941 58843
5942 58688
5943 58890
5944 58663
5945 58533
5946 58754
5947 58372
5948 58735
5949 58701
5950 58692
5951 58478
5952 58705
5953 58789
5954 58947
5955 58596
5956 59214
5957 58672
5958 58847
5959 58927
5960 58844
5961 58725
5962 59099
5963 59463
5964 58844
5965 58752
5966 59116
5967 59057
5968 59023
5969 59448
5970 59486
5971 59014
5972 59507
5973 59267
5974 59604
5975 58855
5976 59519
5977 59753
5978 59402
5979 59656
5980 59633
5981 60032
5982 60205
5983 60224
5984 60169
5985 59889
5986 60486
5987 60284
5988 60829
5989 60364
5990 61073
5991 60998
5992 61309
5993 61348
5994 61387
5995 61744
5996 61962
5997 61634
5998 62340
5999 62286
6000 62134
6001 62722
6002 63045
6003 63497
6004 62989
6005 64164
6006 64019
6007 63943
6008 64405
6009 64552
6010 64546
6011 64863
6012 65125
6013 65433
6014 65688
