H11890
GateTime 10
GateNumber 0
SN 30430302
0 265884
1 265423
2 265896
3 265964
4 265504
5 265565
6 265670
7 265673
8 265478
9 265902
10 265732
11 265569
12 265733
13 265738
14 265924
15 265886
16 265847
17 265557
18 265603
19 266128
20 266004
21 265891
22 265564
23 265630
24 265912
25 266133
26 266008
27 265676
28 265679
29 265778
30 265650
31 266044
32 266011
33 266686
34 267141
35 266222
36 266486
37 266939
38 266490
39 266364
40 266438
41 266962
42 266675
43 267237
44 266441
45 266764
46 266857
47 266938
48 266818
49 266964
50 266667
51 266748
52 266286
53 265967
54 266092
55 266651
56 265803
57 266030
58 265980
59 265336
60 265914
61 265192
62 265560
63 265549
64 265979
65 265271
66 264911
67 265043
68 265088
69 265357
70 265234
71 265181
72 265361
73 265127
74 265137
75 265777
76 265602
77 265193
78 265551
79 265296
80 265538
81 265203
82 265518
83 265481
84 265552
85 265637
86 265776
87 265527
88 265341
89 265756
90 265924
91 265733
92 265909
93 266339
94 265943
95 266518
96 266354
97 266043
98 266103
99 265682
100 265861
101 266336
102 266664
103 266280
104 266744
105 266632
106 266596
107 266379
108 266401
109 266310
110 266714
111 266628
112 266751
113 266372
114 266847
115 266792
116 266974
117 267085
118 266999
119 266884
120 267021
121 267205
122 267305
123 267577
124 267374
125 267568
126 267614
127 267949
128 267376
129 267665
130 268040
131 268339
132 268286
133 268488
134 268535
135 268558
136 268969
137 269272
138 269541
139 269140
140 269283
141 269943
142 269937
143 270016
144 269805
145 270391
146 270235
147 270215
148 270805
149 270794
150 270263
151 270576
152 270592
153 270625
154 270679
155 271051
156 270375
157 270359
158 270255
159 269831
160 269834
161 269995
162 269751
163 269573
164 269515
165 269414
166 269461
167 269184
168 268625
169 268913
170 268657
171 268276
172 268579
173 268425
174 267794
175 268096
176 267952
177 267833
178 267150
179 267910
180 267411
181 267021
182 267425
183 266641
184 266700
185 266822
186 266506
187 266605
188 266289
189 266250
190 266099
191 266184
192 265985
193 266127
194 266742
195 265652
196 266179
197 265483
198 265388
199 265804
200 265723
201 266014
202 265624
203 265671
204 265965
205 265129
206 265542
207 265308
208 265990
209 265388
210 265705
211 265305
212 265352
213 265528
214 265673
215 264982
216 265181
217 265254
218 265526
219 265031
220 265493
221 265535
222 265592
223 265228
224 265330
225 265585
226 265021
227 265633
228 264848
229 265497
230 265418
231 265131
232 265266
233 265096
234 265265
235 265026
236 265295
237 265003
238 264705
239 265553
240 265292
241 264873
242 265398
243 265376
244 264897
245 265205
246 265226
247 264986
248 265301
249 264966
250 265651
251 265256
252 264163
253 265316
254 264565
255 265036
256 264994
257 265347
258 264587
259 264824
260 265099
261 264947
262 265071
263 265013
264 264385
265 264615
266 264598
267 264400
268 264824
269 264611
270 264864
271 264478
272 264680
273 264779
274 264375
275 264724
276 264606
277 264495
278 264784
279 264357
280 264513
281 264965
282 264639
283 264510
284 264421
285 265052
286 264767
287 264614
288 264690
289 264347
290 264005
291 264264
292 264063
293 264209
294 263777
295 264546
296 264632
297 263994
298 264020
299 264069
300 264285
301 263885
302 264245
303 264641
304 264523
305 264637
306 264492
307 264792
308 264230
309 264504
310 264507
311 264235
312 264594
313 264421
314 264819
315 264664
316 264650
317 264198
318 264703
319 264430
320 264180
321 264658
322 264600
323 264176
324 264138
325 264913
326 264283
327 264424
328 263785
329 264146
330 264603
331 264609
332 264005
333 264225
334 264256
335 263696
336 264353
337 264013
338 263746
339 264667
340 263979
341 264300
342 263900
343 264068
344 264157
345 263868
346 263834
347 264443
348 263862
349 263848
350 263866
351 264275
352 263446
353 264015
354 263933
355 263953
356 263966
357 264095
358 263789
359 264483
360 264175
361 263659
362 264456
363 263676
364 264352
365 263764
366 263704
367 263319
368 264353
369 263683
370 263672
371 263916
372 263611
373 263853
374 263672
375 264034
376 263807
377 263579
378 263608
379 263785
380 264056
381 263995
382 264118
383 263825
384 264080
385 264020
386 263765
387 264101
388 263927
389 263675
390 263930
391 264149
392 263916
393 264157
394 263948
395 263817
396 263982
397 264316
398 263925
399 263698
400 263520
401 264328
402 264249
403 264004
404 263840
405 263920
406 264217
407 264422
408 264158
409 263931
410 264755
411 263932
412 264584
413 263899
414 264457
415 264517
416 264572
417 263797
418 263876
419 264070
420 264097
421 264325
422 264398
423 264166
424 264296
425 264501
426 264499
427 264103
428 264045
429 264020
430 264036
431 264120
432 264499
433 264396
434 264349
435 264669
436 264511
437 264424
438 264817
439 264581
440 264363
441 264570
442 264445
443 264333
444 264565
445 264159
446 264433
447 264920
448 264577
449 264998
450 264355
451 264758
452 264515
453 264578
454 264681
455 264699
456 264605
457 265120
458 264906
459 264443
460 264667
461 264519
462 264408
463 265002
464 264655
465 264688
466 263974
467 264943
468 264706
469 264911
470 265053
471 264620
472 265111
473 265064
474 265732
475 264562
476 265044
477 264703
478 265006
479 264994
480 264927
481 264943
482 264790
483 264451
484 265390
485 264708
486 264584
487 265103
488 265161
489 264978
490 264969
491 265292
492 264926
493 264992
494 265083
495 265063
496 265004
497 265211
498 265088
499 265008
500 265486
501 265098
502 265561
503 265185
504 265571
505 265157
506 265252
507 265252
508 265486
509 265367
510 265305
511 265660
512 265291
513 265358
514 265538
515 265729
516 265722
517 265913
518 265463
519 265564
520 265935
521 265940
522 266218
523 265961
524 265747
525 266305
526 266187
527 266184
528 265741
529 265759
530 266310
531 266030
532 266296
533 265798
534 266089
535 266325
536 266074
537 266297
538 266640
539 267232
540 266996
541 266365
542 266665
543 266908
544 267248
545 266765
546 266781
547 266970
548 266789
549 267290
550 267612
551 267391
552 267336
553 267642
554 267657
555 267919
556 267894
557 268028
558 267898
559 267551
560 268182
561 267981
562 268625
563 268461
564 269023
565 268966
566 269136
567 269224
568 269643
569 269898
570 269615
571 269736
572 270007
573 270106
574 270309
575 270594
576 270765
577 270086
578 270713
579 270468
580 270999
581 270628
582 270493
583 270754
584 270711
585 270324
586 270504
587 270518
588 269727
589 269543
590 269922
591 269379
592 269296
593 268676
594 268816
595 268754
596 269091
597 268423
598 268779
599 267718
600 267519
601 267924
602 267552
603 267113
604 267359
605 267127
606 267102
607 267161
608 266231
609 266607
610 266420
611 266628
612 266461
613 266559
614 266569
615 266388
616 266319
617 266450
618 265687
619 266346
620 266084
621 266440
622 266415
623 266228
624 266087
625 266397
626 265835
627 266010
628 266069
629 266562
630 265866
631 266124
632 266413
633 266040
634 266479
635 266499
636 266353
637 266058
638 266044
639 266644
640 265946
641 266078
642 265961
643 265857
644 266283
645 266088
646 265797
647 265583
648 266097
649 266005
650 265830
651 265202
652 265943
653 265794
654 265935
655 265232
656 265919
657 265305
658 265336
659 265453
660 265905
661 265561
662 265808
663 265432
664 265582
665 265933
666 266079
667 266168
668 265367
669 265267
670 265258
671 265657
672 265381
673 265590
674 265540
675 265435
676 264956
677 265308
678 265232
679 265400
680 265516
681 265206
682 264938
683 265328
684 265470
685 265046
686 265233
687 265482
688 265586
689 265034
690 265302
691 265073
692 264985
693 265063
694 265248
695 265271
696 265305
697 265537
698 264635
699 265164
700 265267
701 265231
702 265107
703 265010
704 265299
705 265113
706 265356
707 265197
708 265644
709 265781
710 265266
711 265554
712 265155
713 264916
714 264997
715 264697
716 264905
717 265064
718 265176
719 265582
720 265238
721 265040
722 265378
723 265609
724 265373
725 265298
726 265216
727 265206
728 265197
729 265680
730 265162
731 265048
732 265277
733 264975
734 265384
735 264887
736 265106
737 265041
738 265119
739 265192
740 265462
741 265182
742 264994
743 265107
744 265248
745 265256
746 265060
747 265444
748 265334
749 265505
750 265484
751 265124
752 265452
753 265096
754 264986
755 265234
756 265040
757 265534
758 265447
759 265306
760 265331
761 265360
762 265203
763 265117
764 265419
765 265701
766 265238
767 265274
768 265121
769 265256
770 265721
771 265407
772 265022
773 265092
774 265597
775 265716
776 265141
777 265058
778 265243
779 264740
780 265340
781 265487
782 265359
783 265551
784 265291
785 265056
786 265016
787 265504
788 265282
789 265298
790 265831
791 265519
792 265319
793 265235
794 265491
795 265626
796 265560
797 265728
798 265430
799 265624
800 265487
801 265066
802 265817
803 265400
804 265367
805 265314
806 265224
807 265626
808 265853
809 265213
810 265676
811 265347
812 265441
813 265310
814 265585
815 265770
816 265743
817 265206
818 266369
819 265558
820 265385
821 265083
822 265970
823 265830
824 266328
825 265825
826 265416
827 265952
828 266138
829 265811
830 266129
831 266132
832 265635
833 266261
834 266440
835 266270
836 266313
837 266559
838 266125
839 266608
840 266394
841 266393
842 266508
843 266477
844 266441
845 266940
846 266279
847 266723
848 266439
849 266470
850 266015
851 266460
852 266355
853 266452
854 266751
855 266549
856 266677
857 266358
858 266476
859 266483
860 266408
861 265835
862 266555
863 266435
864 266463
865 266463
866 266523
867 266335
868 266666
869 266557
870 266154
871 266176
872 266055
873 265968
874 266109
875 266659
876 266115
877 266464
878 265828
879 266165
880 266093
881 266217
882 266202
883 265884
884 265710
885 265939
886 265940
887 266242
888 266143
889 265884
890 265538
891 266120
892 265848
893 265487
894 266035
895 266118
896 265883
897 265892
898 265660
899 265743
900 265167
901 266338
902 265552
903 266101
904 265633
905 265838
906 266081
907 265794
908 266057
909 265793
910 265606
911 265763
912 265723
913 265814
914 265460
915 265780
916 265340
917 266031
918 265650
919 265800
920 265982
921 265767
922 266039
923 266077
924 265504
925 265868
926 265967
927 265883
928 265861
929 265442
930 266142
931 265609
932 266069
933 265838
934 265773
935 265571
936 265577
937 265824
938 265816
939 265364
940 265388
941 265599
942 265649
943 265907
944 266146
945 266158
946 265968
947 265539
948 265539
949 265916
950 266181
951 265604
952 265473
953 265605
954 265427
955 265764
956 265886
957 265529
958 265751
959 265577
960 265350
961 265682
962 265740
963 266289
964 265801
965 265671
966 265463
967 266125
968 265637
969 265633
970 265702
971 265941
972 265928
973 265933
974 265922
975 265716
976 265669
977 265240
978 265610
979 265055
980 265864
981 265641
982 265585
983 265722
984 265949
985 266210
986 265799
987 265731
988 265070
989 265559
990 266181
991 265751
992 265814
993 265797
994 265628
995 266124
996 265704
997 265985
998 265821
999 266111
1000 266011
1001 266066
1002 265974
1003 265342
1004 265650
1005 265961
1006 266135
1007 265851
1008 265791
1009 266136
1010 266012
1011 266373
1012 265975
1013 266320
1014 266015
1015 265813
1016 265769
1017 265766
1018 265914
1019 266464
1020 265840
1021 265727
1022 266056
1023 265889
1024 266045
1025 265571
1026 265921
1027 266183
1028 265869
1029 265727
1030 266311
1031 266442
1032 265539
1033 265796
1034 265336
1035 265813
1036 265945
1037 265598
1038 265996
1039 265701
1040 265923
1041 266176
1042 265604
1043 265477
1044 266437
1045 265335
1046 265789
1047 265945
1048 266036
1049 266160
1050 265331
1051 266225
1052 266075
1053 265795
1054 265718
1055 266137
1056 265893
1057 266056
1058 266015
1059 265626
1060 266036
1061 265778
1062 265784
1063 265836
1064 265918
1065 266114
1066 265894
1067 266291
1068 266113
1069 266007
1070 266488
1071 265861
1072 266007
1073 266233
1074 266387
1075 266292
1076 266754
1077 266449
1078 266503
1079 266128
1080 266558
1081 266238
1082 266775
1083 266371
1084 266235
1085 266185
1086 266448
1087 266382
1088 266638
1089 266589
1090 266318
1091 266346
1092 266558
1093 266657
1094 266212
1095 266790
1096 266797
1097 266439
1098 266436
1099 266636
1100 266702
1101 266325
1102 266831
1103 266685
1104 266352
1105 267165
1106 266560
1107 266682
1108 267080
1109 267063
1110 267211
1111 267012
1112 266742
1113 266715
1114 267219
1115 267260
1116 267358
1117 267729
1118 268043
1119 267534
1120 267845
1121 268270
1122 267656
1123 267537
1124 267985
1125 267514
1126 267866
1127 267752
1128 268289
1129 268519
1130 268211
1131 268800
1132 268483
1133 269444
1134 268846
1135 268958
1136 269334
1137 268939
1138 269345
1139 269745
1140 269803
1141 269866
1142 270072
1143 269971
1144 269981
1145 270211
1146 270377
1147 270659
1148 270651
1149 270955
1150 271260
1151 270732
1152 270598
1153 270819
1154 270610
1155 270615
1156 270896
1157 271266
1158 270743
1159 271218
1160 270341
1161 270474
1162 270608
1163 270161
1164 269739
1165 269874
1166 269326
1167 269591
1168 270034
1169 269200
1170 269303
1171 269301
1172 269217
1173 269124
1174 268674
1175 268825
1176 268505
1177 268360
1178 268734
1179 268368
1180 268085
1181 268184
1182 268400
1183 268035
1184 268204
1185 267711
1186 267623
1187 267900
1188 267448
1189 267368
1190 267752
1191 267520
1192 267653
1193 267415
1194 267347
1195 267538
1196 267293
1197 267434
1198 267448
1199 267022
1200 267148
1201 267131
1202 267212
1203 266533
1204 266852
1205 267010
1206 267091
1207 267105
1208 266323
1209 266434
1210 267009
1211 266626
1212 266853
1213 266886
1214 266301
1215 266432
1216 266603
1217 266485
1218 266491
1219 266366
1220 266442
1221 266695
1222 266218
1223 266531
1224 266529
1225 266461
1226 266727
1227 266306
1228 266265
1229 266347
1230 266547
1231 266428
1232 265995
1233 266313
1234 265842
1235 266384
1236 266654
1237 266479
1238 266426
1239 266611
1240 266237
1241 266242
1242 266462
1243 266252
1244 266814
1245 266381
1246 266551
1247 266496
1248 266815
1249 266876
1250 266084
1251 265625
1252 266436
1253 266353
1254 266562
1255 265967
1256 266444
1257 266525
1258 265705
1259 266210
1260 266566
1261 266416
1262 266082
1263 266356
1264 265971
1265 266500
1266 266457
1267 266414
1268 266051
1269 267035
1270 266399
1271 266278
1272 265705
1273 266389
1274 266285
1275 266434
1276 266306
1277 266305
1278 266061
1279 266059
1280 266297
1281 266435
1282 266141
1283 265702
1284 266778
1285 266090
1286 265967
1287 266655
1288 265571
1289 265842
1290 266007
1291 266194
1292 266635
1293 266069
1294 265822
1295 266559
1296 265610
1297 265726
1298 266236
1299 265495
1300 266248
1301 266238
1302 265914
1303 266321
1304 265511
1305 266698
1306 265372
1307 265354
1308 266074
1309 266017
1310 265613
1311 266168
1312 265387
1313 265935
1314 265795
1315 265618
1316 265660
1317 265455
1318 265649
1319 266064
1320 266008
1321 265562
1322 265609
1323 265797
1324 265937
1325 265842
1326 266004
1327 265842
1328 265466
1329 266259
1330 265793
1331 265630
1332 265840
1333 265511
1334 265698
1335 266347
1336 265559
1337 265606
1338 265837
1339 265715
1340 265703
1341 265913
1342 265880
1343 265801
1344 265575
1345 265899
1346 265924
1347 265787
1348 265932
1349 266062
1350 266062
1351 266067
1352 266291
1353 265499
1354 265994
1355 265847
1356 266079
1357 265894
1358 266270
1359 266015
1360 265977
1361 265798
1362 265595
1363 266119
1364 265634
1365 266219
1366 266657
1367 265936
1368 265573
1369 265817
1370 266026
1371 265694
1372 265628
1373 265697
1374 265927
1375 265482
1376 266087
1377 266195
1378 266180
1379 265693
1380 266180
1381 265943
1382 265896
1383 266217
1384 266105
1385 265619
1386 265626
1387 266202
1388 265710
1389 265921
1390 266086
1391 266431
1392 266622
1393 266136
1394 266094
1395 266167
1396 265810
1397 266398
1398 265931
1399 266287
1400 265932
1401 265887
1402 266040
1403 266039
1404 265797
1405 265814
1406 266159
1407 265985
1408 266261
1409 266031
1410 265983
1411 266178
1412 265988
1413 266213
1414 266212
1415 266186
1416 265809
1417 266036
1418 265801
1419 266043
1420 266152
1421 266192
1422 266785
1423 265753
1424 266069
1425 266290
1426 266098
1427 266565
1428 265957
1429 266065
1430 265994
1431 266356
1432 266365
1433 265702
1434 266366
1435 266501
1436 266337
1437 266158
1438 266521
1439 265958
1440 266187
1441 266246
1442 266631
1443 266131
1444 266068
1445 266335
1446 265901
1447 265999
1448 266128
1449 266109
1450 266259
1451 266003
1452 266440
1453 265894
1454 266712
1455 266449
1456 266473
1457 266615
1458 266320
1459 266153
1460 266431
1461 265936
1462 266541
1463 266221
1464 266329
1465 266257
1466 266252
1467 265947
1468 266038
1469 266026
1470 266112
1471 266668
1472 266211
1473 266533
1474 266246
1475 266163
1476 266114
1477 266327
1478 266828
1479 265949
1480 266381
1481 266084
1482 266241
1483 266601
1484 266336
1485 266579
1486 266776
1487 266336
1488 266559
1489 266394
1490 266647
1491 266885
1492 266316
1493 266429
1494 266133
1495 266241
1496 266618
1497 266636
1498 266209
1499 266522
1500 266671
1501 266702
1502 266831
1503 266527
1504 266454
1505 267176
1506 266786
1507 266594
1508 266579
1509 266907
1510 266651
1511 266522
1512 266492
1513 266049
1514 266848
1515 266575
1516 266921
1517 266875
1518 266649
1519 267276
1520 266863
1521 266705
1522 266747
1523 266748
1524 266717
1525 267296
1526 266710
1527 266914
1528 267401
1529 266892
1530 266048
1531 266378
1532 266204
1533 267169
1534 267390
1535 267227
1536 267045
1537 267313
1538 267360
1539 267318
1540 267552
1541 267381
1542 267565
1543 267789
1544 267232
1545 267539
1546 267732
1547 267738
1548 268451
1549 268042
1550 268133
1551 268159
1552 268485
1553 268337
1554 268170
1555 268646
1556 268650
1557 268519
1558 268443
1559 269146
1560 269323
1561 269347
1562 269387
1563 269423
1564 269688
1565 269624
1566 269660
1567 269563
1568 269694
1569 270158
1570 269723
1571 270207
1572 270470
1573 270691
1574 269957
1575 271013
1576 270937
1577 271130
1578 271100
1579 270847
1580 270731
1581 270989
1582 270998
1583 270978
1584 271270
1585 270943
1586 270987
1587 271022
1588 271460
1589 270873
1590 270898
1591 270870
1592 270313
1593 269918
1594 270226
1595 269674
1596 269681
1597 269716
1598 269705
1599 269385
1600 268980
1601 269165
1602 269100
1603 268420
1604 268986
1605 268411
1606 268182
1607 268648
1608 268747
1609 268215
1610 268767
1611 267931
1612 268101
1613 268156
1614 268108
1615 267702
1616 267521
1617 268530
1618 267838
1619 267808
1620 267947
1621 267734
1622 268318
1623 267611
1624 268369
1625 268114
1626 267897
1627 267814
1628 268103
1629 268020
1630 267750
1631 268196
1632 267897
1633 268320
1634 267716
1635 267373
1636 268164
1637 267658
1638 267992
1639 267551
1640 267340
1641 267679
1642 267432
1643 267742
1644 266947
1645 268103
1646 268082
1647 267791
1648 268190
1649 267686
1650 267911
1651 267802
1652 267606
1653 267935
1654 267518
1655 267808
1656 268072
1657 267914
1658 267839
1659 267420
1660 267871
1661 267945
1662 267860
1663 267868
1664 267918
1665 268182
1666 268347
1667 268082
1668 268277
1669 267940
1670 268203
1671 268167
1672 268121
1673 268048
1674 267915
1675 268459
1676 267854
1677 267778
1678 267688
1679 267715
1680 267654
1681 267497
1682 267418
1683 267895
1684 267603
1685 267590
1686 267443
1687 267989
1688 268226
1689 267182
1690 267501
1691 267301
1692 267058
1693 267190
1694 267613
1695 267186
1696 267814
1697 267354
1698 267841
1699 267285
1700 267113
1701 267176
1702 267547
1703 267674
1704 267832
1705 267079
1706 267938
1707 267444
1708 267366
1709 267441
1710 267324
1711 267326
1712 267328
1713 267013
1714 267035
1715 267476
1716 267212
1717 267256
1718 267200
1719 267341
1720 267775
1721 267527
1722 267320
1723 267458
1724 267396
1725 267809
1726 267863
1727 267657
1728 267606
1729 267952
1730 267828
1731 267874
1732 267649
1733 267704
1734 267570
1735 267912
1736 267371
1737 267752
1738 267354
1739 267762
1740 267758
1741 267535
1742 267843
1743 267658
1744 267695
1745 267410
1746 267507
1747 267511
1748 267669
1749 267231
1750 267590
1751 267220
1752 267663
1753 267194
1754 267549
1755 267524
1756 267028
1757 267405
1758 267455
1759 267223
1760 267371
1761 267370
1762 267529
1763 267617
1764 267057
1765 267706
1766 267432
1767 267243
1768 267047
1769 267668
1770 267106
1771 267440
1772 266946
1773 267735
1774 266788
1775 267932
1776 267302
1777 267492
1778 267180
1779 267644
1780 267645
1781 267175
1782 266930
1783 267498
1784 267219
1785 267578
1786 267186
1787 267284
1788 267402
1789 267738
1790 267410
1791 267695
1792 267714
1793 267513
1794 267490
1795 267758
1796 267704
1797 267684
1798 267921
1799 267193
1800 267627
1801 267464
1802 267073
1803 267334
1804 267712
1805 267984
1806 267823
1807 267420
1808 267614
1809 267597
1810 267213
1811 267144
1812 267868
1813 267516
1814 267373
1815 267362
1816 267726
1817 267800
1818 268032
1819 267835
1820 267727
1821 268233
1822 268084
1823 267675
1824 267971
1825 267856
1826 268482
1827 267857
1828 267869
1829 268251
1830 267922
1831 267823
1832 267883
1833 268001
1834 267661
1835 268389
1836 267758
1837 267681
1838 268109
1839 268062
1840 268679
1841 268265
1842 268458
1843 268106
1844 267877
1845 267705
1846 268003
1847 267826
1848 268044
1849 268620
1850 267906
1851 268149
1852 268381
1853 268074
1854 268344
1855 268369
1856 268564
1857 268189
1858 267973
1859 267994
1860 267902
1861 268019
1862 267956
1863 268428
1864 268376
1865 267893
1866 268405
1867 268391
1868 267900
1869 268379
1870 268362
1871 268284
1872 268177
1873 268135
1874 268143
1875 268292
1876 268374
1877 268571
1878 267539
1879 267625
1880 267663
1881 268160
1882 268290
1883 267452
1884 268121
1885 268146
1886 267928
1887 268112
1888 267803
1889 268233
1890 267813
1891 267878
1892 268065
1893 268243
1894 267939
1895 268161
1896 267932
1897 268325
1898 268110
1899 267856
1900 267403
1901 268026
1902 268104
1903 267678
1904 267450
1905 267573
1906 267565
1907 267589
1908 267748
1909 267616
1910 267682
1911 267890
1912 267527
1913 267393
1914 267805
1915 267810
1916 267848
1917 268188
1918 267809
1919 267604
1920 267854
1921 267442
1922 267700
1923 267732
1924 267770
1925 268051
1926 267600
1927 268014
1928 267389
1929 267896
1930 267950
1931 268489
1932 267719
1933 267705
1934 267635
1935 267657
1936 268004
1937 267947
1938 267457
1939 267624
1940 268113
1941 267839
1942 267311
1943 267607
1944 267228
1945 267211
1946 267675
1947 267636
1948 267745
1949 267738
1950 267567
1951 267254
1952 267253
1953 267382
1954 267393
1955 267611
1956 267320
1957 267351
1958 267321
1959 267314
1960 267106
1961 267169
1962 267693
1963 267314
1964 266930
1965 267506
1966 267183
1967 267224
1968 267054
1969 267049
1970 267180
1971 266946
1972 266921
1973 267216
1974 267702
1975 267134
1976 268179
1977 267263
1978 267124
1979 267653
1980 267316
1981 267326
1982 267178
1983 267676
1984 267557
1985 267625
1986 267585
1987 267209
1988 267510
1989 267202
1990 267614
1991 267353
1992 267080
1993 267582
1994 267132
1995 267694
1996 267618
1997 267304
1998 267283
1999 267690
2000 267675
2001 266669
2002 266910
2003 267484
2004 267414
2005 266986
2006 267502
2007 266873
2008 267277
2009 266941
2010 266982
2011 267672
2012 266833
2013 267755
2014 267149
2015 266494
2016 267569
2017 267327
2018 266865
2019 267316
2020 267113
2021 267331
2022 267223
2023 267510
2024 267958
2025 267145
2026 267249
2027 267138
2028 267504
2029 266946
2030 267025
2031 267226
2032 267164
2033 267330
2034 267462
2035 267549
2036 267454
2037 267260
2038 267263
2039 267530
2040 267413
2041 267227
2042 267552
2043 267396
2044 267702
2045 267334
2046 267088
2047 267761
2048 267342
2049 267235
2050 267391
2051 267159
2052 267966
2053 267373
2054 267736
2055 267259
2056 267579
2057 267513
2058 267624
2059 267708
2060 267403
2061 267754
2062 267602
2063 267393
2064 267483
2065 267632
2066 267408
2067 267606
2068 267279
2069 267682
2070 267712
2071 267563
2072 267214
2073 268162
2074 267354
2075 267739
2076 267273
2077 267522
2078 267604
2079 267772
2080 266975
2081 267723
2082 267443
2083 267839
2084 267886
2085 267436
2086 267816
2087 267545
2088 267651
2089 267647
2090 268090
2091 267744
2092 267732
2093 267662
2094 268024
2095 268117
2096 267891
2097 267530
2098 267977
2099 267753
2100 267749
2101 267547
2102 268096
2103 268155
2104 267745
2105 267498
2106 268026
2107 268303
2108 268029
2109 268561
2110 268132
2111 267983
2112 268190
2113 268255
2114 268443
2115 268565
2116 268129
2117 268094
2118 268494
2119 268451
2120 268570
2121 268652
2122 268802
2123 268737
2124 268948
2125 269631
2126 268805
2127 268997
2128 269110
2129 269060
2130 269205
2131 269361
2132 269433
2133 269547
2134 269693
2135 269836
2136 270224
2137 270647
2138 270280
2139 270289
2140 269981
2141 270720
2142 270687
2143 270870
2144 270926
2145 270917
2146 270914
2147 271738
2148 271340
2149 271792
2150 271162
2151 271714
2152 271296
2153 271278
2154 271067
2155 271306
2156 271734
2157 271362
2158 272035
2159 271696
2160 271170
2161 271056
2162 270549
2163 270681
2164 270804
2165 270881
2166 269921
2167 270259
2168 269895
2169 270199
2170 269975
2171 269898
2172 270184
2173 269472
2174 269376
2175 269466
2176 269318
2177 268874
2178 268843
2179 269148
2180 268986
2181 268975
2182 268698
2183 268737
2184 268818
2185 268956
2186 269069
2187 268761
2188 269103
2189 268733
2190 268114
2191 268881
2192 268940
2193 268881
2194 268467
2195 268825
2196 268676
2197 268420
2198 268508
2199 268096
2200 269116
2201 268295
2202 268558
2203 268446
2204 268542
2205 267893
2206 268536
2207 268479
2208 268588
2209 268229
2210 268400
2211 268252
2212 268502
2213 267664
2214 268001
2215 267948
2216 268104
2217 267332
2218 267773
2219 267393
2220 267802
2221 267570
2222 267083
2223 267624
2224 267398
2225 267822
2226 267812
2227 267526
2228 267069
2229 267553
2230 267322
2231 267250
2232 267194
2233 267029
2234 267298
2235 267608
2236 267308
2237 266762
2238 267203
2239 267283
2240 266889
2241 267066
2242 267319
2243 267219
2244 267250
2245 267270
2246 267335
2247 267175
2248 266929
2249 267123
2250 267119
2251 266810
2252 266793
2253 267757
2254 267289
2255 267501
2256 267086
2257 266575
2258 267159
2259 267115
2260 267739
2261 266747
2262 266710
2263 267635
2264 266901
2265 266839
2266 266802
2267 267441
2268 266736
2269 267082
2270 266927
2271 266877
2272 266768
2273 267256
2274 266652
2275 266836
2276 266315
2277 266992
2278 267260
2279 266731
2280 266632
2281 266539
2282 266909
2283 267121
2284 266867
2285 266498
2286 266986
2287 266619
2288 266434
2289 266911
2290 267270
2291 266402
2292 266746
2293 266938
2294 266759
2295 266693
2296 267224
2297 266738
2298 267284
2299 266737
2300 267313
2301 266994
2302 266707
2303 266399
2304 266327
2305 266489
2306 266507
2307 266601
2308 266315
2309 266184
2310 266398
2311 267127
2312 266430
2313 266515
2314 266285
2315 266287
2316 266408
2317 266393
2318 266777
2319 266533
2320 266168
2321 266453
2322 266219
2323 266377
2324 266625
2325 266298
2326 266621
2327 266862
2328 266833
2329 266505
2330 266518
2331 266777
2332 266431
2333 266923
2334 267345
2335 266594
2336 266742
2337 266538
2338 266774
2339 266553
2340 266361
2341 266333
2342 266907
2343 266997
2344 266677
2345 266571
2346 266447
2347 266602
2348 266403
2349 266687
2350 266621
2351 266150
2352 266707
2353 265864
2354 266463
2355 266202
2356 266201
2357 266367
2358 266183
2359 265628
2360 266020
2361 266376
2362 266339
2363 265782
2364 266368
2365 265806
2366 266762
2367 266414
2368 266331
2369 266263
2370 265956
2371 266216
2372 266059
2373 265958
2374 266110
2375 266592
2376 266453
2377 265859
2378 266227
2379 266264
2380 265914
2381 266023
2382 266604
2383 266116
2384 266580
2385 266073
2386 266515
2387 266158
2388 266340
2389 266150
2390 266095
2391 266343
2392 266314
2393 267036
2394 266776
2395 266359
2396 266096
2397 266187
2398 266481
2399 266162
2400 266468
2401 266523
2402 266770
2403 266222
2404 266621
2405 266218
2406 266298
2407 266624
2408 266740
2409 266566
2410 266201
2411 266662
2412 266429
2413 267139
2414 266769
2415 266435
2416 266306
2417 266541
2418 266196
2419 266616
2420 266925
2421 266825
2422 266616
2423 266350
2424 266240
2425 266528
2426 266932
2427 266488
2428 266828
2429 266747
2430 266310
2431 266788
2432 266685
2433 266684
2434 266366
2435 266219
2436 266659
2437 266826
2438 266205
2439 266452
2440 266461
2441 266771
2442 266775
2443 265980
2444 266641
2445 266365
2446 266485
2447 266553
2448 266319
2449 266502
2450 266823
2451 266352
2452 266913
2453 266222
2454 266707
2455 266340
2456 266585
2457 266024
2458 266200
2459 266489
2460 266471
2461 266997
2462 266192
2463 266542
2464 266315
2465 266484
2466 266577
2467 266626
2468 266821
2469 266701
2470 266430
2471 267026
2472 266961
2473 266589
2474 266604
2475 266486
2476 266737
2477 266747
2478 267039
2479 267196
2480 266939
2481 266805
2482 266676
2483 267510
2484 267161
2485 267026
2486 267118
2487 267325
2488 267080
2489 266793
2490 267222
2491 266634
2492 267653
2493 267476
2494 267347
2495 267463
2496 267103
2497 267309
2498 267510
2499 267032
2500 267312
2501 267964
2502 267532
2503 267500
2504 267740
2505 267660
2506 267664
2507 267679
2508 267849
2509 267487
2510 268059
2511 267681
2512 268105
2513 268001
2514 268224
2515 267911
2516 267796
2517 267956
2518 268092
2519 267937
2520 267802
2521 267696
2522 267477
2523 267562
2524 267640
2525 267616
2526 267430
2527 267890
2528 267664
2529 267714
2530 267686
2531 267369
2532 267561
2533 267737
2534 268037
2535 267919
2536 268298
2537 268405
2538 268368
2539 267860
2540 268365
2541 268368
2542 268295
2543 268357
2544 268067
2545 268211
2546 267998
2547 268693
2548 268661
2549 268660
2550 268445
2551 268652
2552 268548
2553 268567
2554 268342
2555 268448
2556 269010
2557 268831
2558 268739
2559 268746
2560 269213
2561 269091
2562 269366
2563 269145
2564 269762
2565 269307
2566 269992
2567 269910
2568 270042
2569 269858
2570 270217
2571 270320
2572 270329
2573 270773
2574 270473
2575 270788
2576 271252
2577 271040
2578 271234
2579 271096
2580 270587
2581 271502
2582 270992
2583 271342
2584 271159
2585 271269
2586 271565
2587 271696
2588 270958
2589 271582
2590 270972
2591 271247
2592 270893
2593 271324
2594 270737
2595 270675
2596 270773
2597 270326
2598 270170
2599 270184
2600 270106
2601 270032
2602 269531
2603 270190
2604 269572
2605 269508
2606 269294
2607 269539
2608 269330
2609 268941
2610 268813
2611 268881
2612 268559
2613 268480
2614 267895
2615 268437
2616 268503
2617 268598
2618 268173
2619 268408
2620 268044
2621 268469
2622 268680
2623 268020
2624 267955
2625 268237
2626 267900
2627 267697
2628 267615
2629 267888
2630 267838
2631 267398
2632 267978
2633 267838
2634 268075
2635 267480
2636 267694
2637 268111
2638 267529
2639 267754
2640 267345
2641 267622
2642 267653
2643 267714
2644 267857
2645 267774
2646 267645
2647 267541
2648 267594
2649 267582
2650 267170
2651 267740
2652 267574
2653 267488
2654 267976
2655 267836
2656 267885
2657 267634
2658 266815
2659 267498
2660 267097
2661 267385
2662 267421
2663 267559
2664 267597
2665 267263
2666 267567
2667 267568
2668 267634
2669 267302
2670 267464
2671 267106
2672 267972
2673 267523
2674 267567
2675 267822
2676 267212
2677 267714
2678 267764
2679 268088
2680 267636
2681 267929
2682 267669
2683 267459
2684 267332
2685 267910
2686 267900
2687 267875
2688 267887
2689 268060
2690 267778
2691 267618
2692 267748
2693 267853
2694 267073
2695 268010
2696 268154
2697 268019
2698 267773
2699 267412
2700 267568
2701 267826
2702 267651
2703 267824
2704 267295
2705 267787
2706 267838
2707 267745
2708 267426
2709 267718
2710 267455
2711 266779
2712 267750
2713 267264
2714 267346
2715 267001
2716 266958
2717 267204
2718 267717
2719 267208
2720 267267
2721 267640
2722 266959
2723 267736
2724 267313
2725 266840
2726 267509
2727 267564
2728 266993
2729 267512
2730 267106
2731 267105
2732 267363
2733 266585
2734 266922
2735 267490
2736 267096
2737 267273
2738 267186
2739 267331
2740 267458
2741 267121
2742 267314
2743 267528
2744 267280
2745 267274
2746 266756
2747 267049
2748 267388
2749 267124
2750 266751
2751 267583
2752 267119
2753 267483
2754 267611
2755 267836
2756 266606
2757 267100
2758 267174
2759 267382
2760 267268
2761 267690
2762 267936
2763 267190
2764 267092
2765 267318
2766 267705
2767 267509
2768 267005
2769 267191
2770 267579
2771 267015
2772 266457
2773 267542
2774 267261
2775 266953
2776 267403
2777 267462
2778 267548
2779 267165
2780 266959
2781 267513
2782 267452
2783 267338
2784 267334
2785 267714
2786 267264
2787 267954
2788 267626
2789 267903
2790 267758
2791 268229
2792 267622
2793 267516
2794 267864
2795 267615
2796 267678
2797 267594
2798 267984
2799 267326
2800 267794
2801 267933
2802 267613
2803 267792
2804 268164
2805 267572
2806 268116
2807 267856
2808 267644
2809 267910
2810 267303
2811 267615
2812 267645
2813 267815
2814 267525
2815 267202
2816 267723
2817 267882
2818 267689
2819 267699
2820 267033
2821 267235
2822 267382
2823 267652
2824 267627
2825 268045
2826 267454
2827 267782
2828 267707
2829 268183
2830 267887
2831 267486
2832 267478
2833 267676
2834 267845
2835 267638
2836 267937
2837 268010
2838 267746
2839 267518
2840 268730
2841 267689
2842 268131
2843 268015
2844 268486
2845 268814
2846 268219
2847 268041
2848 268228
2849 268169
2850 268112
2851 267844
2852 268544
2853 267708
2854 267921
2855 268052
2856 267942
2857 267782
2858 267588
2859 267822
2860 268014
2861 267600
2862 268112
2863 268434
2864 267660
2865 267523
2866 267655
2867 267910
2868 268610
2869 267982
2870 268367
2871 268169
2872 268359
2873 267770
2874 267903
2875 268157
2876 268289
2877 268261
2878 268549
2879 268293
2880 268427
2881 268164
2882 268476
2883 268667
2884 268166
2885 268416
2886 268466
2887 268386
2888 268261
2889 268721
2890 268804
2891 268348
2892 268339
2893 268480
2894 268559
2895 268292
2896 268228
2897 268535
2898 268059
2899 268064
2900 268808
2901 268770
2902 267981
2903 268929
2904 268349
2905 268685
2906 268710
2907 268015
2908 267936
2909 268437
2910 268386
2911 267488
2912 268181
2913 267878
2914 267833
2915 268468
2916 268116
2917 268025
2918 268311
2919 268209
2920 268191
2921 268330
2922 267666
2923 267680
2924 267671
2925 267775
2926 268182
2927 268155
2928 267651
2929 268404
2930 267994
2931 267878
2932 268163
2933 267985
2934 267715
2935 267876
2936 268000
2937 267896
2938 267563
2939 267982
2940 267598
2941 267462
2942 267497
2943 267193
2944 267594
2945 268049
2946 268032
2947 268098
2948 267666
2949 267386
2950 267839
2951 267543
2952 267158
2953 267561
2954 268204
2955 267756
2956 267841
2957 267944
2958 267789
2959 268199
2960 267898
2961 268033
2962 268281
2963 267706
2964 267768
2965 268088
2966 268115
2967 268179
2968 267820
2969 267690
2970 267923
2971 267955
2972 267896
2973 268179
2974 267906
2975 267584
2976 267976
2977 268207
2978 268356
2979 268103
2980 268609
2981 267884
2982 268035
2983 268466
2984 268554
2985 268211
2986 267819
2987 268335
2988 268118
2989 268185
2990 268100
2991 268349
2992 268456
2993 267808
2994 267793
2995 268201
2996 268266
2997 267984
2998 268137
2999 267653
3000 268064
3001 268255
3002 268059
3003 268340
3004 268014
3005 268172
3006 267989
3007 267933
3008 268110
3009 268316
3010 267514
3011 268198
3012 267705
3013 268151
3014 267829
3015 268059
3016 268207
3017 268110
3018 267777
3019 267870
3020 267919
3021 268028
3022 267973
3023 268012
3024 267749
3025 267880
3026 267761
3027 267515
3028 267916
3029 267972
3030 267804
3031 267608
3032 267625
3033 268093
3034 267195
3035 267468
3036 267967
3037 267852
3038 267989
3039 267629
3040 267996
3041 268100
3042 267811
3043 268040
3044 268500
3045 267964
3046 268018
3047 268410
3048 268123
3049 267887
3050 267871
3051 267836
3052 267557
3053 267651
3054 267999
3055 267865
3056 267732
3057 267818
3058 267732
3059 268378
3060 267654
3061 268000
3062 267942
3063 267643
3064 267525
3065 267784
3066 268059
3067 267646
3068 267300
3069 268438
3070 267648
3071 267812
3072 267713
3073 268068
3074 267779
3075 267435
3076 267679
3077 267463
3078 267549
3079 267872
3080 268150
3081 267834
3082 267519
3083 267595
3084 268030
3085 267899
3086 267713
3087 268088
3088 267411
3089 267692
3090 268006
3091 267501
3092 267877
3093 267748
3094 267505
3095 267591
3096 267710
3097 267403
3098 267505
3099 267664
3100 267958
3101 268355
3102 267581
3103 267732
3104 267601
3105 267953
3106 267893
3107 267779
3108 267745
3109 268208
3110 268107
3111 267951
3112 268306
3113 267797
3114 268369
3115 268398
3116 268205
3117 268255
3118 268845
3119 268389
3120 268480
3121 268349
3122 268781
3123 268994
3124 268965
3125 268710
3126 269200
3127 268998
3128 269283
3129 268854
3130 269482
3131 269583
3132 269138
3133 268827
3134 269581
3135 269971
3136 270052
3137 269837
3138 270328
3139 270163
3140 270470
3141 270984
3142 270802
3143 271204
3144 271064
3145 270955
3146 271095
3147 271382
3148 271281
3149 271486
3150 271560
3151 271020
3152 271306
3153 271462
3154 271602
3155 271211
3156 271105
3157 271366
3158 271153
3159 271008
3160 270879
3161 271099
3162 270931
3163 270885
3164 270628
3165 270611
3166 270531
3167 270119
3168 269812
3169 270222
3170 269837
3171 269523
3172 269676
3173 269805
3174 269347
3175 269243
3176 269503
3177 269609
3178 269462
3179 269088
3180 269284
3181 269116
3182 269377
3183 268542
3184 268644
3185 268953
3186 268484
3187 268654
3188 268593
3189 268831
3190 268600
3191 268264
3192 268607
3193 268844
3194 268373
3195 268000
3196 267925
3197 268209
3198 268535
3199 268390
3200 267726
3201 267986
3202 268142
3203 267850
3204 267794
3205 268129
3206 268223
3207 267710
3208 267602
3209 267919
3210 268008
3211 267831
3212 268026
3213 267422
3214 267812
3215 268336
3216 267680
3217 267837
3218 268598
3219 267933
3220 268020
3221 267896
3222 267897
3223 268147
3224 268375
3225 267872
3226 268300
3227 268368
3228 268053
3229 268120
3230 268083
3231 267994
3232 268232
3233 268294
3234 268089
3235 267669
3236 267793
3237 267735
3238 267637
3239 267942
3240 267814
3241 267889
3242 267826
3243 267465
3244 267089
3245 267688
3246 267512
3247 267564
3248 267271
3249 267784
3250 267365
3251 267826
3252 267718
3253 267581
3254 267590
3255 267417
3256 267537
3257 266958
3258 267485
3259 266717
3260 266860
3261 266900
3262 267092
3263 267295
3264 266893
3265 266563
3266 267026
3267 266884
3268 266848
3269 266918
3270 266705
3271 267369
3272 267169
3273 266995
3274 266777
3275 266619
3276 266820
3277 266768
3278 266641
3279 266609
3280 266452
3281 267455
3282 266617
3283 266834
3284 266778
3285 266486
3286 266683
3287 266826
3288 266766
3289 267080
3290 266484
3291 266870
3292 267207
3293 266763
3294 267420
3295 266487
3296 266993
3297 266843
3298 266570
3299 266963
3300 266952
3301 266429
3302 266730
3303 266533
3304 266991
3305 266965
3306 266659
3307 267118
3308 266902
3309 266711
3310 266772
3311 266645
3312 266958
3313 266402
3314 267083
3315 266326
3316 267185
3317 266791
3318 266554
3319 266417
3320 266985
3321 266694
3322 266606
3323 267044
3324 266578
3325 266505
3326 266683
3327 266694
3328 266447
3329 266624
3330 266589
3331 266547
3332 267081
3333 266359
3334 267010
3335 266827
3336 266923
3337 266404
3338 267134
3339 267073
3340 266792
3341 266710
3342 266294
3343 266199
3344 266364
3345 266264
3346 266332
3347 266677
3348 266187
3349 266105
3350 265802
3351 266380
3352 266187
3353 266086
3354 266596
3355 265941
3356 266046
3357 266082
3358 265663
3359 266121
3360 265802
3361 266096
3362 265639
3363 265943
3364 266183
3365 265669
3366 265818
3367 265860
3368 265570
3369 264975
3370 265565
3371 265234
3372 265596
3373 265128
3374 265697
3375 265830
3376 265712
3377 265830
3378 265970
3379 265837
3380 265932
3381 266345
3382 265803
3383 266490
3384 265871
3385 265847
3386 265831
3387 265916
3388 265964
3389 265629
3390 265962
3391 265710
3392 266103
3393 265955
3394 266602
3395 266045
3396 266154
3397 266401
3398 265830
3399 265802
3400 266235
3401 266059
3402 266303
3403 266128
3404 266201
3405 266195
3406 266389
3407 266413
3408 266295
3409 265915
3410 266215
3411 266603
3412 266801
3413 266251
3414 266211
3415 266644
3416 266350
3417 266393
3418 266564
3419 266444
3420 266362
3421 266447
3422 266182
3423 266148
3424 266385
3425 265648
3426 266421
3427 266110
3428 265922
3429 266230
3430 266191
3431 266553
3432 266436
3433 266598
3434 266508
3435 266587
3436 266645
3437 266575
3438 266387
3439 266753
3440 266298
3441 266056
3442 267256
3443 266568
3444 266676
3445 266366
3446 266209
3447 266564
3448 266525
3449 266345
3450 266278
3451 266320
3452 266483
3453 266758
3454 266639
3455 266453
3456 266698
3457 266249
3458 266305
3459 266733
3460 266336
3461 266721
3462 266499
3463 266274
3464 266516
3465 266581
3466 266309
3467 266213
3468 266895
3469 266739
3470 266665
3471 266220
3472 266903
3473 266764
3474 266645
3475 266867
3476 266597
3477 267460
3478 266781
3479 266911
3480 266466
3481 266659
3482 266609
3483 266938
3484 266886
3485 266825
3486 267255
3487 266699
3488 267397
3489 266766
3490 267118
3491 267463
3492 267300
3493 266712
3494 266694
3495 267066
3496 267385
3497 266626
3498 267000
3499 267240
3500 266795
3501 267069
3502 267401
3503 267649
3504 267335
3505 267159
3506 266963
3507 267356
3508 267451
3509 266808
3510 267059
3511 267487
3512 266674
3513 267241
3514 267790
3515 267595
3516 267678
3517 267918
3518 267757
3519 268312
3520 267839
3521 267779
3522 267859
3523 267712
3524 267886
3525 267553
3526 267630
3527 267582
3528 268006
3529 267774
3530 267608
3531 267426
3532 267888
3533 267909
3534 268004
3535 267167
3536 267851
3537 268040
3538 266949
3539 267579
3540 267860
3541 267937
3542 267817
3543 267999
3544 267947
3545 267795
3546 268356
3547 267604
3548 268438
3549 268364
3550 268739
3551 268738
3552 268118
3553 268979
3554 268600
3555 268937
3556 268824
3557 268782
3558 269060
3559 269156
3560 269695
3561 268911
3562 269472
3563 268538
3564 269496
3565 269709
3566 269581
3567 269364
3568 269729
3569 270033
3570 269848
3571 269859
3572 270269
3573 270464
3574 270820
3575 270522
3576 270846
3577 270539
3578 271310
3579 270801
3580 271325
3581 271448
3582 271097
3583 271456
3584 271381
3585 270925
3586 270823
3587 271342
3588 271606
3589 270910
3590 271592
3591 271007
3592 271075
3593 270475
3594 271061
3595 270768
3596 270341
3597 270444
3598 270092
3599 269885
3600 270000
3601 270176
3602 270088
3603 269907
3604 269529
3605 269279
3606 269626
3607 269453
3608 269513
3609 269210
3610 269103
3611 268905
3612 269526
3613 268839
3614 268540
3615 268634
3616 268609
3617 268518
3618 268411
3619 268608
3620 268513
3621 268258
3622 267876
3623 268386
3624 268183
3625 268378
3626 268362
3627 268052
3628 267688
3629 268032
3630 267676
3631 267696
3632 267917
3633 267780
3634 267532
3635 268086
3636 267514
3637 267663
3638 267779
3639 267627
3640 267469
3641 267647
3642 267809
3643 267687
3644 267380
3645 267602
3646 267423
3647 267740
3648 267211
3649 268004
3650 267154
3651 267702
3652 267605
3653 267373
3654 267474
3655 267731
3656 267241
3657 267913
3658 267787
3659 267816
3660 267653
3661 267968
3662 267819
3663 267130
3664 267670
3665 267598
3666 267640
3667 266924
3668 267554
3669 267381
3670 267650
3671 267365
3672 267230
3673 267524
3674 267321
3675 267761
3676 267509
3677 267456
3678 267137
3679 267757
3680 267595
3681 267691
3682 267577
3683 267695
3684 267323
3685 267811
3686 267962
3687 268018
3688 267918
3689 267868
3690 267549
3691 267238
3692 267577
3693 267408
3694 267218
3695 267798
3696 267417
3697 267348
3698 267600
3699 267474
3700 267553
3701 267105
3702 267484
3703 267361
3704 267149
3705 267328
3706 267787
3707 267600
3708 267358
3709 266814
3710 267501
3711 267569
3712 267301
3713 267267
3714 267540
3715 267058
3716 267610
3717 267049
3718 267142
3719 267443
3720 267442
3721 266940
3722 267509
3723 267507
3724 267253
3725 267367
3726 266800
3727 267427
3728 267189
3729 267654
3730 267273
3731 267472
3732 267700
3733 267272
3734 267139
3735 267128
3736 267467
3737 267410
3738 267651
3739 266963
3740 267139
3741 267888
3742 267259
3743 267393
3744 267245
3745 267396
3746 267470
3747 267593
3748 267212
3749 267777
3750 267163
3751 267582
3752 266845
3753 267314
3754 266923
3755 267197
3756 267440
3757 267151
3758 267276
3759 267562
3760 267767
3761 267141
3762 266929
3763 267390
3764 267627
3765 267477
3766 267606
3767 267506
3768 267721
3769 267427
3770 267582
3771 267322
3772 267012
3773 267247
3774 267346
3775 267198
3776 267607
3777 267113
3778 267221
3779 267698
3780 267558
3781 267065
3782 267238
3783 267906
3784 267058
3785 267153
3786 267702
3787 267259
3788 267695
3789 267576
3790 267743
3791 267858
3792 267597
3793 267538
3794 267940
3795 267562
3796 267365
3797 267359
3798 267468
3799 267930
3800 267773
3801 267704
3802 267579
3803 267639
3804 267309
3805 267722
3806 267616
3807 267790
3808 267629
3809 267651
3810 267234
3811 267747
3812 267356
3813 267710
3814 267733
3815 267467
3816 267773
3817 267836
3818 267272
3819 267989
3820 267550
3821 267784
3822 267455
3823 267667
3824 267710
3825 267364
3826 267340
3827 267568
3828 267809
3829 267782
3830 267776
3831 268046
3832 267597
3833 267955
3834 268016
3835 267961
3836 267660
3837 267938
3838 267852
3839 268037
3840 267227
3841 267999
3842 267306
3843 267526
3844 267976
3845 267621
3846 267592
3847 267663
3848 267580
3849 267850
3850 267849
3851 267893
3852 267790
3853 267524
3854 268169
3855 268026
3856 267812
3857 268033
3858 267510
3859 267760
3860 268449
3861 267777
3862 267278
3863 267989
3864 267655
3865 267539
3866 267655
3867 267958
3868 267764
3869 268086
3870 267828
3871 267958
3872 267668
3873 268162
3874 267929
3875 268175
3876 268084
3877 268328
3878 267850
3879 267813
3880 268276
3881 267930
3882 267917
3883 268107
3884 268014
3885 267925
3886 268391
3887 268143
3888 267693
3889 267814
3890 267929
3891 267493
3892 267784
3893 267752
3894 267753
3895 267386
3896 267817
3897 267160
3898 267645
3899 267582
3900 267205
3901 267320
3902 268170
3903 267632
3904 267283
3905 267376
3906 267449
3907 268057
3908 267780
3909 267628
3910 267682
3911 267993
3912 267828
3913 267523
3914 267589
3915 268270
3916 267601
3917 267842
3918 268020
3919 267780
3920 267917
3921 267907
3922 267953
3923 267819
3924 267828
3925 267974
3926 267693
3927 267898
3928 267680
3929 267467
3930 268274
3931 267526
3932 267376
3933 267779
3934 267413
3935 267458
3936 267348
3937 267161
3938 267672
3939 267875
3940 267419
3941 267514
3942 268054
3943 266990
3944 267217
3945 267783
3946 267742
3947 267555
3948 268034
3949 267425
3950 267134
3951 267627
3952 267431
3953 267109
3954 267100
3955 267472
3956 267603
3957 267341
3958 267568
3959 267434
3960 267255
3961 267233
3962 267486
3963 267327
3964 267689
3965 267214
3966 267300
3967 267334
3968 267660
3969 267826
3970 267276
3971 267437
3972 268037
3973 267671
3974 267735
3975 267656
3976 267485
3977 267432
3978 267552
3979 267375
3980 267324
3981 267237
3982 267239
3983 267390
3984 267476
3985 267673
3986 267448
3987 267597
3988 267561
3989 267208
3990 267004
3991 267682
3992 267982
3993 267241
3994 267268
3995 267263
3996 267829
3997 267586
3998 267468
3999 267042
4000 267094
4001 266677
4002 267147
4003 267267
4004 267308
4005 267560
4006 267489
4007 267649
4008 267364
4009 267281
4010 267817
4011 266943
4012 267720
4013 267421
4014 267264
4015 267572
4016 267340
4017 267283
4018 267547
4019 267059
4020 266937
4021 267465
4022 267418
4023 267383
4024 267184
4025 267120
4026 267719
4027 267132
4028 267620
4029 267727
4030 267620
4031 267431
4032 267313
4033 267234
4034 267376
4035 267337
4036 267246
4037 266854
4038 267268
4039 267747
4040 267538
4041 267765
4042 266988
4043 267630
4044 267646
4045 267734
4046 267566
4047 267629
4048 267437
4049 267450
4050 267359
4051 267532
4052 267901
4053 267390
4054 267870
4055 267511
4056 267649
4057 267437
4058 267720
4059 267438
4060 267477
4061 267205
4062 267575
4063 267455
4064 267455
4065 267258
4066 267216
4067 267573
4068 267541
4069 267053
4070 267241
4071 267404
4072 267411
4073 267760
4074 267336
4075 267489
4076 267249
4077 267374
4078 267333
4079 267355
4080 267811
4081 268110
4082 267709
4083 267779
4084 267667
4085 267658
4086 267799
4087 267771
4088 267819
4089 267456
4090 267410
4091 267492
4092 267795
4093 267770
4094 267945
4095 267497
4096 267380
4097 267404
4098 267226
4099 267446
4100 267355
4101 267693
4102 267494
4103 267905
4104 267608
4105 267727
4106 267484
4107 267710
4108 267931
4109 267581
4110 267738
4111 268173
4112 268217
4113 268023
4114 268425
4115 268403
4116 268176
4117 268305
4118 268071
4119 268191
4120 268112
4121 268021
4122 268577
4123 268454
4124 268638
4125 268668
4126 268705
4127 268657
4128 268770
4129 268947
4130 268848
4131 268680
4132 268754
4133 269427
4134 269199
4135 269418
4136 269387
4137 269795
4138 269861
4139 269529
4140 269984
4141 269614
4142 269914
4143 270177
4144 270905
4145 270387
4146 271075
4147 270327
4148 270600
4149 271065
4150 270962
4151 270885
4152 270988
4153 271263
4154 270677
4155 271020
4156 271306
4157 270759
4158 270925
4159 271148
4160 271067
4161 270723
4162 270394
4163 270462
4164 270212
4165 269778
4166 270288
4167 270351
4168 270014
4169 269554
4170 269198
4171 269348
4172 269257
4173 269852
4174 269369
4175 269159
4176 268747
4177 268899
4178 269030
4179 268599
4180 269067
4181 268489
4182 268438
4183 268760
4184 268088
4185 268300
4186 267900
4187 267953
4188 267825
4189 267631
4190 267547
4191 267956
4192 268438
4193 268002
4194 268298
4195 267158
4196 267762
4197 267854
4198 267566
4199 268124
4200 267686
4201 267306
4202 267545
4203 267414
4204 267798
4205 267175
4206 268065
4207 266975
4208 267455
4209 267489
4210 267374
4211 267649
4212 267268
4213 267468
4214 267470
4215 267248
4216 267207
4217 267701
4218 267467
4219 267795
4220 267119
4221 266773
4222 267391
4223 267622
4224 266826
4225 267320
4226 267124
4227 267170
4228 266762
4229 266919
4230 267216
4231 267373
4232 266894
4233 266680
4234 267393
4235 266734
4236 266449
4237 266496
4238 266717
4239 267200
4240 267079
4241 267388
4242 266642
4243 266591
4244 266881
4245 266847
4246 266473
4247 267002
4248 266883
4249 266559
4250 266323
4251 266734
4252 266222
4253 266368
4254 266448
4255 267071
4256 266628
4257 266516
4258 266386
4259 266537
4260 266400
4261 266608
4262 266108
4263 265989
4264 266234
4265 266136
4266 266600
4267 266222
4268 265758
4269 265840
4270 266106
4271 266594
4272 266238
4273 266719
4274 266177
4275 266421
4276 266831
4277 266557
4278 266300
4279 266812
4280 266000
4281 266318
4282 265757
4283 266644
4284 266407
4285 266358
4286 266745
4287 266582
4288 266543
4289 266255
4290 266609
4291 266450
4292 266119
4293 266757
4294 266254
4295 266856
4296 266166
4297 265782
4298 266448
4299 266198
4300 266239
4301 266454
4302 267002
4303 265929
4304 266464
4305 266135
4306 266309
4307 266085
4308 266061
4309 266849
4310 266392
4311 265755
4312 266162
4313 266078
4314 266355
4315 266376
4316 266371
4317 266371
4318 265879
4319 266282
4320 266110
4321 266265
4322 266167
4323 266462
4324 266383
4325 266352
4326 266293
4327 266195
4328 266538
4329 266133
4330 266784
4331 266229
4332 265722
4333 266108
4334 265979
4335 266516
4336 266253
4337 265865
4338 266156
4339 266329
4340 266384
4341 266215
4342 266273
4343 266625
4344 266104
4345 266490
4346 266093
4347 265637
4348 265907
4349 266157
4350 265834
4351 266228
4352 266306
4353 265664
4354 265964
4355 265538
4356 266013
4357 265892
4358 265438
4359 266021
4360 265723
4361 265788
4362 265893
4363 265804
4364 266164
4365 266812
4366 266013
4367 266523
4368 265840
4369 266104
4370 265433
4371 265642
4372 266405
4373 266584
4374 265735
4375 265781
4376 265816
4377 266217
4378 265790
4379 266251
4380 266055
4381 265891
4382 266006
4383 266157
4384 265723
4385 266181
4386 266268
4387 265978
4388 266036
4389 265718
4390 265845
4391 265711
4392 265842
4393 265766
4394 265975
4395 265433
4396 265668
4397 265834
4398 265644
4399 265866
4400 265474
4401 265525
4402 266019
4403 266169
4404 265978
4405 266173
4406 265776
4407 266369
4408 266146
4409 266154
4410 265867
4411 266363
4412 266015
4413 266418
4414 266783
4415 266322
4416 265860
4417 266043
4418 266284
4419 266359
4420 266272
4421 266570
4422 266244
4423 266581
4424 266045
4425 266126
4426 266327
4427 266465
4428 265806
4429 266386
4430 266000
4431 266913
4432 265935
4433 266420
4434 266449
4435 266571
4436 267028
4437 266455
4438 266245
4439 265787
4440 265773
4441 266274
4442 266093
4443 266602
4444 266355
4445 266455
4446 266031
4447 266399
4448 266049
4449 266101
4450 266283
4451 266380
4452 266536
4453 265958
4454 266541
4455 266250
4456 266701
4457 266552
4458 266481
4459 266414
4460 266575
4461 266628
4462 266505
4463 266566
4464 266415
4465 266899
4466 266237
4467 267090
4468 266619
4469 266476
4470 267050
4471 266335
4472 266436
4473 266739
4474 267003
4475 266404
4476 266368
4477 266638
4478 266522
4479 266661
4480 266861
4481 266698
4482 266715
4483 266850
4484 266359
4485 267154
4486 266603
4487 266495
4488 266663
4489 266238
4490 266369
4491 266634
4492 266689
4493 266976
4494 266573
4495 266188
4496 266902
4497 266638
4498 266764
4499 266795
4500 266921
4501 266396
4502 266956
4503 267142
4504 267037
4505 267046
4506 266400
4507 266773
4508 266931
4509 267345
4510 267171
4511 266441
4512 266915
4513 267002
4514 266843
4515 267185
4516 266843
4517 267282
4518 266885
4519 267390
4520 267114
4521 267139
4522 267153
4523 267347
4524 266879
4525 267292
4526 267306
4527 267067
4528 266950
4529 267230
4530 267341
4531 267454
4532 267614
4533 267741
4534 267064
4535 267198
4536 267329
4537 267625
4538 267345
4539 268003
4540 267687
4541 267397
4542 267442
4543 267791
4544 267845
4545 268154
4546 267495
4547 268218
4548 267947
4549 267849
4550 268069
4551 268024
4552 267969
4553 268281
4554 268563
4555 268603
4556 268316
4557 268609
4558 268721
4559 268626
4560 268732
4561 268532
4562 269509
4563 268977
4564 269643
4565 269490
4566 269934
4567 269485
4568 270291
4569 269587
4570 270137
4571 270436
4572 270015
4573 270734
4574 270570
4575 270699
4576 270364
4577 270788
4578 271166
4579 271167
4580 271940
4581 271006
4582 271290
4583 270872
4584 271025
4585 271024
4586 270491
4587 271482
4588 270831
4589 270510
4590 270449
4591 270822
4592 270409
4593 270651
4594 270658
4595 270321
4596 269750
4597 269511
4598 269592
4599 269319
4600 269746
4601 269244
4602 269104
4603 269138
4604 269050
4605 269335
4606 268734
4607 268247
4608 268141
4609 268389
4610 268698
4611 268856
4612 267965
4613 268231
4614 268022
4615 267726
4616 268566
4617 267767
4618 268395
4619 267502
4620 267833
4621 267628
4622 267954
4623 267718
4624 267406
4625 267332
4626 267388
4627 267511
4628 267725
4629 267726
4630 266922
4631 267206
4632 267616
4633 267233
4634 266985
4635 267033
4636 267533
4637 267673
4638 267338
4639 267129
4640 267118
4641 267005
4642 266986
4643 266811
4644 267184
4645 266624
4646 267015
4647 266977
4648 267028
4649 267235
4650 266994
4651 267173
4652 267190
4653 267084
4654 267008
4655 266695
4656 266825
4657 266768
4658 266742
4659 266645
4660 266989
4661 266619
4662 266791
4663 266676
4664 266698
4665 266601
4666 267031
4667 266935
4668 267047
4669 266587
4670 266434
4671 266301
4672 266610
4673 266342
4674 266831
4675 266386
4676 266630
4677 266722
4678 266278
4679 266805
4680 266108
4681 266078
4682 266424
4683 266310
4684 266276
4685 265869
4686 266389
4687 265922
4688 266042
4689 266378
4690 266484
4691 266498
4692 266466
4693 266502
4694 266225
4695 266024
4696 266123
4697 266402
4698 266303
4699 266109
4700 266401
4701 266166
4702 266346
4703 266751
4704 266449
4705 266055
4706 266278
4707 266263
4708 266478
4709 266173
4710 266243
4711 266395
4712 265786
4713 266180
4714 266138
4715 265727
4716 265969
4717 265815
4718 266005
4719 265834
4720 266059
4721 266413
4722 265902
4723 265769
4724 266432
4725 265879
4726 265705
4727 265822
4728 266156
4729 266516
4730 265861
4731 265871
4732 265989
4733 265426
4734 266119
4735 265998
4736 266166
4737 265818
4738 266562
4739 265607
4740 265424
4741 266307
4742 265371
4743 266238
4744 265684
4745 265932
4746 265693
4747 265923
4748 265827
4749 265463
4750 265621
4751 265746
4752 265681
4753 265813
4754 266090
4755 265573
4756 265353
4757 265734
4758 265692
4759 265935
4760 265810
4761 265662
4762 265614
4763 265330
4764 265904
4765 265711
4766 265183
4767 265205
4768 265339
4769 265377
4770 265618
4771 265491
4772 265519
4773 265453
4774 265832
4775 265099
4776 264967
4777 265460
4778 266002
4779 265564
4780 265140
4781 265288
4782 265842
4783 265520
4784 265604
4785 266007
4786 266189
4787 265503
4788 265704
4789 265465
4790 265380
4791 266093
4792 265064
4793 265737
4794 265296
4795 265477
4796 265656
4797 265579
4798 265308
4799 265699
4800 265293
4801 265179
4802 265361
4803 265764
4804 265298
4805 265629
4806 265427
4807 265373
4808 265538
4809 265409
4810 265611
4811 265174
4812 265087
4813 264957
4814 264933
4815 264934
4816 264993
4817 265197
4818 264750
4819 265036
4820 264562
4821 264690
4822 264550
4823 264196
4824 264821
4825 264857
4826 264113
4827 264823
4828 264345
4829 264400
4830 264892
4831 264554
4832 264830
4833 264396
4834 265113
4835 264988
4836 264641
4837 264862
4838 265380
4839 265180
4840 264913
4841 264667
4842 265123
4843 265028
4844 264467
4845 265276
4846 264914
4847 264932
4848 264987
4849 264827
4850 265372
4851 265018
4852 264833
4853 264712
4854 265076
4855 264802
4856 264735
4857 265337
4858 265061
4859 264888
4860 265421
4861 264921
4862 264935
4863 264310
4864 265226
4865 264574
4866 264957
4867 264855
4868 265028
4869 264921
4870 264891
4871 265499
4872 264711
4873 264542
4874 265024
4875 265237
4876 264754
4877 265264
4878 264974
4879 265349
4880 264613
4881 265306
4882 265233
4883 264865
4884 265094
4885 265000
4886 264845
4887 264974
4888 264971
4889 264953
4890 264877
4891 264807
4892 265224
4893 264916
4894 264915
4895 264924
4896 264874
4897 264976
4898 264960
4899 264943
4900 265267
4901 264888
4902 264758
4903 264749
4904 264551
4905 264102
4906 264675
4907 264815
4908 264554
4909 264471
4910 264947
4911 264649
4912 264762
4913 265010
4914 264672
4915 264162
4916 264232
4917 264881
4918 264813
4919 264930
4920 264212
4921 264861
4922 264833
4923 265113
4924 264876
4925 264340
4926 264616
4927 264228
4928 264240
4929 264598
4930 264919
4931 264569
4932 265064
4933 265007
4934 264500
4935 264849
4936 264506
4937 264792
4938 264649
4939 264281
4940 264285
4941 264628
4942 264454
4943 264664
4944 264503
4945 264656
4946 264383
4947 264406
4948 264740
4949 263897
4950 264318
4951 264795
4952 264318
4953 264449
4954 264363
4955 264998
4956 264356
4957 264887
4958 265040
4959 264616
4960 264736
4961 264572
4962 265015
4963 264466
4964 264108
4965 264577
4966 264153
4967 264477
4968 264575
4969 264379
4970 264568
4971 264488
4972 264715
4973 264638
4974 264607
4975 264613
4976 264591
4977 264221
4978 264762
4979 264871
4980 264493
4981 264447
4982 264687
4983 264581
4984 264087
4985 265064
4986 264585
4987 265014
4988 264259
4989 264659
4990 264539
4991 264438
4992 264989
4993 264063
4994 264575
4995 263845
4996 264499
4997 264437
4998 264016
4999 264796
5000 264661
5001 264313
5002 264272
5003 264292
5004 264464
5005 264802
5006 264009
5007 264279
5008 265043
5009 264488
5010 264183
5011 264535
5012 264269
5013 264350
5014 264459
5015 264529
5016 264453
5017 264747
5018 264452
5019 264675
5020 264220
5021 264560
5022 264469
5023 264588
5024 264361
5025 265095
5026 264339
5027 263920
5028 263814
5029 264138
5030 264720
5031 264410
5032 264377
5033 264234
5034 264721
5035 264101
5036 264626
5037 264474
5038 264433
5039 264128
5040 264220
5041 264517
5042 264513
5043 264682
5044 264371
5045 264180
5046 264765
5047 264180
5048 264589
5049 264455
5050 264204
5051 264388
5052 264090
5053 264689
5054 264669
5055 264835
5056 264840
5057 264838
5058 264730
5059 264324
5060 264589
5061 264296
5062 264265
5063 265113
5064 264750
5065 264416
5066 264404
5067 264470
5068 264139
5069 264896
5070 264587
5071 264345
5072 264127
5073 264797
5074 264380
5075 264606
5076 264350
5077 264760
5078 264563
5079 264620
5080 264523
5081 265153
5082 264358
5083 264935
5084 265009
5085 264560
5086 264807
5087 265172
5088 264849
5089 264941
5090 264520
5091 265148
5092 264782
5093 264732
5094 264914
5095 265290
5096 264939
5097 265189
5098 265216
5099 265074
5100 264913
5101 264613
5102 264888
5103 264344
5104 264768
5105 264737
5106 265066
5107 264893
5108 265418
5109 264904
5110 265135
5111 265297
5112 265642
5113 265282
5114 265807
5115 265490
5116 265639
5117 265387
5118 266129
5119 265188
5120 265386
5121 265947
5122 266193
5123 265892
5124 266174
5125 265638
5126 265810
5127 266133
5128 266556
5129 266171
5130 266364
5131 266596
5132 266900
5133 266881
5134 266974
5135 266954
5136 267216
5137 267407
5138 266985
5139 267282
5140 267598
5141 267849
5142 268291
5143 268242
5144 268517
5145 267869
5146 268380
5147 268666
5148 268729
5149 268460
5150 269615
5151 269128
5152 269256
5153 269240
5154 269772
5155 269621
5156 269949
5157 269847
5158 269578
5159 269380
5160 268907
5161 268901
5162 269672
5163 269485
5164 269212
5165 269203
5166 268964
5167 268306
5168 268658
5169 268442
5170 267965
5171 267863
5172 267973
5173 267684
5174 267565
5175 267500
5176 267140
5177 267247
5178 267027
5179 267351
5180 267125
5181 267351
5182 266890
5183 266671
5184 266254
5185 266362
5186 266289
5187 266401
5188 265831
5189 266068
5190 266401
5191 266039
5192 265053
5193 265364
5194 265760
5195 266001
5196 265649
5197 265409
5198 265693
5199 265110
5200 265623
5201 265084
5202 265025
5203 265027
5204 265217
5205 265066
5206 264742
5207 265155
5208 265154
5209 264689
5210 264976
5211 264630
5212 264788
5213 264961
5214 264692
5215 264314
5216 264482
5217 264415
5218 264347
5219 264339
5220 264569
5221 264585
5222 264582
5223 264660
5224 264702
5225 264323
5226 264310
5227 263755
5228 264286
5229 264594
5230 264714
5231 264049
5232 263879
5233 264368
5234 264224
5235 263935
5236 264529
5237 264426
5238 264592
5239 263891
5240 264291
5241 263861
5242 263776
5243 264155
5244 264099
5245 264096
5246 264279
5247 263681
5248 263912
5249 263870
5250 263998
5251 263590
5252 264523
5253 264250
5254 263892
5255 264358
5256 263957
5257 263684
5258 263603
5259 263861
5260 264050
5261 264225
5262 264002
5263 263774
5264 263850
5265 263700
5266 264087
5267 264019
5268 263723
5269 264352
5270 264157
5271 263796
5272 263813
5273 263840
5274 264072
5275 263526
5276 263763
5277 263768
5278 263820
5279 264434
5280 264181
5281 263943
5282 264067
5283 263981
5284 264119
5285 263846
5286 263461
5287 263810
5288 263506
5289 263785
5290 263477
5291 263780
5292 263833
5293 264084
5294 263917
5295 264110
5296 264065
5297 263385
5298 263552
5299 263843
5300 263552
5301 263561
5302 263616
5303 263493
5304 264169
5305 264174
5306 264434
5307 263315
5308 263921
5309 263786
5310 263833
5311 264042
5312 263620
5313 263605
5314 263524
5315 263497
5316 264330
5317 263667
5318 263796
5319 263961
5320 264061
5321 263807
5322 263298
5323 263982
5324 264464
5325 263378
5326 263720
5327 263682
5328 264000
5329 263282
5330 263986
5331 263374
5332 263664
5333 263648
5334 263941
5335 263491
5336 264158
5337 264014
5338 263699
5339 263979
5340 264024
5341 263770
5342 263673
5343 263628
5344 263603
5345 263871
5346 263978
5347 263891
5348 263230
5349 263483
5350 263540
5351 263585
5352 263611
5353 263682
5354 263520
5355 263671
5356 263063
5357 263534
5358 263510
5359 263712
5360 263689
5361 263597
5362 264047
5363 263602
5364 263306
5365 263598
5366 263626
5367 263515
5368 263285
5369 263841
5370 263215
5371 263602
5372 263402
5373 263483
5374 263447
5375 263145
5376 263716
5377 263147
5378 263283
5379 263274
5380 263252
5381 263362
5382 263171
5383 263052
5384 263360
5385 263295
5386 263243
5387 263254
5388 263381
5389 262975
5390 263394
5391 263274
5392 262918
5393 263893
5394 263182
5395 263237
5396 263414
5397 263023
5398 263378
5399 263358
5400 263191
5401 262932
5402 263594
5403 263092
5404 263357
5405 263471
5406 263311
5407 263352
5408 263156
5409 263063
5410 263064
5411 263594
5412 263546
5413 263707
5414 263251
5415 263601
5416 263610
5417 263771
5418 263253
5419 263441
5420 263377
5421 263451
5422 263603
5423 263541
5424 263416
5425 263450
5426 263164
5427 263211
5428 263654
5429 263487
5430 263554
5431 263719
5432 263296
5433 263649
5434 263943
5435 263417
5436 263350
5437 263154
5438 263752
5439 263013
5440 263908
5441 262908
5442 263301
5443 263404
5444 263671
5445 263471
5446 263649
5447 263664
5448 263748
5449 263809
5450 263665
5451 263221
5452 263645
5453 263983
5454 263624
5455 263629
5456 263477
5457 263743
5458 263996
5459 263730
5460 263509
5461 262962
5462 263648
5463 263782
5464 263759
5465 263632
5466 263707
5467 263607
5468 264192
5469 263449
5470 263669
5471 263710
5472 263716
5473 263675
5474 263282
5475 264378
5476 264042
5477 264060
5478 263949
5479 263253
5480 263195
5481 264016
5482 263971
5483 264239
5484 263592
5485 263752
5486 263744
5487 264025
5488 263751
5489 264271
5490 263574
5491 263367
5492 264025
5493 263767
5494 263294
5495 263707
5496 264085
5497 263969
5498 264250
5499 263452
5500 264077
5501 263403
5502 263688
5503 263394
5504 263550
5505 264241
5506 264123
5507 263442
5508 264085
5509 263901
5510 263994
5511 263966
5512 263669
5513 264065
5514 263990
5515 264328
5516 263586
5517 264235
5518 264547
5519 264224
5520 264328
5521 264113
5522 264079
5523 263737
5524 264356
5525 264386
5526 264077
5527 264494
5528 264419
5529 264461
5530 264675
5531 264453
5532 264531
5533 264073
5534 264492
5535 264395
5536 264767
5537 264515
5538 264615
5539 264546
5540 264470
5541 265169
5542 264297
5543 265168
5544 264977
5545 264877
5546 265203
5547 265523
5548 265645
5549 265642
5550 265451
5551 265579
5552 265875
5553 266018
5554 265648
5555 265861
5556 266195
5557 266303
5558 265954
5559 266266
5560 266490
5561 266654
5562 266747
5563 266964
5564 267086
5565 267180
5566 267472
5567 267913
5568 267214
5569 268221
5570 268384
5571 268407
5572 267969
5573 268887
5574 268299
5575 268802
5576 268790
5577 268814
5578 268935
5579 269062
5580 268572
5581 268753
5582 268764
5583 269042
5584 268974
5585 269203
5586 268607
5587 268687
5588 268371
5589 268172
5590 268370
5591 267602
5592 267781
5593 267691
5594 267894
5595 267392
5596 267340
5597 267111
5598 266743
5599 266441
5600 266228
5601 266652
5602 265788
5603 266186
5604 266048
5605 265803
5606 265535
5607 265592
5608 265391
5609 265527
5610 265656
5611 265187
5612 265602
5613 265038
5614 265178
5615 265076
5616 264967
5617 265089
5618 264898
5619 264843
5620 264603
5621 264865
5622 264885
5623 264822
5624 264514
5625 264428
5626 264106
5627 264357
5628 264907
5629 264693
5630 264156
5631 264358
5632 264568
5633 264588
5634 264292
5635 264523
5636 264604
5637 264249
5638 264391
5639 264203
5640 264695
5641 263810
5642 264110
5643 263572
5644 264269
5645 263920
5646 264323
5647 264022
5648 264081
5649 264395
5650 263961
5651 264046
5652 264007
5653 263997
5654 264343
5655 263802
5656 263895
5657 264099
5658 263773
5659 263822
5660 263953
5661 263922
5662 263562
5663 263909
5664 263735
5665 263762
5666 263929
5667 263959
5668 264060
5669 264131
5670 264078
5671 263726
5672 264198
5673 264274
5674 264217
5675 263701
5676 263590
5677 264121
5678 263274
5679 264078
5680 263602
5681 263320
5682 263771
5683 263654
5684 263730
5685 264268
5686 263583
5687 264086
5688 264174
5689 263819
5690 264003
5691 263737
5692 263864
5693 263578
5694 264271
5695 264052
5696 263707
5697 263925
5698 263549
5699 263926
5700 263931
5701 263632
5702 263979
5703 263878
5704 263949
5705 263670
5706 264260
5707 263575
5708 263448
5709 263048
5710 263707
5711 263960
5712 263460
5713 263723
5714 263769
5715 263792
5716 264031
5717 263826
5718 263572
5719 263385
5720 264074
5721 263360
5722 263461
5723 263875
5724 263671
5725 263372
5726 263755
5727 263442
5728 263400
5729 264104
5730 264203
5731 263741
5732 264425
5733 264150
5734 263408
5735 264097
5736 263715
5737 263911
5738 263542
5739 263896
5740 264329
5741 264038
5742 264234
5743 264256
5744 264321
5745 263374
5746 264225
5747 263812
5748 264291
5749 264032
5750 263849
5751 263875
5752 264150
5753 263772
5754 263872
5755 263962
5756 263897
5757 263783
5758 264229
5759 264642
5760 264221
5761 264217
5762 264164
5763 264247
5764 264117
5765 263927
5766 264028
5767 264166
5768 264132
5769 263594
5770 263629
5771 264000
5772 264021
5773 263893
5774 264043
5775 264155
5776 264018
5777 264516
5778 264384
5779 263622
5780 264219
5781 264021
5782 264202
5783 264093
5784 264290
5785 264168
5786 264487
5787 264440
5788 263971
5789 263926
5790 263859
5791 263755
5792 264426
5793 264120
5794 264177
5795 264298
5796 264206
5797 263928
5798 264241
5799 264410
5800 264500
5801 264031
5802 264546
5803 263860
5804 263894
5805 264303
5806 264268
5807 264081
5808 263658
5809 263666
5810 263922
5811 263523
5812 263970
5813 264022
5814 263963
5815 264238
5816 264059
5817 264546
5818 264225
5819 263386
5820 264192
5821 264204
5822 264266
5823 264420
5824 264624
5825 264364
5826 264327
5827 264301
5828 264110
5829 264166
5830 264463
5831 264595
5832 264110
5833 264710
5834 264289
5835 264228
5836 264338
5837 264574
5838 264429
5839 264265
5840 264869
5841 264193
5842 264328
5843 264950
5844 264627
5845 264088
5846 264367
5847 264425
5848 264282
5849 264549
5850 264753
5851 264489
5852 264345
5853 264613
5854 264828
5855 264053
5856 264688
5857 264183
5858 263866
5859 264612
5860 264318
5861 264399
5862 264615
5863 264592
5864 264108
5865 264682
5866 263993
5867 264485
5868 264318
5869 264092
5870 264454
5871 264566
5872 264336
5873 264235
5874 264219
5875 264193
5876 264596
5877 264684
5878 264578
5879 264229
5880 264827
5881 264696
5882 264820
5883 264637
5884 264388
5885 264448
5886 264112
5887 264378
5888 264312
5889 264475
5890 264650
5891 264493
5892 264454
5893 264821
5894 263982
5895 264237
5896 264147
5897 264358
5898 264235
5899 264370
5900 264205
5901 264709
5902 264719
5903 265133
5904 264465
5905 264973
5906 264227
5907 264930
5908 264893
5909 264274
5910 264720
5911 264734
5912 264450
5913 264652
5914 264837
5915 264704
5916 264800
5917 265167
5918 264577
5919 264878
5920 264961
5921 264460
5922 264750
5923 264309
5924 264560
5925 264486
5926 265114
5927 264583
5928 264815
5929 265116
5930 264795
5931 265153
5932 265091
5933 265068
5934 264677
5935 264596
5936 264951
5937 264955
5938 264833
5939 265010
5940 265095
5941 265116
5942 265303
5943 265313
5944 264952
5945 265667
5946 265454
5947 264512
5948 264557
5949 265033
5950 264732
5951 264688
5952 265057
5953 265076
5954 265139
5955 265308
5956 264628
5957 264788
5958 265012
5959 265196
5960 265236
5961 264581
5962 265431
5963 265248
5964 264732
5965 265492
5966 265363
5967 265179
5968 264506
5969 265013
5970 265101
5971 264997
5972 264938
5973 265096
5974 264986
5975 265089
5976 264634
5977 264979
5978 265142
5979 264986
5980 265079
5981 264689
5982 265069
5983 264970
5984 265429
5985 265441
5986 265105
5987 264769
5988 265259
5989 264851
5990 265098
5991 265002
5992 264937
5993 265145
5994 264608
5995 265142
5996 265296
5997 265351
5998 264876
5999 265499
6000 265340
6001 265259
6002 265637
6003 265371
6004 265246
6005 265297
6006 265709
6007 265484
6008 265366
6009 265062
6010 265710
6011 265477
6012 265143
6013 265318
6014 266034
6015 266018
6016 265459
6017 265873
6018 265652
6019 265557
6020 265406
6021 265335
6022 265678
6023 265319
6024 265489
6025 265570
6026 265817
6027 265851
6028 265674
6029 265373
6030 265636
6031 265568
6032 265403
6033 265329
6034 265602
6035 265376
6036 265530
6037 265351
6038 265455
6039 265730
6040 265722
6041 265257
6042 265347
6043 265716
6044 265375
6045 265326
6046 265145
6047 265766
6048 265498
6049 265498
6050 265773
6051 266013
6052 265008
6053 265498
6054 265462
6055 266024
6056 265635
6057 265642
6058 265737
6059 266013
6060 266122
6061 265629
6062 265584
6063 265717
6064 265501
6065 265901
6066 265800
6067 266281
6068 265993
6069 266173
6070 266246
6071 265824
6072 266166
6073 265832
6074 265641
6075 266200
6076 266489
6077 266492
6078 266224
6079 266367
6080 266328
6081 266192
6082 265988
6083 266519
6084 266586
6085 266421
6086 266324
6087 266133
6088 266395
6089 266479
