H11890
GateTime 10
GateNumber 0
SN 30430302
0 166608
1 167057
2 166724
3 166912
4 166935
5 167178
6 167576
7 167293
8 167455
9 168197
10 168466
11 167726
12 168274
13 168451
14 168142
15 168369
16 168522
17 168388
18 168550
19 169284
20 168971
21 168626
22 168655
23 168380
24 168629
25 168862
26 167989
27 168871
28 168557
29 168813
30 168554
31 168482
32 168065
33 168020
34 167995
35 167744
36 167490
37 167848
38 167947
39 167630
40 167466
41 166857
42 167518
43 167086
44 167809
45 167151
46 167335
47 167474
48 166807
49 166881
50 167173
51 166648
52 167246
53 167229
54 166761
55 166711
56 166549
57 166671
58 166573
59 166229
60 166082
61 166448
62 165962
63 166322
64 166038
65 166409
66 165923
67 165984
68 166062
69 165912
70 165627
71 165524
72 165942
73 165859
74 165712
75 165982
76 165950
77 166195
78 166080
79 165951
80 166299
81 166098
82 166240
83 166137
84 165994
85 165874
86 166481
87 166066
88 166017
89 166341
90 165787
91 166162
92 166197
93 166107
94 165937
95 165517
96 165927
97 165880
98 166454
99 165829
100 165983
101 166664
102 165583
103 165488
104 165297
105 165858
106 165475
107 165681
108 165366
109 165615
110 165595
111 165614
112 165342
113 165356
114 165747
115 165800
116 165528
117 165263
118 165908
119 165163
120 165518
121 165832
122 165732
123 165320
124 165416
125 165581
126 165663
127 166192
128 165733
129 165888
130 165812
131 165739
132 166289
133 165945
134 165726
135 166226
136 165547
137 166035
138 166058
139 166130
140 166043
141 165988
142 165457
143 165306
144 166461
145 165607
146 166023
147 165374
148 166349
149 166060
150 165938
151 165857
152 165859
153 165433
154 166194
155 166508
156 165980
157 166256
158 165849
159 165978
160 166169
161 165978
162 165880
163 166254
164 166214
165 166030
166 166091
167 166252
168 166592
169 166605
170 166049
171 166358
172 166012
173 166086
174 166106
175 166007
176 166241
177 166374
178 166088
179 165857
180 165503
181 166426
182 165996
183 165663
184 166058
185 165895
186 165775
187 165963
188 165989
189 166698
190 165871
191 166064
192 166229
193 166509
194 166049
195 166317
196 166074
197 166398
198 165995
199 166339
200 166511
201 166256
202 166490
203 166599
204 166202
205 166906
206 166428
207 166398
208 166855
209 167367
210 166424
211 166518
212 166081
213 166851
214 166585
215 166869
216 166281
217 166840
218 166416
219 166865
220 166698
221 166604
222 166504
223 166562
224 166703
225 166355
226 166145
227 165981
228 166505
229 166223
230 166334
231 167118
232 166522
233 167001
234 166546
235 166744
236 166457
237 166622
238 166540
239 167155
240 166854
241 166799
242 166835
243 166526
244 166760
245 166751
246 166294
247 166640
248 167071
249 166987
250 166920
251 166463
252 166843
253 166918
254 166899
255 166408
256 167075
257 167615
258 166976
259 166553
260 167058
261 166730
262 166897
263 167743
264 166547
265 167045
266 166909
267 166656
268 167391
269 167096
270 167194
271 167175
272 167105
273 166809
274 166926
275 166963
276 166770
277 167200
278 167463
279 167321
280 167174
281 167034
282 166879
283 166778
284 166834
285 166478
286 167014
287 166987
288 167114
289 167229
290 166621
291 166897
292 167009
293 167166
294 167029
295 166541
296 167058
297 166636
298 166873
299 166958
300 166642
301 167239
302 166671
303 167062
304 166786
305 166960
306 166699
307 166185
308 166580
309 166894
310 166963
311 166958
312 166396
313 166690
314 167358
315 166986
316 167075
317 167065
318 167075
319 166634
320 166351
321 166607
322 166758
323 166660
324 166640
325 166857
326 166431
327 166068
328 167271
329 166982
330 166756
331 166098
332 166392
333 166652
334 166838
335 166768
336 166775
337 166594
338 166571
339 166550
340 167009
341 166808
342 166604
343 167162
344 167332
345 166790
346 166595
347 166733
348 166495
349 166622
350 166904
351 166895
352 167083
353 166946
354 166161
355 166832
356 166638
357 166013
358 166313
359 166842
360 166860
361 166709
362 167164
363 166484
364 166027
365 166924
366 166671
367 166482
368 166576
369 166842
370 166647
371 166987
372 166279
373 166187
374 166319
375 166631
376 166641
377 166699
378 167001
379 166440
380 166282
381 166729
382 166564
383 166532
384 166715
385 166815
386 166076
387 166424
388 166699
389 166377
390 166374
391 166614
392 166227
393 166332
394 167065
395 167033
396 166259
397 166852
398 166501
399 166804
400 166530
401 167032
402 166811
403 167153
404 166770
405 166064
406 167253
407 165874
408 166847
409 166681
410 166862
411 166790
412 166467
413 166598
414 166903
415 166662
416 166961
417 166226
418 167013
419 166291
420 167084
421 166471
422 167247
423 166997
424 166501
425 166531
426 166616
427 166738
428 166262
429 167049
430 167037
431 166673
432 166696
433 166514
434 166772
435 166882
436 166282
437 166720
438 166794
439 166835
440 166567
441 166686
442 166385
443 166322
444 166690
445 166687
446 166284
447 166519
448 166748
449 166085
450 166636
451 166457
452 166502
453 166509
454 166149
455 165940
456 166273
457 166497
458 166638
459 166368
460 166629
461 166299
462 166454
463 166552
464 166298
465 166195
466 166557
467 166229
468 166113
469 166322
470 166384
471 166172
472 165735
473 166002
474 166369
475 166066
476 166148
477 166191
478 165868
479 166475
480 166837
481 165989
482 166294
483 166167
484 165907
485 165692
486 165973
487 166793
488 166502
489 166213
490 166380
491 166004
492 166205
493 166650
494 166318
495 166190
496 165981
497 166193
498 166104
499 166092
500 166145
501 166262
502 166284
503 166270
504 166753
505 166547
506 166344
507 166505
508 166371
509 166567
510 166569
511 166303
512 166974
513 166485
514 166193
515 166060
516 166620
517 166635
518 166616
519 166414
520 166846
521 166325
522 166676
523 166974
524 166739
525 167244
526 166914
527 167400
528 167061
529 167206
530 167183
531 167093
532 167381
533 167148
534 167636
535 167295
536 168047
537 167489
538 167703
539 167614
540 167994
541 167966
542 168358
543 168206
544 168169
545 168298
546 168566
547 168347
548 168682
549 169259
550 169050
551 169485
552 169437
553 169368
554 169538
555 169979
556 169422
557 169602
558 169398
559 170284
560 170585
561 169885
562 170136
563 169949
564 170356
565 170239
566 170893
567 170049
568 169964
569 170421
570 170010
571 169686
572 170172
573 169976
574 169521
575 169496
576 169444
577 169744
578 169858
579 169322
580 168836
581 168358
582 168828
583 168129
584 168498
585 168377
586 167862
587 168131
588 168148
589 168445
590 167817
591 167750
592 167415
593 167828
594 167286
595 167577
596 167070
597 166683
598 167024
599 167644
600 167083
601 167303
602 166839
603 166789
604 166567
605 166803
606 166431
607 166731
608 166645
609 166555
610 166861
611 166504
612 166407
613 166372
614 166063
615 165841
616 166570
617 166062
618 166299
619 166048
620 166312
621 166299
622 166355
623 166221
624 166326
625 166436
626 166246
627 166028
628 166932
629 166472
630 166127
631 166286
632 166201
633 165825
634 166183
635 166126
636 165996
637 166365
638 166054
639 166594
640 166371
641 166366
642 166424
643 166420
644 166556
645 166371
646 167003
647 165938
648 166218
649 166069
650 166519
651 166623
652 166204
653 166587
654 166092
655 165790
656 166032
657 165992
658 166280
659 165276
660 166375
661 166348
662 166292
663 165718
664 165493
665 165587
666 165655
667 166291
668 165903
669 165927
670 166099
671 166347
672 166020
673 165165
674 165806
675 165625
676 165965
677 165897
678 165910
679 165855
680 165832
681 165892
682 165479
683 165865
684 165525
685 166041
686 165456
687 166075
688 165768
689 166392
690 166129
691 166328
692 166203
693 165766
694 166006
695 166211
696 166017
697 166509
698 166257
699 165632
700 165724
701 165767
702 165836
703 166344
704 165934
705 166116
706 165416
707 165480
708 165736
709 165438
710 165725
711 165806
712 166370
713 165912
714 165541
715 165419
716 165712
717 165550
718 165074
719 165774
720 166000
721 165704
722 165943
723 165455
724 165606
725 165691
726 165377
727 165317
728 165494
729 165757
730 165586
731 165864
732 165124
733 165434
734 165381
735 165209
736 165643
737 165288
738 165554
739 165482
740 165243
741 165430
742 165393
743 165243
744 165539
745 165688
746 165536
747 165282
748 165293
749 165767
750 164856
751 165591
752 165169
753 165797
754 165230
755 165490
756 165420
757 165377
758 165447
759 165767
760 165083
761 165326
762 165028
763 165096
764 165290
765 165209
766 164945
767 165277
768 165401
769 164847
770 164784
771 165595
772 164838
773 164974
774 165230
775 164799
776 164840
777 164669
778 164637
779 164981
780 165144
781 164919
782 164834
783 164789
784 164519
785 163944
786 164403
787 164565
788 164793
789 164387
790 164620
791 164656
792 164844
793 164130
794 164559
795 164772
796 164824
797 164821
798 164473
799 164568
800 164775
801 164729
802 164605
803 164822
804 164710
805 164702
806 164843
807 164558
808 164981
809 164960
810 165340
811 164721
812 164935
813 164770
814 164590
815 165421
816 165273
817 164607
818 165578
819 164729
820 165084
821 165065
822 165239
823 165297
824 165731
825 164853
826 165262
827 165195
828 164984
829 165244
830 165059
831 165134
832 164404
833 165050
834 164453
835 164971
836 165135
837 164876
838 164742
839 164617
840 164401
841 164919
842 164982
843 164971
844 164545
845 164882
846 164603
847 164882
848 165123
849 164419
850 165625
851 164508
852 165186
853 165070
854 165307
855 164454
856 165337
857 165209
858 165087
859 164922
860 164794
861 164703
862 165522
863 165731
864 165311
865 165268
866 165039
867 165204
868 165121
869 164781
870 165052
871 165487
872 165523
873 165153
874 165173
875 165480
876 165645
877 165527
878 165476
879 165181
880 165005
881 165365
882 165244
883 165262
884 165053
885 165033
886 164919
887 164973
888 165321
889 165209
890 165238
891 165445
892 164890
893 164838
894 165468
895 165128
896 165283
897 165268
898 164983
899 165509
900 165038
901 165001
902 165636
903 165173
904 165339
905 165536
906 165080
907 165423
908 165356
909 164969
910 165013
911 165462
912 165396
913 164868
914 165567
915 164692
916 165333
917 165137
918 165460
919 165363
920 165739
921 165562
922 165446
923 165488
924 164576
925 165365
926 165137
927 165349
928 165602
929 165962
930 165358
931 165715
932 165350
933 165790
934 165789
935 165773
936 165845
937 165759
938 165380
939 165701
940 165394
941 165447
942 166346
943 165370
944 165139
945 165408
946 166145
947 166061
948 165703
949 165864
950 166030
951 165794
952 166188
953 166203
954 165437
955 165894
956 166183
957 165795
958 165893
959 166155
960 166242
961 165620
962 165698
963 166332
964 165573
965 166376
966 166285
967 166032
968 165709
969 165732
970 166092
971 166367
972 166032
973 166419
974 165555
975 165974
976 165856
977 165993
978 166388
979 166692
980 166564
981 166528
982 165981
983 166276
984 166402
985 166766
986 166669
987 166953
988 166626
989 166788
990 167532
991 167190
992 166815
993 166904
994 166989
995 167488
996 167399
997 167778
998 168012
999 167967
1000 167948
1001 168588
1002 168183
1003 169249
1004 168870
1005 168705
1006 169231
1007 168483
1008 169084
1009 169516
1010 169405
1011 169795
1012 169482
1013 169895
1014 169752
1015 169731
1016 170216
1017 170408
1018 170091
1019 169986
1020 170306
1021 170188
1022 170577
1023 170268
1024 170366
1025 170239
1026 170001
1027 170391
1028 170143
1029 169712
1030 170097
1031 169630
1032 170014
1033 169553
1034 169532
1035 168851
1036 169626
1037 168666
1038 169271
1039 168887
1040 168856
1041 168801
1042 168289
1043 168366
1044 168424
1045 168448
1046 167957
1047 167489
1048 167617
1049 168118
1050 167774
1051 168082
1052 168178
1053 167283
1054 167440
1055 167628
1056 167764
1057 167611
1058 167568
1059 167261
1060 167655
1061 167123
1062 167665
1063 167420
1064 166953
1065 167226
1066 166605
1067 166694
1068 166700
1069 166788
1070 166971
1071 166803
1072 166627
1073 166710
1074 167067
1075 166910
1076 166715
1077 166839
1078 166976
1079 166758
1080 167325
1081 166693
1082 166503
1083 166385
1084 167134
1085 166497
1086 167082
1087 166499
1088 167270
1089 166582
1090 166832
1091 166601
1092 166746
1093 166829
1094 166699
1095 166940
1096 166967
1097 166880
1098 166437
1099 166839
1100 166704
1101 166699
1102 167100
1103 166820
1104 166990
1105 167048
1106 166854
1107 166315
1108 166979
1109 166685
1110 166254
1111 166838
1112 167067
1113 166860
1114 166528
1115 166492
1116 166764
1117 166624
1118 167296
1119 167190
1120 166714
1121 167048
1122 166511
1123 167439
1124 166874
1125 166887
1126 167142
1127 166951
1128 167250
1129 167339
1130 167263
1131 167145
1132 166993
1133 167069
1134 166948
1135 166784
1136 167188
1137 167009
1138 167088
1139 166350
1140 167110
1141 166347
1142 167069
1143 167032
1144 167136
1145 167086
1146 167379
1147 167420
1148 166507
1149 166539
1150 166872
1151 167097
1152 167383
1153 166771
1154 167014
1155 167201
1156 167279
1157 166864
1158 167343
1159 166907
1160 167104
1161 167228
1162 167382
1163 167311
1164 166873
1165 166517
1166 167239
1167 167419
1168 167113
1169 166778
1170 166639
1171 166597
1172 166875
1173 167181
1174 167353
1175 166998
1176 166918
1177 167266
1178 166831
1179 166517
1180 167046
1181 166674
1182 166829
1183 166812
1184 167421
1185 166708
1186 167059
1187 167056
1188 166783
1189 166930
1190 166622
1191 167085
1192 166756
1193 166715
1194 167336
1195 167528
1196 167191
1197 167267
1198 167033
1199 167985
1200 166884
1201 167239
1202 167479
1203 167101
1204 167457
1205 167592
1206 167368
1207 167598
1208 167228
1209 167215
1210 167401
1211 167402
1212 167378
1213 167173
1214 167732
1215 166931
1216 167206
1217 167322
1218 167385
1219 167249
1220 167665
1221 167670
1222 167166
1223 167371
1224 167529
1225 167490
1226 167180
1227 167231
1228 167058
1229 167559
1230 166862
1231 167937
1232 167935
1233 167663
1234 167813
1235 167417
1236 167300
1237 167147
1238 167210
1239 167719
1240 167302
1241 167430
1242 167123
1243 167634
1244 167290
1245 167122
1246 167347
1247 166774
1248 167116
1249 167696
1250 167420
1251 167536
1252 167128
1253 167422
1254 167727
1255 167303
1256 167791
1257 166981
1258 167566
1259 167593
1260 166909
1261 167275
1262 167280
1263 166762
1264 167295
1265 167421
1266 167404
1267 167319
1268 167542
1269 167806
1270 167228
1271 167355
1272 167223
1273 167294
1274 166911
1275 166815
1276 167367
1277 167193
1278 167072
1279 167422
1280 167268
1281 167210
1282 167334
1283 167272
1284 167544
1285 167220
1286 167080
1287 167537
1288 167483
1289 166714
1290 167308
1291 167189
1292 167165
1293 167108
1294 167020
1295 167347
1296 167695
1297 167442
1298 167551
1299 167573
1300 167504
1301 167123
1302 167876
1303 167678
1304 167689
1305 167634
1306 167472
1307 167586
1308 167318
1309 167597
1310 166677
1311 167306
1312 167189
1313 167402
1314 167255
1315 166839
1316 166969
1317 166767
1318 167358
1319 167643
1320 167128
1321 167007
1322 166893
1323 166800
1324 167069
1325 167310
1326 167000
1327 167292
1328 167090
1329 167120
1330 167283
1331 167286
1332 167679
1333 167841
1334 167501
1335 167238
1336 167198
1337 167138
1338 167653
1339 166850
1340 167288
1341 167336
1342 166964
1343 167682
1344 167768
1345 167812
1346 167377
1347 166862
1348 167208
1349 167153
1350 167297
1351 167317
1352 167161
1353 167806
1354 167440
1355 167398
1356 167632
1357 167480
1358 167532
1359 167773
1360 167721
1361 168040
1362 167413
1363 167403
1364 167980
1365 168044
1366 167647
1367 167847
1368 167908
1369 167622
1370 168068
1371 167388
1372 167611
1373 168055
1374 168222
1375 167360
1376 167970
1377 167745
1378 167292
1379 167470
1380 167835
1381 167768
1382 167841
1383 167415
1384 167413
1385 167659
1386 168326
1387 167784
1388 167373
1389 167461
1390 167630
1391 167228
1392 166877
1393 167574
1394 167052
1395 167589
1396 167141
1397 167734
1398 167627
1399 167518
1400 167227
1401 167213
1402 167155
1403 167977
1404 167407
1405 167361
1406 167146
1407 167007
1408 167178
1409 167919
1410 167209
1411 167105
1412 167673
1413 167744
1414 167273
1415 167181
1416 167536
1417 167521
1418 167092
1419 167843
1420 166801
1421 168072
1422 167237
1423 167868
1424 167389
1425 167441
1426 167584
1427 166811
1428 167526
1429 167698
1430 167434
1431 167385
1432 167786
1433 167669
1434 167257
1435 167186
1436 167727
1437 167160
1438 166984
1439 167459
1440 167631
1441 167142
1442 167249
1443 167211
1444 167698
1445 167892
1446 167308
1447 167319
1448 167205
1449 167350
1450 167111
1451 167452
1452 167150
1453 167263
1454 167862
1455 167254
1456 167466
1457 166941
1458 167609
1459 166987
1460 167447
1461 167887
1462 167379
1463 166874
1464 167481
1465 167628
1466 167141
1467 167303
1468 167101
1469 166916
1470 167394
1471 167225
1472 167244
1473 167418
1474 168099
1475 167018
1476 167475
1477 167433
1478 167588
1479 167322
1480 167398
1481 167556
1482 167275
1483 166977
1484 167237
1485 167264
1486 167289
1487 167314
1488 167817
1489 167554
1490 167161
1491 167688
1492 167656
1493 167223
1494 167461
1495 167993
1496 167251
1497 167320
1498 167480
1499 167533
1500 167594
1501 167367
1502 167333
1503 167829
1504 167815
1505 167565
1506 167648
1507 167414
1508 167223
1509 167551
1510 167555
1511 167227
1512 167578
1513 168066
1514 167774
1515 167063
1516 167416
1517 167609
1518 167731
1519 167607
1520 167402
1521 167768
1522 168253
1523 168278
1524 168124
1525 167830
1526 167722
1527 167756
1528 168196
1529 167867
1530 167746
1531 168467
1532 168878
1533 168056
1534 168463
1535 168814
1536 168505
1537 168394
1538 168712
1539 168734
1540 168520
1541 169515
1542 168954
1543 169073
1544 169318
1545 168862
1546 168560
1547 169329
1548 169783
1549 170305
1550 169264
1551 169856
1552 169981
1553 170237
1554 169890
1555 170343
1556 170190
1557 170200
1558 170747
1559 170858
1560 170584
1561 170899
1562 170518
1563 171478
1564 171143
1565 171369
1566 171345
1567 171087
1568 171520
1569 171305
1570 171053
1571 170724
1572 171022
1573 170918
1574 170733
1575 170395
1576 170850
1577 170496
1578 170535
1579 170073
1580 170074
1581 170068
1582 170027
1583 169245
1584 169928
1585 169468
1586 169043
1587 169469
1588 168830
1589 168976
1590 169015
1591 168736
1592 168944
1593 168600
1594 168655
1595 168299
1596 167977
1597 168245
1598 168044
1599 168470
1600 168559
1601 167708
1602 168048
1603 168050
1604 167936
1605 168248
1606 167713
1607 167928
1608 167547
1609 167412
1610 167684
1611 167914
1612 167930
1613 167146
1614 167167
1615 167118
1616 166870
1617 167130
1618 167552
1619 166757
1620 166690
1621 166617
1622 166668
1623 166749
1624 166794
1625 166673
1626 166943
1627 166450
1628 166300
1629 166519
1630 166041
1631 166365
1632 166237
1633 167004
1634 166678
1635 166160
1636 166431
1637 166186
1638 166079
1639 166334
1640 165807
1641 166476
1642 166031
1643 166698
1644 166516
1645 166156
1646 165705
1647 165986
1648 165678
1649 166165
1650 165842
1651 165667
1652 165866
1653 165565
1654 165891
1655 166050
1656 165717
1657 165985
1658 166132
1659 165703
1660 165614
1661 165675
1662 165661
1663 165562
1664 165831
1665 165208
1666 165896
1667 165887
1668 165994
1669 165726
1670 165232
1671 165507
1672 165895
1673 165569
1674 165752
1675 165861
1676 165946
1677 165313
1678 165762
1679 165583
1680 166059
1681 165416
1682 165246
1683 165845
1684 165579
1685 165430
1686 165764
1687 165446
1688 165740
1689 165176
1690 165843
1691 165617
1692 165765
1693 165652
1694 165966
1695 166281
1696 165310
1697 165613
1698 166180
1699 165835
1700 165221
1701 165462
1702 165944
1703 165939
1704 165946
1705 165972
1706 165845
1707 165377
1708 165643
1709 165670
1710 165807
1711 165306
1712 165401
1713 165376
1714 165986
1715 165905
1716 166008
1717 165513
1718 166228
1719 165579
1720 165883
1721 165328
1722 166200
1723 165706
1724 165820
1725 165787
1726 165929
1727 165184
1728 165818
1729 165532
1730 166010
1731 165791
1732 166312
1733 166105
1734 165721
1735 165881
1736 165752
1737 166058
1738 165841
1739 166195
1740 166034
1741 165806
1742 165707
1743 165683
1744 165639
1745 165948
1746 165864
1747 165583
1748 165431
1749 165546
1750 165887
1751 165735
1752 165387
1753 165163
1754 165051
1755 165606
1756 164964
1757 165168
1758 164969
1759 165016
1760 165133
1761 165128
1762 164908
1763 165104
1764 165476
1765 164785
1766 164855
1767 165284
1768 164809
1769 165266
1770 165408
1771 165053
1772 164936
1773 165080
1774 165501
1775 164939
1776 165250
1777 164801
1778 165011
1779 165455
1780 165454
1781 165697
1782 165619
1783 165514
1784 165227
1785 165661
1786 164892
1787 165505
1788 165489
1789 164560
1790 165028
1791 165833
1792 165169
1793 164973
1794 165196
1795 165193
1796 164665
1797 164568
1798 165245
1799 164867
1800 165377
1801 165032
1802 164633
1803 165023
1804 164906
1805 164850
1806 164791
1807 164928
1808 164645
1809 165191
1810 165044
1811 165117
1812 164595
1813 164660
1814 164993
1815 165051
1816 165039
1817 165130
1818 165017
1819 165084
1820 164183
1821 164774
1822 165046
1823 164788
1824 164846
1825 164917
1826 164940
1827 164769
1828 165157
1829 165111
1830 165275
1831 165238
1832 165057
1833 165085
1834 164633
1835 164687
1836 164824
1837 164924
1838 164700
1839 165323
1840 165237
1841 164411
1842 165302
1843 165073
1844 164470
1845 164820
1846 164960
1847 164265
1848 164777
1849 164971
1850 164672
1851 165177
1852 164801
1853 164522
1854 164424
1855 164893
1856 165106
1857 164714
1858 164283
1859 164252
1860 165125
1861 164576
1862 164876
1863 164445
1864 165126
1865 164349
1866 164447
1867 164891
1868 165166
1869 164953
1870 164379
1871 164310
1872 164427
1873 164941
1874 164312
1875 164818
1876 164756
1877 164717
1878 164942
1879 164497
1880 164568
1881 164813
1882 164754
1883 164569
1884 164849
1885 164477
1886 165051
1887 164647
1888 164638
1889 164822
1890 164760
1891 164633
1892 164460
1893 165152
1894 164594
1895 164725
1896 164658
1897 164632
1898 165352
1899 165020
1900 163959
1901 164585
1902 164469
1903 164450
1904 164270
1905 164945
1906 165220
1907 164756
1908 164627
1909 165099
1910 164798
1911 164485
1912 164890
1913 163952
1914 164568
1915 164809
1916 164495
1917 164446
1918 164641
1919 164934
1920 164425
1921 164500
1922 164758
1923 164618
1924 164357
1925 164034
1926 164318
1927 163865
1928 164788
1929 164283
1930 164633
1931 165070
1932 164910
1933 164719
1934 165029
1935 165156
1936 164715
1937 164569
1938 164887
1939 164599
1940 164491
1941 165046
1942 164848
1943 164742
1944 165107
1945 165277
1946 165310
1947 164698
1948 164791
1949 165279
1950 164969
1951 165497
1952 165233
1953 164860
1954 165261
1955 164810
1956 165490
1957 165201
1958 165662
1959 165085
1960 164809
1961 165089
1962 165064
1963 165305
1964 165189
1965 165495
1966 165085
1967 165283
1968 164875
1969 165006
1970 164949
1971 165078
1972 165077
1973 165520
1974 165277
1975 165098
1976 165409
1977 165331
1978 165640
1979 165199
1980 165278
1981 165248
1982 165531
1983 165103
1984 165499
1985 165509
1986 165552
1987 165724
1988 165536
1989 165910
1990 166000
1991 165897
1992 165563
1993 165984
1994 165786
1995 165758
1996 166130
1997 166401
1998 166350
1999 166508
2000 166426
2001 166913
2002 166430
2003 167147
2004 166894
2005 166944
2006 166382
2007 167463
2008 167502
2009 167266
2010 167401
2011 168005
2012 167218
2013 168055
2014 168261
2015 168547
2016 168191
2017 168259
2018 168222
2019 168513
2020 168539
2021 168493
2022 169209
2023 168454
2024 168482
2025 168596
2026 168021
2027 168043
2028 168569
2029 167740
2030 168457
2031 168236
2032 167880
2033 167966
2034 168397
2035 168108
2036 167996
2037 167295
2038 167840
2039 167370
2040 167203
2041 167481
2042 167322
2043 167206
2044 166967
2045 166560
2046 166514
2047 167298
2048 166552
2049 166526
2050 166486
2051 166260
2052 166924
2053 166435
2054 166375
2055 166156
2056 166457
2057 165866
2058 166440
2059 166344
2060 166369
2061 165791
2062 165987
2063 166209
2064 166187
2065 165562
2066 165703
2067 165453
2068 165508
2069 165544
2070 165633
2071 165596
2072 165873
2073 165145
2074 165425
2075 165896
2076 165955
2077 165287
2078 165957
2079 165967
2080 165912
2081 165685
2082 166293
2083 165764
2084 165179
2085 165534
2086 165462
2087 165837
2088 165245
2089 165376
2090 165765
2091 165444
2092 165211
2093 165376
2094 165201
2095 165536
2096 165344
2097 165100
2098 165147
2099 164536
2100 165075
2101 165260
2102 165177
2103 165369
2104 164946
2105 164658
2106 165061
2107 165013
2108 165092
2109 165556
2110 165352
2111 165303
2112 165086
2113 164944
2114 164880
2115 164470
2116 164812
2117 165242
2118 164827
2119 165343
2120 165156
2121 164831
2122 165170
2123 164823
2124 165378
2125 164985
2126 164295
2127 165078
2128 164545
2129 165178
2130 164227
2131 164794
2132 165382
2133 164740
2134 164636
2135 165007
2136 164674
2137 164783
2138 164699
2139 164705
2140 164775
2141 164739
2142 165102
2143 165384
2144 164791
2145 164882
2146 164562
2147 165236
2148 165315
2149 164901
2150 164625
2151 165299
2152 164970
2153 164982
2154 164320
2155 164937
2156 164964
2157 165068
2158 165239
2159 164965
2160 164270
2161 165350
2162 165100
2163 165034
2164 165461
2165 165021
2166 164975
2167 165275
2168 164860
2169 164928
2170 164927
2171 164569
2172 164861
2173 165312
2174 164570
2175 165657
2176 164701
2177 164540
2178 165172
2179 164905
2180 165115
2181 165177
2182 164424
2183 164938
2184 165263
2185 165265
2186 164935
2187 165356
2188 165226
2189 165168
2190 164969
2191 164829
2192 165273
2193 165251
2194 164764
2195 165039
2196 165101
2197 165208
2198 165145
2199 165302
2200 164937
2201 165098
2202 165096
2203 164933
2204 164867
2205 165276
2206 165263
2207 165221
2208 165014
2209 165001
2210 165556
2211 165375
2212 164820
2213 165348
2214 165517
2215 164559
2216 164962
2217 165422
2218 165096
2219 165316
2220 164856
2221 164632
2222 165163
2223 165252
2224 165529
2225 165401
2226 165443
2227 165165
2228 164899
2229 165177
2230 165136
2231 165215
2232 165085
2233 164739
2234 165186
2235 165353
2236 164893
2237 165134
2238 165372
2239 164922
2240 164923
2241 165340
2242 164769
2243 165635
2244 165636
2245 165616
2246 164712
2247 165115
2248 164968
2249 165271
2250 165437
2251 165650
2252 165828
2253 165433
2254 165323
2255 165038
2256 165709
2257 165495
2258 165455
2259 165428
2260 164792
2261 165012
2262 165393
2263 165577
2264 165521
2265 165217
2266 165230
2267 165059
2268 165114
2269 165196
2270 165056
2271 165087
2272 164678
2273 165356
2274 165492
2275 164987
2276 164569
2277 164999
2278 164930
2279 165000
2280 165310
2281 165013
2282 165259
2283 164960
2284 165359
2285 164752
2286 165062
2287 165192
2288 164702
2289 165753
2290 165069
2291 164836
2292 164910
2293 164965
2294 165150
2295 165025
2296 164884
2297 165080
2298 165035
2299 164884
2300 164663
2301 164977
2302 164870
2303 165841
2304 165188
2305 165273
2306 165074
2307 165674
2308 165329
2309 165131
2310 165344
2311 165178
2312 164666
2313 164582
2314 165424
2315 165430
2316 164355
2317 165002
2318 164801
2319 164621
2320 165114
2321 164474
2322 164864
2323 165124
2324 164994
2325 164724
2326 165031
2327 165114
2328 165473
2329 164376
2330 164449
2331 165680
2332 165344
2333 164914
2334 165095
2335 164978
2336 164598
2337 164645
2338 164744
2339 164698
2340 164956
2341 164915
2342 164480
2343 164790
2344 164451
2345 164471
2346 164581
2347 164657
2348 164843
2349 165115
2350 164573
2351 164972
2352 164656
2353 164610
2354 164473
2355 164840
2356 164310
2357 164904
2358 164589
2359 165098
2360 164528
2361 165039
2362 164905
2363 164886
2364 164982
2365 164975
2366 165100
2367 164481
2368 164917
2369 164537
2370 164842
2371 164766
2372 165107
2373 164394
2374 164300
2375 164980
2376 164514
2377 165320
2378 164863
2379 164498
2380 164247
2381 164603
2382 164423
2383 164755
2384 164462
2385 164816
2386 164681
2387 164665
2388 165056
2389 164823
2390 164625
2391 164826
2392 164274
2393 164250
2394 164691
2395 164895
2396 164619
2397 164468
2398 164241
2399 164803
2400 164171
2401 164063
2402 164448
2403 164701
2404 164152
2405 164123
2406 164552
2407 164240
2408 164729
2409 164130
2410 164474
2411 164029
2412 164292
2413 164018
2414 164482
2415 164180
2416 164071
2417 163730
2418 164039
2419 164248
2420 164534
2421 163889
2422 164760
2423 163721
2424 164408
2425 164088
2426 164666
2427 164302
2428 164405
2429 163971
2430 164233
2431 164023
2432 164170
2433 164395
2434 163971
2435 164264
2436 163769
2437 164139
2438 164000
2439 164123
2440 163953
2441 164229
2442 163991
2443 164292
2444 164604
2445 164125
2446 163719
2447 163483
2448 164383
2449 164517
2450 163498
2451 164069
2452 164024
2453 164254
2454 164039
2455 163644
2456 164230
2457 164066
2458 164164
2459 163833
2460 164110
2461 163643
2462 164336
2463 163627
2464 163554
2465 164425
2466 164461
2467 164267
2468 164302
2469 163582
2470 164478
2471 163611
2472 163795
2473 163780
2474 164075
2475 163503
2476 163898
2477 164291
2478 163806
2479 163705
2480 163957
2481 163928
2482 163627
2483 163842
2484 164136
2485 164479
2486 163553
2487 164241
2488 164133
2489 164430
2490 163744
2491 163875
2492 163802
2493 164230
2494 164458
2495 163713
2496 163824
2497 164117
2498 164201
2499 163802
2500 164238
2501 163675
2502 164063
2503 163864
2504 163932
2505 163844
2506 163467
2507 164000
2508 164132
2509 163999
2510 163190
2511 164051
2512 164346
2513 163987
2514 163865
2515 163990
2516 164037
2517 163579
2518 164176
2519 163782
2520 164080
2521 163949
2522 164188
2523 163776
2524 164246
2525 163943
2526 164472
2527 164386
2528 164244
2529 164603
2530 164525
2531 164183
2532 164010
2533 164366
2534 164225
2535 164585
2536 165015
2537 164329
2538 164421
2539 164913
2540 164278
2541 165202
2542 164817
2543 165088
2544 165145
2545 165152
2546 165092
2547 165141
2548 165431
2549 165504
2550 165497
2551 165015
2552 165464
2553 166005
2554 165768
2555 165745
2556 165734
2557 165787
2558 166124
2559 166344
2560 165864
2561 166125
2562 166091
2563 166202
2564 165868
2565 165698
2566 165813
2567 165965
2568 165910
2569 166162
2570 165472
2571 165673
2572 165043
2573 165849
2574 165570
2575 165223
2576 165206
2577 164645
2578 165002
2579 165063
2580 164229
2581 164633
2582 165404
2583 164631
2584 164243
2585 164470
2586 164341
2587 164323
2588 164595
2589 163895
2590 163877
2591 163652
2592 163919
2593 163692
2594 163734
2595 163768
2596 163826
2597 163214
2598 163668
2599 163579
2600 162997
2601 163743
2602 163612
2603 162843
2604 163116
2605 163062
2606 163420
2607 163373
2608 162567
2609 162998
2610 163064
2611 162549
2612 163002
2613 162704
2614 163215
2615 162785
2616 162406
2617 162645
2618 161991
2619 162500
2620 161814
2621 161936
2622 162271
2623 162279
2624 161698
2625 162001
2626 161730
2627 162501
2628 161934
2629 161939
2630 162237
2631 161867
2632 161762
2633 161764
2634 162014
2635 161879
2636 161755
2637 162077
2638 161830
2639 162486
2640 162326
2641 161735
2642 162229
2643 161434
2644 161913
2645 162504
2646 161899
2647 161972
2648 161548
2649 161647
2650 161800
2651 162195
2652 161882
2653 162239
2654 161894
2655 161371
2656 161428
2657 161911
2658 161611
2659 161498
2660 161435
2661 161353
2662 161881
2663 161463
2664 161002
2665 161755
2666 161345
2667 161666
2668 160965
2669 160925
2670 161232
2671 161241
2672 161129
2673 160987
2674 161263
2675 160976
2676 161451
2677 160580
2678 160320
2679 160901
2680 160633
2681 160845
2682 161150
2683 160996
2684 160851
2685 160838
2686 161170
2687 160862
2688 160949
2689 160857
2690 161025
2691 161045
2692 160618
2693 160691
2694 160497
2695 160951
2696 160692
2697 160351
2698 160187
2699 160281
2700 161077
2701 160814
2702 160487
2703 160768
2704 160696
2705 161068
2706 160735
2707 160773
2708 160904
2709 160182
2710 160604
2711 160591
2712 160549
2713 160689
2714 160873
2715 160642
2716 160832
2717 160821
2718 160026
2719 160390
2720 160398
2721 160541
2722 160506
2723 160319
2724 160252
2725 160136
2726 160102
2727 160147
2728 160065
2729 160267
2730 159924
2731 159961
2732 160005
2733 160431
2734 160200
2735 160166
2736 159980
2737 160078
2738 160337
2739 160027
2740 160027
2741 160098
2742 160562
2743 159724
2744 160080
2745 159966
2746 159540
2747 159942
2748 159650
2749 160414
2750 160289
2751 159854
2752 159842
2753 159981
2754 160142
2755 159706
2756 159723
2757 160008
2758 160086
2759 159529
2760 159844
2761 159976
2762 159345
2763 160377
2764 159547
2765 159563
2766 159009
2767 159496
2768 159590
2769 159557
2770 159861
2771 159355
2772 159192
2773 160031
2774 158959
2775 159819
2776 159529
2777 159399
2778 158976
2779 159529
2780 158905
2781 159806
2782 159490
2783 159659
2784 159241
2785 159306
2786 159614
2787 159481
2788 158885
2789 159551
2790 159255
2791 158883
2792 159419
2793 159380
2794 159454
2795 159226
2796 159000
2797 158877
2798 159001
2799 158406
2800 159146
2801 159458
2802 159343
2803 159121
2804 159014
2805 158590
2806 159157
2807 158643
2808 159253
2809 159102
2810 159284
2811 158940
2812 159559
2813 159164
2814 158630
2815 158898
2816 158933
2817 159204
2818 159447
2819 158866
2820 159100
2821 159327
2822 159154
2823 159781
2824 159686
2825 159169
2826 159839
2827 159337
2828 159546
2829 158939
2830 159377
2831 159573
2832 159118
2833 158962
2834 159181
2835 159003
2836 159873
2837 159410
2838 159130
2839 159552
2840 158773
2841 158673
2842 159188
2843 158631
2844 159480
2845 159286
2846 159236
2847 158922
2848 160007
2849 159264
2850 159767
2851 159400
2852 158828
2853 159645
2854 159315
2855 159404
2856 159274
2857 159804
2858 158609
2859 159029
2860 158874
2861 158461
2862 159434
2863 158805
2864 159478
2865 159241
2866 158202
2867 159167
2868 159606
2869 159583
2870 159242
2871 159432
2872 159442
2873 159442
2874 159254
2875 159110
2876 158823
2877 159612
2878 159510
2879 158764
2880 158998
2881 159204
2882 159322
2883 159371
2884 159396
2885 159872
2886 159722
2887 159386
2888 159706
2889 159322
2890 158932
2891 159809
2892 159276
2893 159185
2894 160078
2895 159989
2896 159844
2897 159766
2898 159366
2899 159886
2900 159738
2901 159405
2902 159967
2903 159273
2904 159710
2905 159116
2906 160075
2907 159606
2908 159778
2909 159366
2910 159782
2911 159691
2912 159490
2913 159696
2914 159186
2915 159446
2916 159792
2917 159661
2918 158719
2919 158906
2920 159203
2921 159070
2922 159208
2923 158583
2924 158391
2925 158521
2926 158906
2927 158662
2928 159003
2929 158853
2930 158523
2931 159154
2932 158672
2933 158735
2934 159057
2935 158408
2936 158649
2937 158807
2938 159170
2939 158348
2940 159154
2941 159092
2942 159039
2943 158640
2944 158894
2945 158840
2946 158850
2947 159093
2948 158590
2949 158983
2950 158898
2951 158766
2952 158785
2953 159024
2954 158840
2955 158532
2956 158450
2957 158398
2958 158745
2959 159370
2960 159211
2961 159183
2962 159008
2963 159205
2964 159237
2965 159082
2966 159071
2967 159108
2968 159460
2969 159564
2970 159238
2971 159311
2972 159131
2973 159271
2974 159292
2975 159435
2976 159272
2977 159011
2978 158838
2979 159076
2980 159370
2981 160142
2982 159089
2983 159256
2984 159134
2985 160201
2986 159507
2987 159536
2988 159650
2989 159955
2990 159660
2991 159832
2992 159952
2993 159237
2994 159908
2995 159857
2996 160387
2997 160121
2998 160162
2999 159854
3000 159504
3001 159714
3002 159894
3003 160237
3004 160003
3005 160419
3006 160325
3007 159771
3008 160615
3009 160274
3010 160190
3011 161078
3012 160706
3013 160749
3014 160743
3015 160479
3016 161087
3017 160226
3018 161178
3019 160970
3020 161147
3021 160968
3022 160730
3023 160560
3024 160883
3025 160790
3026 160801
3027 160785
3028 160594
3029 160913
3030 160802
3031 160874
3032 160989
3033 160628
3034 160733
3035 160706
3036 160273
3037 160777
3038 160792
3039 160267
3040 160092
3041 160235
3042 159811
3043 159973
3044 160053
3045 159674
3046 159650
3047 159453
3048 159742
3049 159240
3050 159367
3051 159809
3052 158760
3053 159061
3054 158976
3055 158954
3056 159601
3057 159464
3058 159297
3059 159416
3060 158914
3061 159287
3062 158429
3063 159052
3064 158606
3065 158583
3066 158917
3067 158904
3068 158802
3069 158863
3070 158552
3071 158685
3072 158594
3073 158457
3074 158527
3075 158436
3076 158166
3077 158734
3078 158825
3079 158853
3080 158059
3081 158524
3082 158418
3083 158545
3084 158403
3085 158814
3086 158656
3087 158509
3088 158299
3089 158338
3090 157705
3091 157697
3092 158288
3093 158071
3094 158697
3095 158056
3096 158046
3097 158354
3098 158297
3099 158252
3100 158546
3101 158006
3102 158492
3103 158770
3104 158573
3105 158176
3106 157813
3107 157889
3108 158922
3109 157974
3110 158424
3111 158200
3112 157868
3113 158509
3114 158469
3115 158414
3116 158412
3117 158096
3118 157749
3119 158125
3120 157595
3121 158354
3122 157930
3123 158060
3124 158074
3125 157835
3126 158390
3127 157988
3128 158478
3129 158314
3130 158309
3131 158226
3132 158732
3133 157924
3134 158255
3135 157692
3136 158016
3137 157861
3138 158053
3139 157829
3140 157683
3141 157884
3142 158097
3143 157725
3144 158129
3145 158008
3146 157755
3147 157697
3148 157612
3149 157659
3150 157659
3151 157777
3152 157994
3153 157845
3154 158183
3155 158081
3156 158334
3157 158248
3158 158323
3159 157780
3160 157900
3161 157212
3162 157914
3163 158130
3164 157529
3165 157789
3166 157639
3167 158225
3168 158166
3169 156867
3170 158099
3171 158016
3172 157925
3173 157641
3174 157936
3175 158323
3176 157568
3177 158016
3178 157943
3179 157025
3180 157524
3181 157331
3182 157675
3183 157746
3184 157907
3185 158084
3186 158102
3187 158053
3188 158141
3189 158261
3190 157758
3191 158073
3192 157763
3193 157864
3194 157740
3195 157342
3196 157428
3197 157979
3198 157626
3199 157976
3200 157553
3201 157691
3202 157870
3203 157697
3204 157785
3205 158140
3206 157571
3207 157733
3208 157695
3209 158104
3210 157560
3211 157640
3212 157758
3213 157705
3214 157853
3215 158009
3216 157555
3217 158072
3218 157573
3219 157911
3220 157537
3221 157890
3222 158647
3223 158093
3224 157574
3225 158157
3226 157602
3227 157678
3228 157429
3229 157729
3230 157671
3231 157687
3232 157422
3233 157341
3234 157292
3235 157298
3236 157436
3237 157279
3238 157812
3239 157393
3240 158056
3241 157417
3242 158061
3243 158029
3244 157650
3245 157617
3246 158197
3247 157695
3248 157238
3249 157444
3250 157404
3251 157671
3252 157130
3253 157512
3254 157343
3255 157373
3256 157486
3257 157543
3258 157442
3259 157838
3260 157870
3261 157896
3262 157886
3263 157640
3264 157537
3265 157716
3266 157637
3267 157812
3268 157574
3269 157033
3270 157784
3271 157727
3272 157764
3273 157354
3274 157574
3275 157346
3276 157655
3277 157309
3278 157866
3279 158063
3280 157863
3281 157940
3282 157274
3283 157344
3284 157445
3285 157793
3286 157347
3287 157765
3288 157586
3289 157489
3290 157560
3291 157892
3292 157523
3293 157808
3294 157730
3295 157673
3296 157180
3297 157790
3298 157874
3299 157487
3300 157923
3301 157453
3302 157449
3303 157942
3304 158014
3305 157547
3306 157290
3307 157614
3308 157326
3309 156738
3310 157185
3311 157582
3312 156757
3313 157853
3314 157514
3315 157592
3316 157078
3317 157241
3318 157081
3319 157192
3320 156866
3321 157127
3322 157008
3323 157189
3324 156848
3325 157157
3326 156892
3327 157069
3328 156770
3329 157137
3330 157135
3331 157095
3332 156854
3333 156822
3334 156694
3335 157125
3336 157073
3337 156998
3338 156778
3339 157044
3340 156464
3341 156754
3342 156781
3343 156498
3344 156949
3345 156978
3346 156713
3347 157020
3348 156894
3349 156680
3350 156784
3351 156751
3352 156565
3353 156303
3354 157052
3355 156256
3356 155924
3357 156704
3358 156699
3359 156735
3360 156753
3361 156637
3362 156855
3363 156620
3364 156764
3365 156238
3366 156925
3367 157100
3368 156273
3369 156198
3370 156270
3371 156254
3372 155745
3373 156486
3374 157094
3375 156290
3376 155895
3377 156242
3378 156225
3379 156319
3380 156097
3381 155933
3382 155874
3383 156086
3384 155846
3385 155779
3386 156543
3387 156372
3388 155799
3389 155754
3390 155526
3391 156006
3392 155579
3393 155672
3394 155659
3395 155949
3396 156257
3397 155408
3398 155911
3399 155850
3400 155472
3401 155992
3402 155860
3403 155720
3404 155591
3405 155017
3406 155699
3407 155310
3408 155505
3409 154976
3410 155360
3411 155680
3412 155223
3413 155519
3414 155864
3415 155376
3416 155663
3417 155005
3418 155521
3419 156167
3420 155842
3421 155623
3422 155552
3423 156148
3424 155184
3425 155285
3426 155660
3427 155143
3428 155252
3429 155920
3430 155019
3431 155797
3432 155483
3433 155666
3434 155571
3435 155019
3436 155480
3437 154962
3438 155571
3439 155266
3440 155347
3441 155275
3442 155762
3443 155223
3444 155574
3445 155200
3446 155089
3447 155584
3448 155209
3449 155382
3450 155810
3451 155566
3452 155759
3453 155079
3454 155627
3455 155688
3456 155546
3457 155248
3458 155152
3459 155823
3460 155896
3461 155234
3462 154944
3463 155275
3464 155110
3465 155183
3466 155162
3467 154934
3468 154902
3469 155110
3470 155234
3471 155358
3472 155500
3473 155497
3474 155029
3475 155334
3476 154704
3477 155840
3478 155556
3479 155230
3480 155721
3481 154567
3482 155614
3483 155241
3484 155637
3485 155077
3486 155417
3487 154846
3488 154971
3489 154601
3490 155112
3491 154672
3492 155284
3493 155088
3494 155043
3495 154856
3496 154800
3497 154204
3498 155081
3499 154871
3500 154695
3501 154784
3502 155205
3503 154767
3504 154340
3505 154470
3506 155105
3507 154804
3508 154389
3509 154353
3510 154797
3511 154691
3512 154935
3513 154794
3514 155052
3515 154197
3516 154314
3517 154609
3518 154772
3519 155011
3520 154398
3521 154807
3522 154866
3523 155209
3524 154529
3525 155365
3526 154936
3527 155183
3528 155104
3529 155344
3530 154991
3531 155007
3532 155036
3533 155316
3534 155544
3535 154947
3536 154804
3537 154825
3538 155295
3539 155479
3540 155389
3541 155640
3542 155624
3543 155378
3544 155456
3545 155655
3546 155504
3547 156280
3548 155896
3549 155930
3550 156121
3551 155874
3552 156121
3553 156565
3554 156337
3555 156349
3556 156451
3557 156618
3558 156710
3559 156555
3560 156477
3561 156329
3562 156801
3563 156777
3564 156764
3565 156571
3566 156219
3567 156871
3568 156150
3569 156608
3570 156702
3571 156391
3572 156240
3573 156289
3574 156796
3575 156355
3576 156294
3577 156291
3578 155677
3579 156361
3580 155598
3581 156276
3582 156192
3583 156033
3584 155210
3585 155329
3586 155935
3587 155588
3588 155203
3589 155379
3590 155310
3591 154822
3592 155300
3593 155010
3594 155370
3595 155451
3596 154959
3597 155147
3598 154682
3599 155376
3600 154847
3601 155079
3602 154469
3603 154456
3604 154385
3605 154494
3606 154504
3607 154152
3608 154368
3609 154623
3610 154543
3611 153981
3612 154594
3613 154779
3614 154589
3615 154646
3616 153886
3617 154355
3618 153992
3619 154391
3620 154049
3621 154403
3622 154551
3623 154399
3624 154152
3625 154042
3626 154335
3627 153948
3628 154327
3629 154139
3630 154178
3631 154184
3632 153845
3633 154211
3634 154789
3635 153822
3636 153537
3637 153673
3638 153876
3639 153522
3640 153864
3641 154194
3642 153403
3643 153633
3644 153691
3645 154123
3646 153627
3647 153558
3648 153426
3649 153742
3650 153596
3651 153692
3652 153904
3653 153488
3654 153312
3655 153447
3656 153283
3657 153010
3658 153786
3659 153828
3660 154032
3661 153716
3662 153227
3663 153238
3664 153362
3665 153776
3666 154002
3667 153665
3668 153776
3669 153389
3670 153432
3671 153341
3672 153845
3673 153708
3674 153210
3675 153413
3676 153135
3677 153428
3678 152943
3679 153217
3680 153729
3681 153693
3682 153011
3683 153366
3684 152998
3685 153521
3686 153351
3687 152928
3688 153146
3689 153174
3690 153515
3691 153359
3692 153698
3693 153242
3694 153417
3695 153319
3696 153238
3697 153064
3698 153137
3699 153359
3700 153135
3701 153649
3702 152925
3703 153211
3704 153308
3705 153300
3706 153137
3707 153282
3708 153586
3709 153116
3710 153112
3711 153155
3712 152539
3713 153094
3714 152946
3715 152756
3716 152903
3717 152501
3718 153135
3719 152669
3720 152402
3721 152749
3722 152880
3723 153382
3724 153082
3725 152873
3726 152919
3727 153084
3728 152906
3729 152823
3730 152749
3731 152784
3732 152816
3733 152370
3734 152889
3735 152905
3736 152530
3737 152280
3738 152801
3739 152150
3740 152887
3741 152730
3742 152869
3743 152328
3744 152575
3745 152312
3746 152451
3747 152404
3748 152928
3749 152106
3750 152489
3751 152263
3752 152282
3753 151733
3754 152551
3755 152551
3756 152290
3757 152236
3758 152500
3759 152343
3760 152460
3761 152317
3762 152472
3763 152635
3764 152523
3765 152122
3766 152202
3767 152397
3768 151745
3769 152047
3770 152138
3771 152128
3772 152610
3773 152201
3774 152109
3775 152267
3776 152739
3777 151989
3778 152129
3779 152127
3780 151865
3781 151990
3782 152173
3783 151783
3784 151931
3785 152312
3786 151980
3787 151964
3788 152487
3789 151764
3790 152181
3791 152174
3792 151932
3793 152139
3794 152035
3795 152383
3796 152119
3797 152184
3798 152152
3799 151544
3800 151918
3801 152171
3802 151673
3803 151608
3804 151653
3805 151546
3806 151675
3807 152049
3808 151741
3809 151815
3810 152198
3811 152486
3812 151984
3813 152476
3814 152354
3815 152498
3816 152599
3817 151559
3818 152522
3819 152135
3820 152150
3821 151926
3822 152713
3823 152087
3824 152084
3825 152073
3826 151925
3827 152454
3828 151726
3829 152637
3830 152612
3831 152767
3832 152340
3833 152584
3834 151787
3835 152177
3836 152279
3837 152610
3838 152213
3839 152388
3840 152085
3841 152128
3842 152442
3843 152327
3844 151936
3845 152517
3846 151836
3847 152109
3848 152627
3849 152313
3850 152434
3851 152184
3852 151918
3853 152611
3854 152572
3855 152202
3856 152495
3857 152631
3858 152501
3859 152036
3860 152136
3861 152076
3862 152390
3863 152633
3864 152741
3865 152913
3866 152928
3867 153050
3868 152651
3869 153117
3870 152278
3871 152097
3872 152680
3873 152676
3874 152976
3875 152291
3876 152719
3877 153172
3878 152852
3879 152809
3880 152302
3881 152471
3882 152212
3883 152651
3884 152358
3885 152680
3886 153145
3887 152834
3888 152849
3889 152669
3890 153107
3891 152511
3892 152910
3893 152974
3894 152521
3895 152339
3896 152650
3897 152471
3898 153217
3899 152944
3900 152790
3901 152530
3902 152764
3903 152425
3904 152441
3905 152852
3906 152802
3907 153068
3908 152871
3909 152781
3910 152890
3911 152929
3912 152710
3913 153023
3914 153210
3915 153320
3916 152753
3917 152752
3918 152439
3919 152315
3920 152972
3921 153124
3922 153006
3923 153822
3924 153147
3925 153399
3926 153036
3927 152742
3928 152913
3929 153176
3930 152621
3931 152798
3932 153048
3933 153501
3934 153252
3935 153596
3936 153383
3937 153109
3938 152898
3939 152767
3940 153190
3941 153481
3942 153650
3943 153066
3944 153374
3945 153366
3946 153268
3947 153601
3948 153689
3949 153180
3950 153028
3951 153272
3952 153371
3953 153493
3954 153322
3955 153717
3956 152890
3957 153500
3958 153517
3959 153940
3960 153551
3961 153263
3962 153588
3963 153831
3964 153928
3965 153323
3966 153992
3967 153339
3968 153584
3969 153635
3970 153557
3971 154317
3972 153552
3973 153696
3974 153818
3975 153996
3976 153822
3977 153380
3978 153472
3979 154291
3980 154049
3981 154067
3982 153898
3983 154215
3984 154356
3985 154089
3986 153803
3987 153767
3988 154137
3989 154340
3990 154903
3991 154426
3992 153984
3993 154516
3994 155028
3995 154885
3996 155086
3997 154572
3998 154567
3999 154897
4000 154864
4001 154692
4002 155368
4003 154922
4004 155193
4005 154948
4006 154643
4007 155008
4008 155291
4009 155667
4010 155547
4011 155411
4012 155607
4013 156038
4014 155694
4015 155441
4016 155908
4017 155558
4018 155116
4019 155837
4020 155702
4021 155491
4022 155782
4023 155223
4024 155869
4025 156451
4026 156341
4027 155715
4028 155975
4029 155619
4030 155664
4031 155207
4032 155851
4033 155276
4034 155352
4035 156007
4036 155401
4037 155819
4038 155764
4039 155390
4040 155539
4041 155847
4042 155698
4043 154885
4044 155351
4045 155237
4046 155612
4047 154996
4048 155422
4049 155414
4050 154956
4051 154993
4052 154458
4053 155085
4054 154302
4055 154324
4056 154649
4057 154299
4058 154716
4059 154793
4060 154214
4061 154060
4062 154600
4063 154326
4064 154736
4065 154309
4066 154676
4067 154252
4068 154814
4069 154456
4070 153901
4071 154428
4072 154187
4073 154367
4074 154539
4075 154330
4076 154396
4077 154047
4078 154602
4079 153986
4080 154377
4081 154256
4082 154156
4083 154040
4084 154196
4085 154252
4086 154118
4087 154169
4088 154281
4089 154338
4090 154357
4091 154417
4092 154732
4093 154007
4094 154220
4095 154298
4096 153832
4097 154376
4098 153660
4099 154059
4100 154447
4101 154119
4102 155200
4103 154123
4104 154617
4105 154613
4106 154517
4107 154281
4108 154795
4109 155242
4110 154080
4111 154616
4112 154821
4113 154706
4114 154690
4115 155437
4116 154860
4117 154931
4118 155004
4119 155141
4120 154212
4121 154729
4122 154731
4123 154518
4124 154866
4125 155181
4126 154621
4127 154874
4128 155166
4129 154864
4130 155487
4131 155105
4132 155372
4133 155236
4134 154991
4135 155141
4136 155304
4137 154917
4138 155361
4139 155698
4140 155350
4141 155165
4142 155144
4143 155091
4144 155302
4145 155566
4146 155273
4147 155405
4148 155484
4149 155655
4150 155319
4151 154933
4152 155289
4153 155870
4154 155086
4155 155366
4156 155108
4157 155113
4158 155308
4159 155175
4160 155264
4161 155138
4162 155505
4163 155223
4164 155245
4165 155302
4166 155177
4167 154748
4168 154885
4169 155257
4170 155034
4171 155155
4172 155573
4173 155369
4174 155470
4175 155246
4176 155602
4177 155318
4178 155619
4179 155464
4180 155213
4181 154900
4182 155881
4183 155223
4184 155480
4185 155666
4186 155521
4187 156077
4188 155661
4189 156001
4190 155737
4191 155685
4192 155734
4193 155926
4194 155387
4195 155755
4196 156128
4197 155578
4198 156294
4199 155876
4200 155323
4201 155832
4202 155649
4203 155808
4204 155654
4205 156072
4206 155245
4207 155942
4208 155814
4209 155990
4210 155416
4211 155736
4212 155646
4213 156087
4214 155961
4215 155521
4216 155984
4217 156021
4218 155532
4219 155818
4220 155935
4221 155179
4222 155437
4223 155527
4224 155950
4225 155675
4226 156018
4227 155910
4228 155921
4229 155736
4230 156096
4231 155501
4232 155234
4233 155563
4234 155922
4235 155715
4236 156078
4237 155885
4238 155958
4239 155655
4240 156303
4241 156143
4242 156109
4243 155761
4244 156098
4245 156217
4246 156027
4247 156206
4248 156332
4249 156143
4250 156464
4251 156602
4252 155656
4253 155781
4254 156689
4255 156395
4256 156259
4257 156424
4258 156480
4259 156239
4260 155874
4261 156853
4262 156205
4263 156265
4264 156619
4265 156627
4266 156217
4267 156696
4268 156318
4269 156493
4270 156157
4271 156379
4272 156349
4273 155942
4274 156818
4275 156954
4276 156749
4277 156697
4278 156324
4279 157210
4280 156834
4281 156717
4282 156916
4283 156346
4284 156765
4285 156675
4286 156526
4287 156788
4288 156691
4289 156740
4290 156721
4291 157216
4292 156741
4293 156899
4294 157319
4295 157149
4296 157204
4297 156977
4298 156398
4299 157164
4300 157140
4301 156730
4302 156994
4303 157055
4304 157473
4305 156662
4306 156598
4307 156990
4308 156322
4309 156910
4310 157058
4311 156664
4312 156948
4313 156483
4314 156706
4315 157065
4316 156915
4317 156315
4318 156714
4319 156905
4320 156479
4321 156418
4322 156685
4323 156935
4324 156201
4325 156573
4326 156503
4327 156286
4328 156368
4329 156529
4330 156230
4331 157054
4332 156535
4333 156424
4334 156240
4335 156777
4336 156308
4337 156424
4338 156335
4339 156672
4340 156180
4341 156258
4342 156214
4343 156373
4344 156948
4345 155991
4346 156691
4347 156482
4348 155960
4349 156799
4350 156964
4351 156047
4352 155951
4353 156038
4354 156214
4355 156176
4356 155954
4357 156326
4358 155773
4359 156581
4360 156147
4361 156279
4362 156237
4363 156335
4364 156808
4365 156327
4366 155835
4367 156138
4368 156491
4369 156117
4370 156091
4371 156855
4372 155967
4373 156060
4374 156015
4375 155937
4376 156312
4377 156303
4378 155965
4379 156018
4380 156386
4381 156251
4382 156382
4383 156191
4384 156376
4385 156035
4386 156183
4387 156341
4388 155859
4389 155986
4390 156050
4391 155812
4392 155858
4393 156664
4394 156235
4395 155959
4396 156035
4397 155876
4398 156536
4399 156233
4400 156818
4401 156513
4402 156357
4403 156126
4404 156461
4405 156305
4406 156200
4407 156353
4408 156601
4409 156146
4410 156116
4411 156148
4412 155958
4413 156199
4414 156698
4415 155852
4416 156371
4417 156422
4418 156168
4419 155486
4420 155747
4421 156343
4422 156230
4423 156415
4424 156142
4425 156071
4426 155746
4427 156044
4428 156090
4429 156020
4430 155443
4431 155614
4432 156485
4433 155908
4434 156001
4435 155900
4436 156355
4437 156112
4438 155891
4439 155938
4440 155955
4441 155772
4442 156329
4443 155671
4444 155610
4445 155902
4446 155471
4447 155773
4448 155531
4449 155844
4450 155875
4451 155912
4452 155949
4453 155969
4454 154999
4455 155852
4456 155869
4457 155478
4458 155635
4459 156163
4460 155382
4461 155639
4462 155889
4463 155575
4464 155500
4465 155902
4466 155201
4467 155465
4468 156235
4469 155805
4470 155173
4471 155503
4472 155191
4473 155643
4474 155220
4475 155742
4476 156046
4477 155104
4478 155559
4479 155600
4480 155016
4481 155290
4482 155878
4483 155446
4484 155337
4485 154872
4486 155221
4487 155726
4488 155930
4489 155443
4490 155581
4491 155316
4492 155336
4493 155819
4494 155376
4495 155531
4496 155482
4497 155479
4498 155491
4499 155182
4500 155696
4501 155412
4502 155482
4503 155311
4504 155576
4505 155129
4506 155819
4507 155418
4508 155311
4509 155561
4510 155229
4511 155567
4512 155392
4513 155277
4514 155392
4515 155486
4516 155660
4517 155267
4518 156017
4519 155099
4520 155842
4521 155908
4522 155788
4523 155541
4524 155516
4525 155578
4526 155401
4527 155757
4528 155479
4529 155710
4530 155973
4531 155260
4532 155477
4533 155939
4534 155693
4535 155799
4536 155739
4537 155253
4538 155362
4539 155676
4540 155242
4541 155439
4542 156215
4543 155634
4544 156173
4545 155749
4546 155484
4547 156170
4548 156557
4549 156084
4550 156032
4551 156473
4552 156244
4553 156317
4554 156493
4555 156887
4556 156907
4557 156963
4558 156576
4559 156431
4560 156440
4561 156464
4562 156855
4563 156991
4564 156724
4565 157188
4566 157149
4567 157399
4568 156984
4569 156884
4570 157263
4571 156759
4572 157291
4573 156929
4574 156061
4575 155937
4576 156675
4577 156880
4578 156757
4579 156794
4580 156142
4581 156574
4582 156535
4583 156114
4584 156003
4585 155808
4586 155639
4587 155894
4588 156004
4589 155589
4590 155715
4591 155837
4592 155551
4593 155832
4594 155548
4595 155615
4596 155311
4597 155587
4598 155547
4599 155022
4600 155211
4601 155034
4602 155300
4603 154418
4604 154818
4605 154888
4606 155272
4607 154855
4608 155327
4609 154689
4610 155031
4611 154899
4612 154636
4613 154927
4614 154505
4615 155033
4616 154533
4617 154544
4618 154579
4619 154441
4620 154698
4621 154439
4622 154266
4623 154239
4624 154546
4625 154640
4626 154289
4627 154420
4628 154107
4629 154151
4630 154466
4631 154411
4632 153905
4633 153874
4634 153775
4635 154073
4636 154312
4637 154101
4638 154011
4639 153800
4640 153633
4641 153208
4642 153966
4643 154122
4644 154020
4645 153840
4646 153513
4647 153382
4648 153413
4649 153742
4650 154405
4651 153537
4652 153944
4653 153717
4654 153454
4655 153754
4656 153674
4657 153541
4658 153610
4659 153716
4660 153641
4661 153379
4662 153614
4663 153322
4664 154342
4665 153668
4666 153413
4667 153793
4668 153766
4669 153188
4670 153303
4671 154089
4672 153234
4673 153680
4674 153846
4675 153651
4676 153376
4677 153379
4678 153615
4679 153935
4680 153917
4681 153682
4682 153909
4683 153423
4684 153469
4685 153532
4686 152865
4687 153740
4688 153618
4689 153896
4690 153497
4691 153935
4692 153450
4693 153256
4694 153464
4695 153640
4696 153380
4697 153661
4698 153754
4699 152825
4700 153308
4701 153422
4702 153288
4703 153294
4704 152817
4705 153361
4706 153610
4707 152644
4708 153023
4709 152726
4710 153101
4711 152950
4712 152734
4713 152862
4714 152696
4715 152816
4716 152572
4717 152350
4718 152673
4719 153046
4720 153066
4721 153076
4722 152724
4723 152400
4724 152940
4725 152618
4726 152936
4727 152743
4728 152679
4729 153251
4730 152886
4731 153252
4732 152480
4733 152722
4734 152718
4735 153087
4736 152333
4737 152746
4738 152947
4739 152871
4740 152545
4741 152667
4742 152617
4743 152344
4744 152950
4745 152740
4746 152769
4747 153015
4748 153163
4749 152780
4750 152239
4751 152713
4752 152227
4753 152778
4754 151864
4755 152497
4756 152229
4757 152230
4758 152190
4759 152331
4760 152497
4761 153093
4762 151743
4763 152323
4764 152909
4765 152230
4766 152030
4767 152172
4768 152341
4769 152220
4770 152121
4771 152238
4772 152210
4773 152442
4774 152461
4775 151882
4776 152230
4777 152175
4778 152163
4779 152224
4780 152143
4781 152437
4782 152841
4783 152308
4784 152333
4785 151899
4786 152565
4787 152365
4788 152469
4789 152229
4790 151975
4791 152467
4792 152524
4793 152336
4794 152618
4795 152408
4796 151998
4797 152053
4798 151921
4799 152294
4800 152418
4801 152301
4802 152141
4803 152251
4804 151794
4805 152303
4806 152449
4807 152759
4808 152402
4809 152681
4810 152563
4811 152455
4812 152400
4813 152595
4814 152631
4815 152827
4816 152389
4817 152287
4818 152463
4819 152282
4820 152232
4821 152555
4822 152299
4823 152960
4824 152307
4825 152971
4826 152784
4827 152748
4828 153078
4829 152771
4830 152720
4831 152712
4832 152733
4833 152934
4834 152557
4835 152601
4836 152647
4837 152881
4838 152832
4839 152473
4840 152577
4841 152932
4842 152977
4843 153043
4844 153146
4845 152664
4846 153208
4847 152854
4848 152990
4849 153233
4850 153506
4851 153265
4852 153329
4853 153380
4854 153588
4855 152738
4856 152940
4857 153086
4858 153164
4859 153440
4860 153079
4861 152586
4862 152779
4863 153037
4864 153015
4865 152921
4866 153765
4867 153517
4868 153605
4869 153314
4870 152866
4871 153560
4872 153448
4873 153042
4874 152755
4875 153757
4876 153287
4877 153456
4878 153440
4879 153181
4880 152834
4881 153603
4882 153182
4883 153513
4884 153446
4885 153911
4886 153233
4887 153631
4888 153376
4889 153497
4890 153185
4891 153426
4892 153032
4893 153633
4894 153464
4895 152788
4896 153302
4897 153124
4898 153103
4899 153344
4900 153056
4901 153183
4902 153401
4903 152962
4904 153246
4905 153337
4906 153363
4907 152838
4908 153389
4909 153624
4910 153274
4911 153033
4912 152923
4913 153285
4914 152933
4915 153063
4916 153495
4917 152841
4918 153013
4919 153244
4920 153340
4921 153369
4922 153936
4923 153365
4924 153280
4925 153269
4926 153503
4927 153303
4928 153707
4929 153345
4930 153017
4931 153486
4932 153552
4933 153413
4934 153366
4935 152949
4936 152600
4937 153471
4938 153107
4939 153732
4940 153745
4941 153258
4942 153027
4943 153919
4944 153042
4945 153534
4946 153695
4947 153271
4948 153547
4949 153603
4950 153442
4951 153323
4952 153991
4953 153533
4954 153517
4955 153476
4956 153504
4957 153786
4958 153670
4959 153728
4960 153841
4961 153562
4962 153709
4963 153788
4964 153791
4965 154090
4966 153812
4967 153643
4968 154458
4969 154222
4970 153981
4971 153716
4972 154227
4973 154750
4974 154090
4975 153671
4976 153712
4977 153899
4978 154373
4979 153947
4980 154512
4981 154789
4982 154776
4983 154489
4984 154146
4985 154487
4986 154175
4987 154747
4988 154304
4989 154901
4990 154665
4991 154580
4992 154780
4993 154189
4994 154525
4995 154500
4996 154841
4997 154596
4998 154705
4999 154194
5000 154214
5001 155146
5002 154720
5003 154516
5004 154853
5005 154676
5006 154894
5007 154631
5008 154936
5009 155200
5010 154830
5011 154870
5012 155380
5013 155232
5014 155325
5015 155403
5016 155313
5017 155726
5018 155406
5019 155699
5020 155856
5021 155727
5022 155219
5023 155384
5024 155151
5025 155375
5026 155516
5027 156155
5028 155400
5029 155625
5030 155558
5031 155822
5032 155454
5033 155517
5034 155329
5035 154798
5036 155724
5037 155272
5038 155730
5039 155473
5040 155524
5041 155349
5042 155078
5043 154614
5044 155250
5045 154598
5046 154406
5047 154792
5048 155299
5049 154907
5050 155020
5051 155165
5052 154696
5053 154237
5054 154395
5055 155260
5056 154432
5057 154665
5058 154772
5059 154678
5060 154332
5061 154567
5062 154710
5063 154867
5064 154245
5065 154708
5066 154088
5067 154474
5068 154423
5069 154334
5070 154114
5071 153737
5072 153593
5073 153894
5074 154274
5075 154185
5076 154316
5077 154298
5078 154381
5079 153958
5080 153814
5081 154373
5082 154008
5083 154153
5084 153966
5085 154023
5086 153790
5087 153646
5088 153749
5089 153909
5090 153900
5091 153404
5092 153396
5093 153728
5094 154084
5095 153981
5096 154045
5097 153877
5098 153730
5099 154108
5100 153569
5101 154157
5102 153493
5103 154000
5104 153466
5105 154055
5106 153819
5107 153733
5108 153635
5109 153141
5110 153790
5111 154270
5112 153434
5113 153945
5114 153578
5115 153541
5116 154067
5117 153377
5118 153892
5119 154002
5120 154161
5121 153795
5122 153748
5123 153569
5124 154224
5125 154618
5126 153789
5127 154181
5128 154014
5129 154087
5130 153806
5131 154099
5132 154608
5133 154265
5134 153871
5135 153758
5136 153917
5137 153808
5138 153919
5139 153836
5140 154071
5141 154334
5142 153995
5143 153708
5144 153858
5145 154433
5146 154153
5147 154013
5148 153821
5149 154346
5150 154095
5151 153399
5152 154379
5153 153333
5154 153780
5155 153421
5156 153976
5157 153723
5158 154348
5159 154151
5160 153783
5161 154016
5162 154105
5163 154094
5164 154163
5165 153634
5166 154291
5167 153981
5168 154191
5169 154152
5170 154335
5171 154426
5172 153830
5173 153611
5174 154378
5175 153928
5176 153912
5177 154275
5178 154523
5179 154170
5180 154481
5181 153768
5182 154140
5183 154133
5184 154206
5185 154172
5186 154350
5187 154617
5188 154413
5189 154407
5190 154621
5191 154208
5192 154286
5193 154186
5194 154481
5195 154003
5196 154071
5197 154051
5198 154257
5199 154474
5200 154145
5201 154605
5202 153439
5203 154236
5204 154585
5205 154076
5206 154549
5207 153942
5208 154614
5209 154765
5210 154296
5211 154317
5212 154216
5213 154690
5214 153937
5215 154627
5216 153980
5217 154168
5218 154551
5219 154464
5220 154576
5221 154828
5222 153961
5223 154326
5224 154853
5225 153807
5226 154267
5227 154678
5228 154158
5229 154746
5230 154435
5231 154264
5232 154366
5233 154449
5234 154567
5235 154419
5236 154327
5237 154477
5238 154770
5239 154264
5240 154919
5241 154207
5242 154409
5243 154818
5244 154811
5245 155178
5246 154808
5247 155189
5248 154955
5249 155363
5250 155214
5251 154491
5252 155332
5253 154829
5254 155112
5255 155258
5256 155854
5257 155167
5258 155500
5259 155175
5260 154884
5261 155007
5262 155044
5263 155290
5264 155297
5265 155395
5266 154676
5267 155233
5268 155297
5269 155304
5270 154826
5271 155211
5272 155216
5273 155140
5274 155385
5275 155399
5276 154968
5277 154918
5278 154749
5279 154911
5280 155116
5281 154988
5282 155586
5283 154988
5284 154931
5285 155146
5286 155432
5287 154626
5288 155092
5289 155175
5290 154655
5291 154653
5292 154672
5293 154725
5294 155249
5295 154883
5296 155078
5297 155234
5298 154612
5299 154787
5300 155063
5301 154796
5302 155153
5303 154847
5304 154969
5305 155022
5306 154669
5307 154377
5308 154859
5309 154590
5310 155161
5311 154928
5312 154714
5313 154949
5314 154295
5315 154732
5316 155298
5317 154986
5318 154224
5319 154831
5320 154466
5321 154458
5322 154958
5323 154283
5324 154924
5325 153849
5326 153872
5327 154298
5328 154566
5329 154447
5330 154092
5331 153891
5332 154264
5333 154397
5334 154057
5335 154000
5336 154457
5337 154460
5338 153688
5339 154434
5340 154080
5341 154169
5342 153747
5343 154165
5344 154319
5345 153987
5346 154070
5347 154592
5348 153806
5349 153735
5350 153704
5351 153786
5352 153522
5353 153684
5354 153917
5355 153741
5356 153146
5357 153717
5358 154076
5359 154026
5360 154335
5361 153710
5362 153761
5363 153666
5364 153476
5365 153544
5366 153937
5367 153578
5368 153759
5369 153483
5370 153172
5371 153640
5372 153017
5373 153440
5374 153286
5375 153361
5376 153386
5377 153649
5378 153088
5379 153091
5380 152935
5381 153994
5382 153628
5383 153813
5384 154022
5385 153370
5386 153168
5387 153395
5388 153604
5389 153826
5390 153443
5391 153613
5392 153203
5393 153828
5394 153785
5395 153732
5396 154275
5397 153622
5398 153486
5399 153780
5400 153772
5401 153720
5402 153739
5403 153898
5404 153616
5405 153720
5406 153582
5407 153767
5408 153647
5409 153298
5410 153636
5411 153271
5412 153741
5413 153562
5414 153261
5415 153400
5416 153112
5417 153596
5418 153477
5419 153578
5420 153392
5421 152791
5422 153367
5423 153474
5424 153883
5425 153435
5426 153452
5427 152934
5428 152767
5429 153275
5430 153106
5431 152963
5432 153252
5433 153153
5434 153039
5435 153004
5436 152775
5437 152899
5438 153244
5439 152994
5440 153136
5441 153240
5442 152932
5443 153348
5444 152375
5445 153297
5446 153447
5447 152919
5448 152530
5449 152960
5450 152530
5451 152943
5452 152825
5453 152577
5454 152835
5455 152666
5456 152751
5457 152822
5458 153071
5459 152801
5460 152368
5461 152562
5462 152707
5463 152929
5464 152730
5465 152164
5466 152588
5467 152577
5468 152692
5469 152949
5470 152507
5471 152687
5472 153049
5473 152280
5474 152950
5475 152690
5476 152223
5477 152177
5478 152414
5479 152439
5480 152083
5481 152560
5482 152065
5483 152297
5484 152634
5485 151957
5486 152356
5487 152976
5488 151929
5489 152989
5490 152259
5491 152066
5492 152225
5493 152776
5494 152154
5495 151992
5496 152033
5497 151975
5498 152011
5499 152152
5500 152539
5501 152665
5502 152613
5503 151765
5504 151919
5505 152401
5506 152253
5507 152588
5508 152525
5509 152199
5510 151881
5511 152417
5512 152187
5513 152107
5514 151935
5515 151910
5516 151773
5517 152269
5518 152488
5519 152263
5520 151767
5521 152402
5522 152487
5523 152243
5524 152305
5525 152256
5526 152471
5527 152378
5528 152286
5529 152062
5530 152723
5531 152669
5532 152199
5533 152259
5534 152235
5535 152199
5536 152162
5537 152218
5538 152126
5539 152484
5540 152568
5541 152463
5542 152471
5543 152629
5544 152658
5545 152972
5546 152618
5547 152450
5548 153193
5549 152857
5550 152865
5551 152488
5552 152862
5553 153267
5554 152577
5555 152885
5556 153470
5557 153451
5558 153130
5559 153149
5560 153483
5561 153568
5562 153544
5563 153652
5564 153878
5565 153588
5566 153439
5567 153705
5568 154143
5569 154303
5570 153574
5571 153551
5572 153523
5573 153956
5574 153795
5575 153410
5576 153464
5577 153922
5578 153759
5579 153491
5580 153279
5581 153505
5582 153566
5583 153230
5584 153034
5585 153460
5586 153335
5587 153115
5588 152877
5589 153326
5590 152942
5591 152636
5592 152522
5593 152986
5594 152008
5595 152349
5596 152832
5597 152677
5598 152833
5599 152158
5600 152297
5601 152327
5602 152026
5603 152405
5604 152195
5605 152105
5606 152332
5607 151771
5608 152253
5609 151883
5610 151288
5611 151477
5612 151970
5613 151672
5614 151438
5615 151731
5616 151523
5617 151673
5618 150745
5619 151628
5620 151549
5621 150923
5622 151202
5623 151290
5624 151745
5625 151115
5626 151100
5627 151083
5628 150646
5629 150905
5630 151012
5631 150447
5632 150886
5633 150590
5634 150824
5635 151477
5636 150752
5637 150182
5638 150734
5639 150565
5640 151118
5641 150546
5642 150534
5643 150866
5644 150393
5645 150594
5646 150892
5647 150575
5648 149941
5649 150431
5650 150536
5651 149963
5652 150154
5653 150530
5654 150294
5655 150851
5656 150205
5657 150081
5658 150349
5659 150307
5660 149843
5661 150496
5662 150418
5663 150669
5664 150140
5665 149928
5666 150069
5667 149927
5668 149840
5669 150134
5670 149898
5671 150197
5672 149536
5673 149699
5674 149797
5675 150141
5676 150095
5677 150269
5678 150145
5679 150236
5680 149469
5681 150055
5682 149892
5683 149685
5684 149865
5685 149911
5686 150000
5687 149544
5688 149774
5689 150029
5690 149971
5691 149751
5692 149565
5693 149585
5694 149494
5695 149494
5696 149320
5697 149435
5698 149650
5699 149408
5700 149749
5701 149592
5702 149588
5703 149750
5704 149609
5705 149835
5706 149063
5707 149196
5708 149552
5709 149712
5710 149092
5711 149686
5712 149306
5713 149572
5714 149364
5715 149091
5716 149523
5717 149498
5718 149498
5719 149499
5720 149715
5721 149279
5722 149611
5723 149480
5724 149241
5725 148995
5726 149216
5727 149840
5728 149134
5729 149585
5730 149299
5731 149179
5732 149417
5733 149350
5734 149263
5735 149082
5736 149545
5737 149638
5738 149848
5739 149441
5740 149613
5741 149159
5742 149457
5743 149222
5744 148813
5745 149478
5746 149154
5747 149502
5748 149118
5749 148874
5750 149158
5751 149146
5752 148972
5753 148530
5754 148928
5755 149684
5756 149024
5757 148960
5758 148830
5759 149333
5760 149026
5761 149356
5762 148988
5763 149608
5764 149526
5765 149198
5766 149233
5767 149065
5768 149711
5769 148768
5770 149331
5771 148850
5772 149530
5773 148643
5774 149283
5775 149263
5776 149041
5777 148954
5778 149341
5779 149037
5780 149452
5781 149046
5782 148621
5783 148736
5784 148950
5785 148625
5786 148725
5787 148536
5788 148883
5789 149302
5790 148971
5791 148765
5792 148525
5793 149182
5794 148446
5795 149099
5796 148411
5797 149017
5798 148466
5799 148674
5800 149003
5801 148902
5802 148701
5803 149116
5804 149016
5805 148707
5806 148478
5807 149074
5808 148473
5809 148933
5810 148492
5811 148661
5812 148465
5813 148837
5814 148203
5815 149076
5816 148491
5817 148708
5818 149102
5819 148147
5820 148700
5821 148673
5822 148999
5823 149033
5824 148763
5825 148621
5826 148302
5827 148569
5828 149069
5829 148657
5830 148666
5831 148900
5832 148993
5833 149023
5834 148455
5835 149205
5836 149288
5837 148779
5838 148480
5839 148679
5840 148620
5841 148347
5842 148734
5843 148809
5844 149050
5845 149076
5846 149102
5847 148840
5848 148689
5849 148563
5850 148729
5851 148929
5852 148509
5853 148528
5854 149192
5855 149218
5856 148595
5857 148958
5858 149279
5859 148492
5860 148380
5861 148913
5862 149536
5863 149469
5864 148560
5865 149133
5866 149323
5867 148524
5868 149060
5869 149263
5870 149464
5871 149652
5872 148914
5873 149171
5874 149214
5875 149232
5876 149045
5877 149296
5878 148436
5879 148968
5880 149179
5881 149093
5882 149140
5883 149115
5884 148928
5885 149191
5886 149466
5887 149202
5888 149374
5889 149298
5890 149307
5891 149456
5892 149310
5893 149652
5894 149653
5895 148841
5896 149166
5897 149783
5898 149636
5899 149603
5900 149043
5901 149087
5902 149553
5903 149435
5904 149854
5905 149282
5906 149435
5907 149968
5908 149333
5909 149997
5910 149865
5911 149797
5912 149322
5913 149435
5914 149796
5915 149937
5916 149301
5917 149655
5918 149717
5919 150100
5920 149939
5921 149945
5922 149447
5923 150273
5924 149754
5925 149774
5926 150009
5927 149823
5928 149869
5929 149709
5930 149301
5931 149606
5932 149713
5933 150011
5934 150501
5935 149950
5936 150145
5937 150054
5938 150261
5939 150053
5940 150476
5941 149600
5942 149395
5943 150329
5944 149907
5945 149684
5946 149636
5947 150226
5948 150107
5949 150192
5950 149913
5951 149975
5952 150089
5953 149826
5954 150091
5955 150847
5956 150034
5957 150087
5958 150057
5959 150591
5960 150586
5961 150040
5962 150758
5963 150413
5964 150454
5965 150432
5966 150125
5967 150447
5968 150831
5969 150237
5970 150522
5971 150060
5972 150392
5973 150263
5974 150406
5975 150551
5976 150623
5977 150611
5978 150013
5979 150717
5980 151205
5981 150355
5982 151089
5983 150745
5984 151205
5985 150757
5986 151438
5987 151263
5988 150737
5989 151123
5990 150521
5991 151185
5992 151017
5993 151398
5994 151272
5995 151265
5996 151156
5997 151576
5998 151789
5999 151701
6000 151672
6001 152317
6002 152170
6003 152324
6004 152505
6005 152123
6006 152759
6007 152607
6008 152683
6009 152789
6010 152918
6011 153140
6012 152994
6013 152101
6014 152446
6015 152770
6016 153071
6017 152875
6018 153078
6019 152837
6020 153252
6021 152507
6022 152828
6023 153031
6024 153386
6025 152423
6026 152706
6027 153381
6028 152366
6029 152409
6030 152332
6031 152300
6032 152225
6033 152228
6034 151779
6035 152395
6036 151991
6037 151845
6038 151645
6039 151725
6040 151978
6041 151604
6042 151618
6043 151677
6044 151449
6045 151199
6046 151510
6047 151074
6048 151161
6049 151433
6050 151293
6051 150935
6052 150600
6053 150769
6054 150767
6055 150983
6056 151101
6057 150826
6058 150691
6059 150720
6060 150975
6061 150845
6062 150974
6063 150697
6064 150795
6065 150807
6066 150404
6067 150395
6068 150534
6069 150621
6070 150482
6071 150256
6072 150909
6073 150822
6074 150510
6075 150574
6076 150776
6077 151092
6078 150734
6079 151156
6080 150511
6081 150370
6082 150298
6083 150618
6084 150672
6085 150462
6086 150669
6087 150338
6088 150326
6089 150577
6090 150303
6091 150228
6092 150132
6093 150752
6094 150328
6095 150395
6096 150508
6097 150349
6098 150332
6099 150326
6100 150118
6101 150400
6102 150139
6103 150488
6104 150470
6105 150812
6106 150282
6107 149944
6108 149837
6109 150336
6110 151043
6111 149582
6112 150496
6113 150112
6114 150168
6115 150093
6116 150697
6117 149524
6118 150179
6119 150324
6120 150525
6121 150682
6122 150587
6123 150013
6124 150519
6125 150778
6126 150307
6127 150212
6128 150244
6129 150846
6130 150437
6131 150228
6132 150205
6133 150258
6134 150276
6135 150186
6136 150649
6137 149955
6138 150203
6139 150361
6140 150300
6141 150200
6142 149729
6143 150328
6144 150517
6145 150251
6146 150705
6147 149722
6148 149818
6149 150132
6150 150535
6151 150078
6152 150476
6153 150159
6154 150151
6155 149913
6156 149778
6157 149773
6158 150394
6159 150408
6160 150192
6161 150295
6162 149782
6163 149578
6164 150205
6165 150504
6166 150599
6167 150595
6168 150536
6169 150217
6170 150176
6171 150507
6172 150922
6173 150821
6174 150495
6175 150434
6176 150091
6177 150300
6178 150250
6179 150290
6180 150428
6181 150456
6182 150599
6183 150426
6184 150508
6185 150568
6186 150335
6187 150467
6188 150366
6189 150808
6190 150648
6191 150951
6192 150527
6193 150366
6194 150532
6195 150735
6196 150402
6197 151658
6198 150568
6199 151385
6200 150878
6201 150900
6202 150790
6203 151145
6204 151010
6205 150700
6206 150869
6207 151132
6208 150778
6209 151233
6210 150843
6211 150990
6212 150896
6213 150872
6214 151479
6215 151341
6216 150842
6217 151476
6218 151207
6219 150669
6220 151312
6221 151060
6222 151499
6223 151002
6224 150917
