H11890
GateTime 10
GateNumber 0
SN 30430302
0 97061
1 97354
2 97291
3 97238
4 97550
5 97324
6 97443
7 97434
8 97253
9 97241
10 97098
11 97280
12 96994
13 97356
14 97219
15 97100
16 96976
17 96992
18 96697
19 96529
20 97081
21 97118
22 97248
23 96971
24 96287
25 97279
26 97058
27 96778
28 96560
29 96717
30 96721
31 97003
32 96582
33 96771
34 96862
35 96876
36 96638
37 96895
38 97079
39 96804
40 96592
41 97115
42 96872
43 96926
44 97007
45 95956
46 96800
47 96943
48 96799
49 96767
50 96943
51 96455
52 96993
53 96694
54 97096
55 96883
56 96383
57 97112
58 96863
59 96694
60 96916
61 96754
62 96720
63 96492
64 97196
65 97120
66 96593
67 96692
68 96777
69 96947
70 96132
71 96816
72 96065
73 96723
74 96999
75 96721
76 97091
77 97216
78 97262
79 96420
80 96983
81 96669
82 96654
83 97405
84 96717
85 96791
86 96924
87 96650
88 97112
89 96619
90 96632
91 96707
92 96740
93 96593
94 96556
95 96441
96 96391
97 96809
98 96627
99 96425
100 96755
101 96375
102 96900
103 96888
104 96355
105 96501
106 96484
107 97029
108 96333
109 96867
110 96614
111 96151
112 96629
113 96771
114 97082
115 96669
116 96695
117 96670
118 96103
119 96454
120 96266
121 96608
122 96838
123 96963
124 96509
125 97156
126 96551
127 96541
128 96443
129 96558
130 96526
131 96464
132 96577
133 96464
134 96482
135 96823
136 96698
137 96220
138 96067
139 95940
140 96449
141 96420
142 96176
143 96980
144 95924
145 96609
146 96760
147 96645
148 96338
149 96642
150 96654
151 96518
152 96797
153 96514
154 96298
155 96482
156 96774
157 96202
158 96286
159 96873
160 96418
161 96172
162 96601
163 96594
164 96599
165 96624
166 96667
167 96247
168 96787
169 96383
170 96916
171 96340
172 96409
173 96698
174 96482
175 96243
176 96327
177 96294
178 96789
179 96558
180 96530
181 96898
182 96761
183 96506
184 96356
185 96285
186 96482
187 96354
188 96429
189 96206
190 96939
191 96985
192 96756
193 96245
194 96709
195 96593
196 96823
197 97142
198 96170
199 96422
200 96311
201 96496
202 96306
203 96453
204 96513
205 96939
206 96527
207 96529
208 96513
209 96153
210 96436
211 96575
212 96752
213 96558
214 96574
215 96500
216 96817
217 96605
218 96095
219 95969
220 96657
221 96652
222 96721
223 96511
224 96495
225 96625
226 96602
227 96470
228 96605
229 96865
230 96337
231 96909
232 96644
233 96747
234 96420
235 96304
236 96835
237 96206
238 97016
239 96239
240 96889
241 96814
242 96766
243 96968
244 96575
245 96688
246 97072
247 96435
248 96695
249 96333
250 96543
251 96642
252 97164
253 96936
254 97044
255 96569
256 96782
257 97162
258 96357
259 96904
260 97159
261 97014
262 97040
263 96847
264 96753
265 96926
266 96835
267 96644
268 96849
269 97108
270 96821
271 96569
272 96783
273 97178
274 97126
275 97045
276 97364
277 97437
278 96791
279 97392
280 97355
281 97568
282 97457
283 97327
284 97240
285 97138
286 97050
287 97695
288 97086
289 96969
290 97143
291 97436
292 97248
293 97493
294 97112
295 97188
296 97395
297 97640
298 97221
299 97881
300 97385
301 97793
302 98010
303 97080
304 97758
305 97611
306 97773
307 97805
308 98395
309 98091
310 97643
311 97953
312 98091
313 98102
314 97993
315 98249
316 98196
317 98866
318 98819
319 98962
320 98886
321 98989
322 99170
323 99325
324 99284
325 98866
326 99600
327 99992
328 100000
329 99830
330 100513
331 100824
332 100687
333 101063
334 101489
335 101631
336 102112
337 101761
338 101816
339 102674
340 102735
341 103023
342 102773
343 103120
344 104307
345 103871
346 104272
347 104853
348 105543
349 104992
350 105222
351 105950
352 105850
353 106376
354 106502
355 106604
356 106277
357 106614
358 106744
359 106560
360 106239
361 106527
362 106459
363 105808
364 105795
365 105775
366 105406
367 104849
368 104070
369 104685
370 103825
371 104179
372 103598
373 102989
374 103489
375 102469
376 102130
377 102340
378 101648
379 101187
380 101363
381 101403
382 100711
383 99921
384 100718
385 100639
386 99886
387 99755
388 99568
389 99916
390 99723
391 99784
392 99282
393 99010
394 99056
395 98989
396 98492
397 98613
398 98559
399 99027
400 98772
401 98299
402 98537
403 98548
404 98699
405 98210
406 98127
407 97866
408 97974
409 98063
410 97946
411 98108
412 97976
413 97666
414 97811
415 97823
416 97687
417 97774
418 97824
419 97980
420 97686
421 97531
422 97588
423 98155
424 97643
425 98062
426 97485
427 97305
428 97578
429 97362
430 97408
431 97681
432 96900
433 97314
434 97648
435 97210
436 97711
437 97856
438 97114
439 97328
440 97659
441 97273
442 97118
443 97432
444 97594
445 97466
446 97323
447 97366
448 97352
449 97536
450 96956
451 97337
452 97347
453 96982
454 97112
455 97472
456 97380
457 97005
458 96996
459 97622
460 97803
461 97610
462 97072
463 97197
464 97358
465 97088
466 97525
467 97312
468 97267
469 97102
470 97534
471 97035
472 97382
473 97150
474 97181
475 96874
476 97228
477 97522
478 97664
479 97695
480 97410
481 97643
482 97458
483 97141
484 97088
485 97419
486 97613
487 97888
488 96944
489 97525
490 97364
491 97589
492 97266
493 97444
494 97250
495 97580
496 97234
497 97156
498 97567
499 97785
500 97504
501 97208
502 97593
503 97186
504 97300
505 97038
506 97369
507 97143
508 98017
509 97453
510 97330
511 97706
512 97392
513 97067
514 97616
515 97545
516 97579
517 97708
518 97509
519 97475
520 97219
521 97602
522 97815
523 97538
524 97282
525 97312
526 96998
527 97560
528 97204
529 97238
530 97554
531 97538
532 97467
533 97430
534 97496
535 97786
536 97488
537 98057
538 97525
539 97511
540 97651
541 97349
542 97490
543 97712
544 97778
545 97576
546 97328
547 97776
548 97461
549 97600
550 98077
551 97525
552 97366
553 97508
554 97780
555 97905
556 97511
557 97799
558 97327
559 97592
560 97409
561 97597
562 97526
563 97490
564 97200
565 97805
566 97569
567 97341
568 97742
569 97414
570 97936
571 97444
572 97099
573 97634
574 97531
575 97303
576 97544
577 97267
578 97651
579 97968
580 97892
581 97632
582 97513
583 97680
584 97789
585 97491
586 97349
587 97607
588 98004
589 97429
590 97419
591 97501
592 98056
593 97890
594 97343
595 97749
596 98141
597 98094
598 97866
599 98004
600 97796
601 97987
602 98297
603 97905
604 97943
605 98029
606 98162
607 97425
608 98152
609 97567
610 97888
611 97469
612 98130
613 97727
614 97841
615 98002
616 98025
617 98228
618 98193
619 97701
620 98009
621 97957
622 97964
623 98374
624 98239
625 98589
626 98266
627 97908
628 98267
629 98236
630 98165
631 98654
632 98144
633 98072
634 98250
635 98495
636 97946
637 98365
638 98567
639 98161
640 98440
641 98244
642 98496
643 98359
644 98211
645 98086
646 98816
647 98455
648 98343
649 98205
650 98454
651 98396
652 98526
653 98899
654 98271
655 98421
656 98364
657 98477
658 98679
659 98406
660 97949
661 98704
662 98488
663 98833
664 98708
665 98628
666 98872
667 98431
668 98552
669 98465
670 98728
671 98938
672 98539
673 98305
674 98454
675 98284
676 98325
677 98374
678 98794
679 98495
680 98198
681 98323
682 98393
683 98562
684 98421
685 98588
686 98333
687 98400
688 98438
689 98463
690 98291
691 98528
692 98448
693 98712
694 98669
695 98918
696 98216
697 98720
698 98503
699 98252
700 98430
701 98597
702 98725
703 98320
704 98728
705 98526
706 98478
707 98426
708 98564
709 98568
710 99100
711 98957
712 98707
713 98236
714 98595
715 98499
716 98375
717 98956
718 98382
719 98162
720 98372
721 98997
722 98703
723 98778
724 98378
725 98535
726 98973
727 99072
728 98375
729 98823
730 98613
731 98408
732 98592
733 99242
734 98365
735 99167
736 98654
737 98822
738 98682
739 98034
740 98948
741 98793
742 98732
743 98749
744 98789
745 98621
746 98496
747 98690
748 98220
749 98573
750 98565
751 98534
752 98864
753 98557
754 98469
755 98966
756 98582
757 98585
758 98233
759 98689
760 98285
761 98432
762 99032
763 98609
764 98571
765 98701
766 98600
767 98629
768 98743
769 98932
770 98935
771 99383
772 98447
773 98769
774 98598
775 98989
776 98843
777 99289
778 99194
779 98817
780 98896
781 98764
782 99190
783 99698
784 98953
785 99275
786 98797
787 99347
788 98875
789 99354
790 99318
791 99247
792 99330
793 99562
794 99483
795 99294
796 99403
797 99562
798 99567
799 99409
800 99851
801 99659
802 99499
803 99136
804 99830
805 99172
806 99747
807 99612
808 99102
809 99354
810 99405
811 99434
812 99335
813 99373
814 99381
815 99268
816 99379
817 99640
818 99481
819 99588
820 99916
821 99413
822 99936
823 99493
824 99415
825 99530
826 99577
827 99568
828 100231
829 100237
830 99514
831 100289
832 100053
833 99391
834 99860
835 99518
836 99604
837 99687
838 99918
839 99536
840 99854
841 99582
842 99676
843 99931
844 99872
845 99755
846 99654
847 100056
848 100206
849 100154
850 99690
851 99970
852 100137
853 100102
854 100102
855 99600
856 100248
857 100147
858 99709
859 99855
860 100340
861 100167
862 100430
863 100507
864 100252
865 100771
866 100068
867 99909
868 100285
869 100030
870 100413
871 100677
872 100499
873 100038
874 100463
875 100263
876 99869
877 100071
878 100225
879 100465
880 100457
881 100513
882 100624
883 100477
884 100393
885 101116
886 100838
887 100849
888 100639
889 100869
890 100719
891 100719
892 100651
893 100916
894 101038
895 100733
896 101355
897 101561
898 101193
899 102101
900 101396
901 101655
902 101206
903 101341
904 101903
905 101381
906 101607
907 102162
908 102088
909 102400
910 102420
911 102375
912 102800
913 103263
914 103446
915 103468
916 103876
917 103702
918 103625
919 104822
920 104622
921 104840
922 105448
923 104881
924 105438
925 106436
926 105849
927 106488
928 106843
929 107388
930 107001
931 106960
932 107712
933 108196
934 108359
935 108505
936 108717
937 108479
938 108905
939 108267
940 108477
941 108674
942 108350
943 108171
944 108374
945 108328
946 107822
947 108103
948 107870
949 107136
950 107115
951 106923
952 106519
953 106082
954 106219
955 105795
956 105457
957 105491
958 105167
959 104808
960 104954
961 104527
962 104083
963 104191
964 103744
965 103639
966 103408
967 102958
968 103391
969 102900
970 103056
971 102512
972 102432
973 102598
974 102035
975 102018
976 102159
977 101961
978 101433
979 102522
980 101746
981 101622
982 101715
983 101439
984 101663
985 101496
986 101384
987 101596
988 101160
989 100989
990 101283
991 100444
992 100944
993 101365
994 100833
995 100870
996 100217
997 100698
998 100501
999 100925
1000 100834
1001 100229
1002 100348
1003 100537
1004 100654
1005 100495
1006 100814
1007 100382
1008 100378
1009 100670
1010 100861
1011 100436
1012 100728
1013 100341
1014 100075
1015 100439
1016 99941
1017 99980
1018 99954
1019 99650
1020 100490
1021 99831
1022 100940
1023 99689
1024 100182
1025 100458
1026 100499
1027 99923
1028 100375
1029 100464
1030 100484
1031 99877
1032 100311
1033 100285
1034 99870
1035 100119
1036 100008
1037 99846
1038 100408
1039 99754
1040 100362
1041 99718
1042 100687
1043 99883
1044 99673
1045 99990
1046 100441
1047 100039
1048 100140
1049 100241
1050 99875
1051 100037
1052 100125
1053 100266
1054 99525
1055 99687
1056 99645
1057 99982
1058 100259
1059 100225
1060 100101
1061 99843
1062 100012
1063 99902
1064 100148
1065 100076
1066 99903
1067 99939
1068 100095
1069 100364
1070 99938
1071 100138
1072 99837
1073 100092
1074 100077
1075 99966
1076 99876
1077 100202
1078 99815
1079 100360
1080 99234
1081 99851
1082 99893
1083 99705
1084 99773
1085 99694
1086 99927
1087 99830
1088 99243
1089 100033
1090 99589
1091 100068
1092 99813
1093 99698
1094 100132
1095 99821
1096 99512
1097 99721
1098 99861
1099 99819
1100 99527
1101 99694
1102 99489
1103 99929
1104 99830
1105 99850
1106 99688
1107 99700
1108 99889
1109 99959
1110 99082
1111 99309
1112 100035
1113 99482
1114 99665
1115 100044
1116 99770
1117 99629
1118 99612
1119 99736
1120 99391
1121 99847
1122 99786
1123 99228
1124 99162
1125 100044
1126 99312
1127 99683
1128 99312
1129 99377
1130 98963
1131 99972
1132 99242
1133 99252
1134 99604
1135 99217
1136 99330
1137 99538
1138 99124
1139 99698
1140 99798
1141 99533
1142 99821
1143 99348
1144 99640
1145 99010
1146 99458
1147 99629
1148 99914
1149 99133
1150 99870
1151 99300
1152 99603
1153 99509
1154 99381
1155 99345
1156 99698
1157 99325
1158 98857
1159 99585
1160 99068
1161 99875
1162 99286
1163 99708
1164 99181
1165 99366
1166 99471
1167 98876
1168 99654
1169 99145
1170 99678
1171 99230
1172 99309
1173 99506
1174 99615
1175 99202
1176 99893
1177 99168
1178 99464
1179 99667
1180 99636
1181 99009
1182 98907
1183 99022
1184 99192
1185 99203
1186 99141
1187 99575
1188 99082
1189 99497
1190 99043
1191 99452
1192 99367
1193 99433
1194 99669
1195 99634
1196 99378
1197 99388
1198 99317
1199 99677
1200 99183
1201 99727
1202 99443
1203 99600
1204 99539
1205 99498
1206 99245
1207 99695
1208 100179
1209 99342
1210 99141
1211 99764
1212 99747
1213 100203
1214 99649
1215 100213
1216 99827
1217 99471
1218 99623
1219 100053
1220 100327
1221 99952
1222 99703
1223 100289
1224 100187
1225 99824
1226 99879
1227 100225
1228 99809
1229 100322
1230 99861
1231 100036
1232 99811
1233 99390
1234 100390
1235 100010
1236 99426
1237 99755
1238 99774
1239 99800
1240 99578
1241 100112
1242 99381
1243 99787
1244 99918
1245 100351
1246 99984
1247 99829
1248 99613
1249 100176
1250 100231
1251 99883
1252 99761
1253 100128
1254 99635
1255 99769
1256 100078
1257 99902
1258 99877
1259 99758
1260 99910
1261 99613
1262 99740
1263 99433
1264 100020
1265 99667
1266 99685
1267 100129
1268 99828
1269 100247
1270 99905
1271 99824
1272 99781
1273 100089
1274 99623
1275 100229
1276 99733
1277 100416
1278 100349
1279 100495
1280 100141
1281 100564
1282 100080
1283 100216
1284 100294
1285 99840
1286 100173
1287 100304
1288 100080
1289 100192
1290 99857
1291 99735
1292 100104
1293 100506
1294 100409
1295 99958
1296 100373
1297 99884
1298 100304
1299 100522
1300 100547
1301 100237
1302 100613
1303 99986
1304 100643
1305 100750
1306 101130
1307 101046
1308 100440
1309 100980
1310 100734
1311 100825
1312 100639
1313 101069
1314 101012
1315 101405
1316 101684
1317 101444
1318 101603
1319 102293
1320 101490
1321 101488
1322 101908
1323 102111
1324 101626
1325 101570
1326 102382
1327 102522
1328 102214
1329 102482
1330 102491
1331 103153
1332 103199
1333 103855
1334 103546
1335 103798
1336 104180
1337 103960
1338 103800
1339 105217
1340 104624
1341 105743
1342 105799
1343 105969
1344 105813
1345 106185
1346 106464
1347 106663
1348 106622
1349 107114
1350 106798
1351 107245
1352 108229
1353 108071
1354 108055
1355 107953
1356 108209
1357 108695
1358 108293
1359 108412
1360 108674
1361 107812
1362 108436
1363 108264
1364 107942
1365 107562
1366 106902
1367 106857
1368 106523
1369 106300
1370 106012
1371 105657
1372 106170
1373 105581
1374 104887
1375 105115
1376 105101
1377 104786
1378 104780
1379 104343
1380 103727
1381 103522
1382 103253
1383 102632
1384 103042
1385 102741
1386 102441
1387 102259
1388 102259
1389 102224
1390 102428
1391 102334
1392 101818
1393 101535
1394 101572
1395 101530
1396 101438
1397 101455
1398 101521
1399 101351
1400 101412
1401 100686
1402 100972
1403 100936
1404 101025
1405 100656
1406 101024
1407 101389
1408 100292
1409 100553
1410 100590
1411 100006
1412 100640
1413 100406
1414 100509
1415 100081
1416 100253
1417 100800
1418 100586
1419 100639
1420 100264
1421 100287
1422 100010
1423 100428
1424 100292
1425 99931
1426 100608
1427 100164
1428 100002
1429 100240
1430 100371
1431 100010
1432 100298
1433 100037
1434 100495
1435 99964
1436 100561
1437 100546
1438 100212
1439 100010
1440 99811
1441 100236
1442 99556
1443 100177
1444 99946
1445 99904
1446 99871
1447 100310
1448 100590
1449 99944
1450 99719
1451 100242
1452 100287
1453 100180
1454 100032
1455 100271
1456 100112
1457 100017
1458 99727
1459 99715
1460 99856
1461 99688
1462 99800
1463 99763
1464 99736
1465 99734
1466 100047
1467 100039
1468 99493
1469 99959
1470 99286
1471 99826
1472 99314
1473 99053
1474 99835
1475 99899
1476 99574
1477 99444
1478 99651
1479 99682
1480 99858
1481 99508
1482 99823
1483 99705
1484 99756
1485 99665
1486 99827
1487 99527
1488 99620
1489 99959
1490 99749
1491 100100
1492 99509
1493 99532
1494 99816
1495 99578
1496 99612
1497 99556
1498 99447
1499 99720
1500 99820
1501 99360
1502 99243
1503 98967
1504 99430
1505 99491
1506 99746
1507 99494
1508 99447
1509 99935
1510 99589
1511 99569
1512 99694
1513 99539
1514 99731
1515 99591
1516 99163
1517 99325
1518 99382
1519 99160
1520 99300
1521 99665
1522 99471
1523 99775
1524 98924
1525 99382
1526 99950
1527 99081
1528 99634
1529 99899
1530 99397
1531 99579
1532 99675
1533 99374
1534 99547
1535 99344
1536 99473
1537 99707
1538 99354
1539 99483
1540 99701
1541 99026
1542 99349
1543 99080
1544 99696
1545 99319
1546 99405
1547 99429
1548 99436
1549 99318
1550 99447
1551 99362
1552 99146
1553 99370
1554 99963
1555 99273
1556 99776
1557 99193
1558 99569
1559 99552
1560 99417
1561 99347
1562 99391
1563 99914
1564 99375
1565 99709
1566 99257
1567 99327
1568 99538
1569 99364
1570 99739
1571 99446
1572 99734
1573 99646
1574 99413
1575 99468
1576 99314
1577 99704
1578 99242
1579 99709
1580 99264
1581 99715
1582 99410
1583 99599
1584 99701
1585 99625
1586 99415
1587 99654
1588 99459
1589 99531
1590 99457
1591 99741
1592 99570
1593 99074
1594 99201
1595 99193
1596 99510
1597 99597
1598 99739
1599 99586
1600 99635
1601 99270
1602 99811
1603 99455
1604 99506
1605 99553
1606 99958
1607 99645
1608 99673
1609 99211
1610 99256
1611 99618
1612 99635
1613 98970
1614 99177
1615 99406
1616 99639
1617 99367
1618 99591
1619 99092
1620 99900
1621 99264
1622 99599
1623 99289
1624 98919
1625 99399
1626 99236
1627 99511
1628 99301
1629 99557
1630 99256
1631 99551
1632 99100
1633 99700
1634 99589
1635 99261
1636 99400
1637 99806
1638 99696
1639 99322
1640 99469
1641 99074
1642 99533
1643 99545
1644 99765
1645 99359
1646 99621
1647 99363
1648 99949
1649 99497
1650 99469
1651 99568
1652 99750
1653 99407
1654 99886
1655 99533
1656 99762
1657 99583
1658 99791
1659 99529
1660 100033
1661 99442
1662 99740
1663 99452
1664 99682
1665 99857
1666 99659
1667 99571
1668 99418
1669 99613
1670 99634
1671 99582
1672 99699
1673 99320
1674 99660
1675 99679
1676 99328
1677 99155
1678 99268
1679 99281
1680 99376
1681 99605
1682 99137
1683 99478
1684 99297
1685 99183
1686 99481
1687 99446
1688 99528
1689 98978
1690 99434
1691 99232
1692 99457
1693 99553
1694 99256
1695 99743
1696 99388
1697 99447
1698 99205
1699 99724
1700 99355
1701 99380
1702 99558
1703 99576
1704 99385
1705 99559
1706 99394
1707 99447
1708 99720
1709 99069
1710 99565
1711 99271
1712 99602
1713 99815
1714 99830
1715 100228
1716 99351
1717 98966
1718 99747
1719 99945
1720 99205
1721 99657
1722 98808
1723 99497
1724 99574
1725 99781
1726 99358
1727 99492
1728 99751
1729 99659
1730 99250
1731 99217
1732 99997
1733 99300
1734 99392
1735 99798
1736 99014
1737 99578
1738 99605
1739 99260
1740 99092
1741 99234
1742 99682
1743 99595
1744 99165
1745 99827
1746 99559
1747 99289
1748 99736
1749 99484
1750 99377
1751 99132
1752 99640
1753 99988
1754 99643
1755 99124
1756 98953
1757 99339
1758 99248
1759 99560
1760 99304
1761 99102
1762 98934
1763 99481
1764 99944
1765 99295
1766 99138
1767 98719
1768 99703
1769 99755
1770 99187
1771 99501
1772 99779
1773 99496
1774 99186
1775 99624
1776 99704
1777 99256
1778 99245
1779 99402
1780 99475
1781 99429
1782 99293
1783 99347
1784 99273
1785 99714
1786 99330
1787 99619
1788 99463
1789 99925
1790 99255
1791 99452
1792 99423
1793 99494
1794 99515
1795 98937
1796 99056
1797 99513
1798 99532
1799 98876
1800 99164
1801 99789
1802 99302
1803 99430
1804 98961
1805 99537
1806 99273
1807 99231
1808 99332
1809 99885
1810 99109
1811 99732
1812 99352
1813 99370
1814 99205
1815 99170
1816 99680
1817 98955
1818 99012
1819 99515
1820 99838
1821 99654
1822 99370
1823 99699
1824 99859
1825 99503
1826 99531
1827 99717
1828 99579
1829 99158
1830 99886
1831 99700
1832 99856
1833 99794
1834 99455
1835 99417
1836 99455
1837 99210
1838 99668
1839 99741
1840 99457
1841 99454
1842 99607
1843 99504
1844 99641
1845 99667
1846 99645
1847 99671
1848 99843
1849 99908
1850 99784
1851 99704
1852 99880
1853 99572
1854 99262
1855 100225
1856 99563
1857 99707
1858 99625
1859 100023
1860 99625
1861 99908
1862 99842
1863 100143
1864 99941
1865 99951
1866 100160
1867 100083
1868 99794
1869 99716
1870 100376
1871 99494
1872 99965
1873 99758
1874 99871
1875 100262
1876 100480
1877 100164
1878 100119
1879 100745
1880 100326
1881 100514
1882 100195
1883 100765
1884 100015
1885 100652
1886 100362
1887 100752
1888 100649
1889 100416
1890 100433
1891 100755
1892 100741
1893 100405
1894 100950
1895 100557
1896 100842
1897 101228
1898 101453
1899 101080
1900 101599
1901 101383
1902 101796
1903 101537
1904 101392
1905 101741
1906 101957
1907 101628
1908 102043
1909 102294
1910 102323
1911 103060
1912 103118
1913 102598
1914 103538
1915 103691
1916 103442
1917 103414
1918 104164
1919 104183
1920 104566
1921 104519
1922 104851
1923 105377
1924 105171
1925 105853
1926 106251
1927 106001
1928 106814
1929 106743
1930 106840
1931 107341
1932 107385
1933 107570
1934 107745
1935 108440
1936 108579
1937 107990
1938 108037
1939 108446
1940 108723
1941 108435
1942 107778
1943 108355
1944 107734
1945 107776
1946 107564
1947 107307
1948 107469
1949 106884
1950 106402
1951 106378
1952 106112
1953 105796
1954 106154
1955 105944
1956 105108
1957 105107
1958 104582
1959 104634
1960 104388
1961 104180
1962 103991
1963 104019
1964 103466
1965 103722
1966 103144
1967 103088
1968 103085
1969 103104
1970 102971
1971 102340
1972 102287
1973 102241
1974 102668
1975 101923
1976 101800
1977 102081
1978 102267
1979 101518
1980 101912
1981 101763
1982 101793
1983 102061
1984 101174
1985 101143
1986 101419
1987 101637
1988 101139
1989 101839
1990 101854
1991 100703
1992 100755
1993 100980
1994 100869
1995 100968
1996 100968
1997 100360
1998 100892
1999 100581
2000 100505
2001 100439
2002 100586
2003 101059
2004 100168
2005 100378
2006 100795
2007 100558
2008 100763
2009 100379
2010 100518
2011 100884
2012 100177
2013 100235
2014 100107
2015 100468
2016 99829
2017 100479
2018 100373
2019 100131
2020 100557
2021 100475
2022 100629
2023 100137
2024 100365
2025 100463
2026 99895
2027 100021
2028 99887
2029 100114
2030 99798
2031 99918
2032 100197
2033 100230
2034 99953
2035 100219
2036 100504
2037 100058
2038 99891
2039 99792
2040 99669
2041 100506
2042 99750
2043 99922
2044 100276
2045 100035
2046 99935
2047 99806
2048 99986
2049 100071
2050 100216
2051 100462
2052 100067
2053 99634
2054 99777
2055 100555
2056 100375
2057 99827
2058 100376
2059 99770
2060 100447
2061 99938
2062 100314
2063 99855
2064 100227
2065 100286
2066 99879
2067 99824
2068 99621
2069 99755
2070 99972
2071 100031
2072 100492
2073 99881
2074 99818
2075 100137
2076 100227
2077 99890
2078 100025
2079 99839
2080 100076
2081 99805
2082 99937
2083 99466
2084 99948
2085 99812
2086 100184
2087 100100
2088 100063
2089 99904
2090 99839
2091 99865
2092 99904
2093 99953
2094 99657
2095 99663
2096 100080
2097 100197
2098 100509
2099 100439
2100 99986
2101 99980
2102 100095
2103 99664
2104 100439
2105 99969
2106 99750
2107 99982
2108 100281
2109 99829
2110 100284
2111 100265
2112 99901
2113 99971
2114 99953
2115 100168
2116 100263
2117 100590
2118 100730
2119 100267
2120 100079
2121 100177
2122 99865
2123 99820
2124 99660
2125 100297
2126 100137
2127 100353
2128 100455
2129 99928
2130 100087
2131 100490
2132 100030
2133 100137
2134 100277
2135 100165
2136 100147
2137 99846
2138 100146
2139 100667
2140 100493
2141 100656
2142 100013
2143 100303
2144 100494
2145 100310
2146 100067
2147 100416
2148 100361
2149 100199
2150 99965
2151 100634
2152 100239
2153 100215
2154 100524
2155 99984
2156 100383
2157 100346
2158 100569
2159 100261
2160 100577
2161 100328
2162 100696
2163 100011
2164 100300
2165 100197
2166 100341
2167 100350
2168 100174
2169 100292
2170 100804
2171 100199
2172 99943
2173 99998
2174 100497
2175 100327
2176 100296
2177 100667
2178 100505
2179 100544
2180 100509
2181 100448
2182 100011
2183 100477
2184 100504
2185 100780
2186 100513
2187 100181
2188 100157
2189 101272
2190 100343
2191 100681
2192 100375
2193 100990
2194 100594
2195 100182
2196 100530
2197 100804
2198 100580
2199 100333
2200 100132
2201 100469
2202 100415
2203 100849
2204 100400
2205 100232
2206 100449
2207 100701
2208 99970
2209 100280
2210 100555
2211 101018
2212 100685
2213 100558
2214 100599
2215 100255
2216 100858
2217 100894
2218 100950
2219 100756
2220 100703
2221 100278
2222 101140
2223 100459
2224 100849
2225 100318
2226 100372
2227 100484
2228 100346
2229 100481
2230 100807
2231 100388
2232 100656
2233 100395
2234 100352
2235 100623
2236 100870
2237 100352
2238 100531
2239 100690
2240 100864
2241 100769
2242 100870
2243 101176
2244 100585
2245 100925
2246 101133
2247 100945
2248 100920
2249 100984
2250 100495
2251 100728
2252 101118
2253 100768
2254 100554
2255 100765
2256 101517
2257 100630
2258 101085
2259 101234
2260 101215
2261 100798
2262 101000
2263 100973
2264 100649
2265 101489
2266 101281
2267 100726
2268 100687
2269 101238
2270 100781
2271 101448
2272 101195
2273 101157
2274 101483
2275 101037
2276 101066
2277 101061
2278 101608
2279 101112
2280 100974
2281 101359
2282 101635
2283 101036
2284 101189
2285 100730
2286 100849
2287 101006
2288 101160
2289 101143
2290 101856
2291 101605
2292 101603
2293 101389
2294 101485
2295 101479
2296 101215
2297 101476
2298 101569
2299 101450
2300 101353
2301 101536
2302 102056
2303 101665
2304 101958
2305 101585
2306 101664
2307 102481
2308 102017
2309 101665
2310 101859
2311 102603
2312 102420
2313 102019
2314 102082
2315 102339
2316 102608
2317 102506
2318 102312
2319 102589
2320 102433
2321 103056
2322 103079
2323 102801
2324 103308
2325 103426
2326 103388
2327 103532
2328 103821
2329 103767
2330 103499
2331 104158
2332 103734
2333 103659
2334 104199
2335 104278
2336 104621
2337 104507
2338 105003
2339 104887
2340 105096
2341 105244
2342 105844
2343 106037
2344 105921
2345 107008
2346 106820
2347 107114
2348 107548
2349 107260
2350 107527
2351 108012
2352 107561
2353 108482
2354 108313
2355 108693
2356 109100
2357 108465
2358 108365
2359 109159
2360 108959
2361 109139
2362 109421
2363 109303
2364 108973
2365 108693
2366 108828
2367 108331
2368 107917
2369 107968
2370 107401
2371 107729
2372 107606
2373 106922
2374 106673
2375 106658
2376 106046
2377 105938
2378 105864
2379 105977
2380 105288
2381 105087
2382 105083
2383 104945
2384 104752
2385 104688
2386 104178
2387 104361
2388 104094
2389 104000
2390 103675
2391 103865
2392 103924
2393 103098
2394 103429
2395 103568
2396 103071
2397 103002
2398 103026
2399 103085
2400 102991
2401 102782
2402 102631
2403 102596
2404 102519
2405 102302
2406 102557
2407 102288
2408 102652
2409 102362
2410 102473
2411 102346
2412 102066
2413 102324
2414 102301
2415 102141
2416 102381
2417 102226
2418 102309
2419 101898
2420 102328
2421 102133
2422 101866
2423 102092
2424 102636
2425 102004
2426 101988
2427 102155
2428 101732
2429 102238
2430 101790
2431 102211
2432 102128
2433 101674
2434 101732
2435 101659
2436 101795
2437 102041
2438 101950
2439 101869
2440 101935
2441 102093
2442 101902
2443 101915
2444 101910
2445 101781
2446 101787
2447 102267
2448 102148
2449 101692
2450 101286
2451 101418
2452 102023
2453 101312
2454 101938
2455 101235
2456 101757
2457 101753
2458 101511
2459 101913
2460 101823
2461 102013
2462 101944
2463 102021
2464 101709
2465 102114
2466 101886
2467 101546
2468 101701
2469 102197
2470 101968
2471 101348
2472 101705
2473 101671
2474 101924
2475 102152
2476 101637
2477 101770
2478 101635
2479 101883
2480 101754
2481 102132
2482 102083
2483 102663
2484 102007
2485 101982
2486 101897
2487 101489
2488 101924
2489 101824
2490 102172
2491 101882
2492 101957
2493 101903
2494 102185
2495 102106
2496 102485
2497 101912
2498 102264
2499 102331
2500 101917
2501 102036
2502 101730
2503 101942
2504 102385
2505 102079
2506 102065
2507 101781
2508 101812
2509 102371
2510 102900
2511 102494
2512 102299
2513 102569
2514 102421
2515 102682
2516 102580
2517 102060
2518 102045
2519 101809
2520 102269
2521 102212
2522 102366
2523 102070
2524 102135
2525 102095
2526 101510
2527 102985
2528 101850
2529 102214
2530 102035
2531 102381
2532 102129
2533 102088
2534 102285
2535 101919
2536 101792
2537 102149
2538 101768
2539 101948
2540 101654
2541 101735
2542 102147
2543 101389
2544 101169
2545 101489
2546 101982
2547 102003
2548 101501
2549 102042
2550 101662
2551 102377
2552 102080
2553 101924
2554 101908
2555 101619
2556 102128
2557 101692
2558 102069
2559 102045
2560 101814
2561 101864
2562 102136
2563 101853
2564 101921
2565 101825
2566 101859
2567 101813
2568 101841
2569 101618
2570 101981
2571 101721
2572 101687
2573 102227
2574 101685
2575 101934
2576 102308
2577 101719
2578 101911
2579 101558
2580 102023
2581 102133
2582 101953
2583 101872
2584 101833
2585 102095
2586 102057
2587 101701
2588 102343
2589 101711
2590 101667
2591 102140
2592 101763
2593 101775
2594 102134
2595 101500
2596 101710
2597 101662
2598 101750
2599 102121
2600 101942
2601 102125
2602 102057
2603 101498
2604 101855
2605 101966
2606 102035
2607 102086
2608 101537
2609 101694
2610 102287
2611 102279
2612 102699
2613 102022
2614 101797
2615 101838
2616 101818
2617 102101
2618 102265
2619 102115
2620 101859
2621 102290
2622 102056
2623 102543
2624 102009
2625 102221
2626 101962
2627 102147
2628 102073
2629 101994
2630 101960
2631 102250
2632 102121
2633 101989
2634 102395
2635 101913
2636 101691
2637 101982
2638 102169
2639 101522
2640 101847
2641 101966
2642 102342
2643 102309
2644 101871
2645 101860
2646 102093
2647 101599
2648 102419
2649 102194
2650 101881
2651 102064
2652 102000
2653 101600
2654 101987
2655 102329
2656 101692
2657 102089
2658 102021
2659 102321
2660 101967
2661 102014
2662 102138
2663 101966
2664 102153
2665 101872
2666 101976
2667 101897
2668 101627
2669 101577
2670 102401
2671 101852
2672 102495
2673 101792
2674 102114
2675 102080
2676 102068
2677 101825
2678 102297
2679 101763
2680 102628
2681 102332
2682 102088
2683 102406
2684 101748
2685 102001
2686 101362
2687 102159
2688 101775
2689 101988
2690 101752
2691 101954
2692 102087
2693 101633
2694 102110
2695 101797
2696 102173
2697 102265
2698 101488
2699 102185
2700 101964
2701 101890
2702 102246
2703 102165
2704 101945
2705 101961
2706 101916
2707 101694
2708 101700
2709 101950
2710 101746
2711 101748
2712 101667
2713 102038
2714 101818
2715 101529
2716 101553
2717 101675
2718 101485
2719 102124
2720 101667
2721 102299
2722 102178
2723 101782
2724 102538
2725 101757
2726 101941
2727 101693
2728 101806
2729 101813
2730 102128
2731 102050
2732 101792
2733 102016
2734 101745
2735 101944
2736 102210
2737 102282
2738 102205
2739 101779
2740 101950
2741 101708
2742 102476
2743 101895
2744 101887
2745 102031
2746 101990
2747 102429
2748 101636
2749 102162
2750 101949
2751 102397
2752 102394
2753 101924
2754 102099
2755 101955
2756 102415
2757 102310
2758 102107
2759 102486
2760 102158
2761 102511
2762 102241
2763 102139
2764 102034
2765 102397
2766 101468
2767 101749
2768 102478
2769 101789
2770 102114
2771 102526
2772 102260
2773 102538
2774 101881
2775 102518
2776 102439
2777 102408
2778 102336
2779 102684
2780 102057
2781 101397
2782 102053
2783 101972
2784 102187
2785 102237
2786 102403
2787 102134
2788 102381
2789 102279
2790 102141
2791 101792
2792 101721
2793 102548
2794 102347
2795 101937
2796 102192
2797 101669
2798 102299
2799 102241
2800 102069
2801 101693
2802 102145
2803 102295
2804 101975
2805 102237
2806 102071
2807 101885
2808 101864
2809 101769
2810 102046
2811 101995
2812 101890
2813 102376
2814 101911
2815 102039
2816 101715
2817 101427
2818 101443
2819 101784
2820 101803
2821 102006
2822 101965
2823 101904
2824 101546
2825 101830
2826 101887
2827 101985
2828 101893
2829 101618
2830 102021
2831 101998
2832 101777
2833 101772
2834 102279
2835 101774
2836 101616
2837 101736
2838 101778
2839 102045
2840 102230
2841 101973
2842 101761
2843 101636
2844 102052
2845 102194
2846 101917
2847 101930
2848 101978
2849 101915
2850 101601
2851 101873
2852 102286
2853 102212
2854 101822
2855 101935
2856 101749
2857 102064
2858 102320
2859 102856
2860 102772
2861 101938
2862 101938
2863 101904
2864 101917
2865 101847
2866 102703
2867 102351
2868 101804
2869 101841
2870 101820
2871 102197
2872 101950
2873 101836
2874 102316
2875 102144
2876 102509
2877 102528
2878 102199
2879 102474
2880 102265
2881 102045
2882 102660
2883 102118
2884 102402
2885 102362
2886 102623
2887 102711
2888 102827
2889 102960
2890 102542
2891 102545
2892 102863
2893 102826
2894 102723
2895 102804
2896 102722
2897 102974
2898 102939
2899 103083
2900 103461
2901 102924
2902 103413
2903 103102
2904 103764
2905 103849
2906 103400
2907 104394
2908 103942
2909 103850
2910 104116
2911 104067
2912 104089
2913 104038
2914 104467
2915 105512
2916 104617
2917 105250
2918 105363
2919 105369
2920 106180
2921 105883
2922 106133
2923 106445
2924 106582
2925 106374
2926 106612
2927 107228
2928 107636
2929 107763
2930 108127
2931 108489
2932 108336
2933 108273
2934 108196
2935 108492
2936 108745
2937 108883
2938 109132
2939 108818
2940 108976
2941 109411
2942 108610
2943 108570
2944 108413
2945 108788
2946 108622
2947 108076
2948 107914
2949 107724
2950 107854
2951 107417
2952 107155
2953 106823
2954 106377
2955 106527
2956 106104
2957 106038
2958 105660
2959 105486
2960 105321
2961 105048
2962 104719
2963 104720
2964 104135
2965 104514
2966 104288
2967 104151
2968 104224
2969 103840
2970 103584
2971 103606
2972 103842
2973 103703
2974 104098
2975 103767
2976 103149
2977 103543
2978 103007
2979 102899
2980 102931
2981 102851
2982 102473
2983 103020
2984 102627
2985 102722
2986 102655
2987 102695
2988 102622
2989 102341
2990 102136
2991 102401
2992 102162
2993 101900
2994 102481
2995 102260
2996 102176
2997 102022
2998 101893
2999 102116
3000 101939
3001 102022
3002 102094
3003 102189
3004 101946
3005 102246
3006 101813
3007 102001
3008 101677
3009 101706
3010 101487
3011 102011
3012 102127
3013 101394
3014 101489
3015 101966
3016 101171
3017 101314
3018 101522
3019 101782
3020 101610
3021 101441
3022 101846
3023 101273
3024 101408
3025 101660
3026 101619
3027 101596
3028 101392
3029 101135
3030 101662
3031 100874
3032 101053
3033 101433
3034 101218
3035 101194
3036 101049
3037 102054
3038 101123
3039 101493
3040 101200
3041 101443
3042 101283
3043 101303
3044 100992
3045 101014
3046 101331
3047 101011
3048 100932
3049 101748
3050 101585
3051 101035
3052 101341
3053 100761
3054 100761
3055 101770
3056 101354
3057 101371
3058 101362
3059 101339
3060 101131
3061 101034
3062 101120
3063 101665
3064 101201
3065 100936
3066 101319
3067 101108
3068 101275
3069 101719
3070 101368
3071 101179
3072 100883
3073 101527
3074 101397
3075 101584
3076 101599
3077 101383
3078 101265
3079 101181
3080 101092
3081 101321
3082 101385
3083 101101
3084 101513
3085 101512
3086 101334
3087 100704
3088 101044
3089 100721
3090 101092
3091 101461
3092 100928
3093 101232
3094 100857
3095 101047
3096 100980
3097 100631
3098 100736
3099 101382
3100 101161
3101 100827
3102 100929
3103 101190
3104 100707
3105 100899
3106 100587
3107 100745
3108 100652
3109 100349
3110 100691
3111 100824
3112 100605
3113 100897
3114 100722
3115 100630
3116 100827
3117 100816
3118 100727
3119 100189
3120 100924
3121 100458
3122 100597
3123 100727
3124 101015
3125 101014
3126 100651
3127 100414
3128 100383
3129 100191
3130 100570
3131 101108
3132 100637
3133 100384
3134 100428
3135 100790
3136 100400
3137 100331
3138 100603
3139 100376
3140 100575
3141 100153
3142 101129
3143 101118
3144 100557
3145 100849
3146 101075
3147 100288
3148 100857
3149 100538
3150 100971
3151 100710
3152 100630
3153 100679
3154 100776
3155 100445
3156 100661
3157 100955
3158 100545
3159 100819
3160 100264
3161 100675
3162 100780
3163 101077
3164 100665
3165 100877
3166 100315
3167 100558
3168 100668
3169 100894
3170 100721
3171 100992
3172 100584
3173 100464
3174 100123
3175 100885
3176 100980
3177 100743
3178 100463
3179 100809
3180 100483
3181 100740
3182 100976
3183 101133
3184 100811
3185 100694
3186 100485
3187 100280
3188 100933
3189 100462
3190 100329
3191 101014
3192 100979
3193 100765
3194 100826
3195 100893
3196 101026
3197 100966
3198 100235
3199 101401
3200 101154
3201 100791
3202 100891
3203 101040
3204 100930
3205 100901
3206 100564
3207 100928
3208 100862
3209 100747
3210 101206
3211 101166
3212 100808
3213 100695
3214 101157
3215 101233
3216 101024
3217 101004
3218 101088
3219 100765
3220 101016
3221 100943
3222 101108
3223 101203
3224 100700
3225 100440
3226 100464
3227 101153
3228 100743
3229 100810
3230 100762
3231 100823
3232 100487
3233 100662
3234 100469
3235 100783
3236 101039
3237 100908
3238 100641
3239 100629
3240 101201
3241 100705
3242 101052
3243 101608
3244 101300
3245 101081
3246 101064
3247 100229
3248 100907
3249 101186
3250 100912
3251 100694
3252 101027
3253 101242
3254 101350
3255 100440
3256 100976
3257 100938
3258 101176
3259 100860
3260 101000
3261 100873
3262 100840
3263 100863
3264 101313
3265 100888
3266 101233
3267 101630
3268 101060
3269 101620
3270 101599
3271 101310
3272 101555
3273 101316
3274 100740
3275 101338
3276 100756
3277 101099
3278 101478
3279 101307
3280 100748
3281 101243
3282 100749
3283 101427
3284 101879
3285 101273
3286 101295
3287 101799
3288 101534
3289 101471
3290 101856
3291 101231
3292 101282
3293 101878
3294 101271
3295 101553
3296 101539
3297 101645
3298 101944
3299 101781
3300 101919
3301 101738
3302 101863
3303 101953
3304 101557
3305 102002
3306 102030
3307 101790
3308 102006
3309 102021
3310 102062
3311 102140
3312 102533
3313 102321
3314 102142
3315 102312
3316 102283
3317 102622
3318 102986
3319 102607
3320 103389
3321 103225
3322 103426
3323 102943
3324 103348
3325 103437
3326 103569
3327 103714
3328 103480
3329 103685
3330 103717
3331 104065
3332 103763
3333 103709
3334 104609
3335 104108
3336 104792
3337 104702
3338 104563
3339 105246
3340 105593
3341 105227
3342 105594
3343 106101
3344 106155
3345 106421
3346 106716
3347 106813
3348 107342
3349 107153
3350 107522
3351 108266
3352 108477
3353 107795
3354 108427
3355 108881
3356 108467
3357 109288
3358 109219
3359 108878
3360 109542
3361 109711
3362 109588
3363 108894
3364 108893
3365 109059
3366 109282
3367 108933
3368 108670
3369 108620
3370 108393
3371 108648
3372 107899
3373 107683
3374 106896
3375 107004
3376 106228
3377 106572
3378 106556
3379 105915
3380 105604
3381 105075
3382 105164
3383 104703
3384 104598
3385 104788
3386 104750
3387 103984
3388 103920
3389 103406
3390 104089
3391 103847
3392 103698
3393 103376
3394 103106
3395 102891
3396 103094
3397 103094
3398 102854
3399 102962
3400 102690
3401 102832
3402 102761
3403 102346
3404 102014
3405 102008
3406 102461
3407 102401
3408 102024
3409 101897
3410 102229
3411 102328
3412 102205
3413 102246
3414 102328
3415 101814
3416 102154
3417 102254
3418 101815
3419 102449
3420 101756
3421 101828
3422 101985
3423 101952
3424 101955
3425 102312
3426 102351
3427 102564
3428 102137
3429 101986
3430 102313
3431 102133
3432 101823
3433 101969
3434 102170
3435 102318
3436 102444
3437 102439
3438 102173
3439 102792
3440 102137
3441 102251
3442 102721
3443 101953
3444 102367
3445 102026
3446 102254
3447 101466
3448 101740
3449 101837
3450 101367
3451 101721
3452 102104
3453 101447
3454 101986
3455 101663
3456 102138
3457 101721
3458 101539
3459 101616
3460 101592
3461 101601
3462 101888
3463 102061
3464 101467
3465 101452
3466 101897
3467 101654
3468 102172
3469 101176
3470 101180
3471 101300
3472 101105
3473 101725
3474 101222
3475 101229
3476 101614
3477 101239
3478 101305
3479 101716
3480 101944
3481 102099
3482 101673
3483 101435
3484 101035
3485 101604
3486 101536
3487 101386
3488 101946
3489 101409
3490 101937
3491 100973
3492 101392
3493 101185
3494 101821
3495 101715
3496 101244
3497 101396
3498 101261
3499 101327
3500 100703
3501 101072
3502 101498
3503 101618
3504 101457
3505 101320
3506 101535
3507 101264
3508 101310
3509 100986
3510 101236
3511 101689
3512 101198
3513 101242
3514 101339
3515 101654
3516 101263
3517 101190
3518 101259
3519 101693
3520 101036
3521 101098
3522 101712
3523 101093
3524 101312
3525 101236
3526 101363
3527 101327
3528 101692
3529 101562
3530 101334
3531 101358
3532 101843
3533 101417
3534 101569
3535 101352
3536 101362
3537 101291
3538 101515
3539 101579
3540 101199
3541 101580
3542 101151
3543 100933
3544 101498
3545 101606
3546 101408
3547 101171
3548 100951
3549 100985
3550 101611
3551 101507
3552 101510
3553 101171
3554 101319
3555 100758
3556 100992
3557 101171
3558 101330
3559 101553
3560 101124
3561 101388
3562 101522
3563 101265
3564 101840
3565 101165
3566 101376
3567 101493
3568 101064
3569 101052
3570 101307
3571 101284
3572 101251
3573 101343
3574 101528
3575 101577
3576 101397
3577 101766
3578 101349
3579 102088
3580 101451
3581 101447
3582 101496
3583 101913
3584 101513
3585 101594
3586 101529
3587 101748
3588 101448
3589 101969
3590 101582
3591 101367
3592 101919
3593 101471
3594 101444
3595 101653
3596 101722
3597 101991
3598 102258
3599 101750
3600 101967
3601 101617
3602 101647
3603 102077
3604 101722
3605 102339
3606 101599
3607 101841
3608 101875
3609 102242
3610 102227
3611 101780
3612 101456
3613 102131
3614 102114
3615 101584
3616 102141
3617 101794
3618 102036
3619 101494
3620 101218
3621 101984
3622 101333
3623 102174
3624 101985
3625 101745
3626 102356
3627 102049
3628 101931
3629 101480
3630 101870
3631 101631
3632 101473
3633 101731
3634 101179
3635 101524
3636 101968
3637 102144
3638 101626
3639 102175
3640 102072
3641 101646
3642 101892
3643 102277
3644 101578
3645 101579
3646 101799
3647 101556
3648 101586
3649 102079
3650 101668
3651 101783
3652 102041
3653 101922
3654 102059
3655 101712
3656 101660
3657 102426
3658 101535
3659 102171
3660 101775
3661 101989
3662 101785
3663 101747
3664 102151
3665 102043
3666 101587
3667 101895
3668 101933
3669 102397
3670 101821
3671 101954
3672 102104
3673 101596
3674 101490
3675 102041
3676 101499
3677 101552
3678 101582
3679 101478
3680 101554
3681 102095
3682 101934
3683 101950
3684 102113
3685 102250
3686 102163
3687 101784
3688 101589
3689 102141
3690 101611
3691 101803
3692 102354
3693 101814
3694 102165
3695 102224
3696 101795
3697 101903
3698 102081
3699 102052
3700 102244
3701 102009
3702 101930
3703 102213
3704 102261
3705 101983
3706 102253
3707 101848
3708 102215
3709 101969
3710 101452
3711 101887
3712 102470
3713 102049
3714 101563
3715 102091
3716 102088
3717 101975
3718 101849
3719 101759
3720 101545
3721 101611
3722 102012
3723 101465
3724 101389
3725 101679
3726 101453
3727 102030
3728 101545
3729 101811
3730 101913
3731 101814
3732 101862
3733 101615
3734 102192
3735 101951
3736 101880
3737 101834
3738 101946
3739 101537
3740 101814
3741 101792
3742 101770
3743 102028
3744 102006
3745 101726
3746 101475
3747 101943
3748 101904
3749 101300
3750 101869
3751 101791
3752 101698
3753 101446
3754 101510
3755 101130
3756 101584
3757 101326
3758 101220
3759 101941
3760 102374
3761 101451
3762 101662
3763 102129
3764 101577
3765 101638
3766 101535
3767 101855
3768 101802
3769 102041
3770 101731
3771 102006
3772 101831
3773 102042
3774 101698
3775 102298
3776 102237
3777 102603
3778 102090
3779 101896
3780 102382
3781 101722
3782 102197
3783 101637
3784 101971
3785 101863
3786 101742
3787 102195
3788 101400
3789 101771
3790 102096
3791 101911
3792 101652
3793 101824
3794 101845
3795 101481
3796 101318
3797 102178
3798 102013
3799 101492
3800 101819
3801 101958
3802 102225
3803 101555
3804 102206
3805 102045
3806 101788
3807 102415
3808 102051
3809 101776
3810 102199
3811 102141
3812 101805
3813 102010
3814 101908
3815 102419
3816 102424
3817 102166
3818 101891
3819 101778
3820 101787
3821 102302
3822 102124
3823 102033
3824 102203
3825 102428
3826 102008
3827 101880
3828 101752
3829 101511
3830 102184
3831 101700
3832 102213
3833 101701
3834 101951
3835 102030
3836 102377
3837 102112
3838 102417
3839 102133
3840 101384
3841 101910
3842 102013
3843 102358
3844 101958
3845 101990
3846 102064
3847 102110
3848 102253
3849 102436
3850 102131
3851 102179
3852 102020
3853 102182
3854 101998
3855 101910
3856 102209
3857 102029
3858 102225
3859 102600
3860 102199
3861 102679
3862 101992
3863 102029
3864 102657
3865 102473
3866 102406
3867 102326
3868 102653
3869 102534
3870 102291
3871 102457
3872 102524
3873 102565
3874 102806
3875 102656
3876 102432
3877 102805
3878 102039
3879 102830
3880 102400
3881 102898
3882 102892
3883 102452
3884 102770
3885 103020
3886 102880
3887 102280
3888 102389
3889 102538
3890 102972
3891 103039
3892 102846
3893 102952
3894 102756
3895 102311
3896 102969
3897 102877
3898 103133
3899 103582
3900 103292
3901 103143
3902 103420
3903 103463
3904 103403
3905 103448
3906 103580
3907 103550
3908 103928
3909 104024
3910 104006
3911 103912
3912 104004
3913 104527
3914 104698
3915 105002
3916 105165
3917 105012
3918 105498
3919 105365
3920 105668
3921 105002
3922 105610
3923 105831
3924 106544
3925 106295
3926 107212
3927 106871
3928 106572
3929 107032
3930 107495
3931 107544
3932 107656
3933 108375
3934 108873
3935 108640
3936 108364
3937 108657
3938 108814
3939 108803
3940 108749
3941 108503
3942 108420
3943 108067
3944 108429
3945 108298
3946 108069
3947 107658
3948 107674
3949 107369
3950 107231
3951 106975
3952 106860
3953 106580
3954 106529
3955 106817
3956 105761
3957 106501
3958 106175
3959 105536
3960 105484
3961 104625
3962 105059
3963 105150
3964 104589
3965 104311
3966 104541
3967 104337
3968 103851
3969 104324
3970 104027
3971 103986
3972 103922
3973 103973
3974 103640
3975 103484
3976 103717
3977 103587
3978 103365
3979 103607
3980 102718
3981 102630
3982 103454
3983 102890
3984 103142
3985 102901
3986 102921
3987 102810
3988 102664
3989 102813
3990 102612
3991 102169
3992 102240
3993 102612
3994 102726
3995 101950
3996 102544
3997 102284
3998 102165
3999 102667
4000 101807
4001 102576
4002 102562
4003 102663
4004 102927
4005 102075
4006 101986
4007 102830
4008 102491
4009 102118
4010 102085
4011 101835
4012 102249
4013 102307
4014 102328
4015 102050
4016 101874
4017 101979
4018 102419
4019 102132
4020 101927
4021 102159
4022 102174
4023 101667
4024 101748
4025 101712
4026 102379
4027 102042
4028 102011
4029 102031
4030 101743
4031 102069
4032 101622
4033 101744
4034 101779
4035 101751
4036 101758
4037 101596
4038 101786
4039 102158
4040 101852
4041 101911
4042 102120
4043 101765
4044 101819
4045 101447
4046 101653
4047 101651
4048 101928
4049 101612
4050 101759
4051 101496
4052 101135
4053 101406
4054 101959
4055 102200
4056 101797
4057 101947
4058 101235
4059 101835
4060 101429
4061 101648
4062 101633
4063 101651
4064 102011
4065 101580
4066 101292
4067 101509
4068 101985
4069 101736
4070 101690
4071 102224
4072 101515
4073 101641
4074 101332
4075 102000
4076 101435
4077 101339
4078 101631
4079 101556
4080 101402
4081 101963
4082 101788
4083 101626
4084 101898
4085 101921
4086 101911
4087 101839
4088 101435
4089 101619
4090 101397
4091 101350
4092 101711
4093 101142
4094 101024
4095 101822
4096 101561
4097 101272
4098 101710
4099 101332
4100 101175
4101 101612
4102 101332
4103 101601
4104 101537
4105 101317
4106 101459
4107 101181
4108 101233
4109 100795
4110 101440
4111 101269
4112 101680
4113 101307
4114 101214
4115 101400
4116 101191
4117 101565
4118 101013
4119 101105
4120 101554
4121 101109
4122 101158
4123 101043
4124 101077
4125 101255
4126 100769
4127 101214
4128 101079
4129 101385
4130 101377
4131 101536
4132 101478
4133 101440
4134 101208
4135 101713
4136 101382
4137 101540
4138 101353
4139 100897
4140 101358
4141 101097
4142 100794
4143 101437
4144 100932
4145 101307
4146 101195
4147 100872
4148 100905
4149 101331
4150 101042
4151 101352
4152 101688
4153 101632
4154 101177
4155 101145
4156 101280
4157 101850
4158 101468
4159 101390
4160 101627
4161 101739
4162 101279
4163 101632
4164 101713
4165 101459
4166 101346
4167 101294
4168 101210
4169 101631
4170 101523
4171 101113
4172 101127
4173 100553
4174 100898
4175 101043
4176 100715
4177 101380
4178 101031
4179 101573
4180 101267
4181 100944
4182 101183
4183 101265
4184 101521
4185 101425
4186 101283
4187 100982
4188 101035
4189 101333
4190 100713
4191 101128
4192 101437
4193 101193
4194 101435
4195 101641
4196 101474
4197 101553
4198 101417
4199 100990
4200 101240
4201 101227
4202 101665
4203 101342
4204 101275
4205 101193
4206 101373
4207 100943
4208 101157
4209 101569
4210 101467
4211 101471
4212 101135
4213 101562
4214 101685
4215 101287
4216 101457
4217 101342
4218 101511
4219 100991
4220 101776
4221 101774
4222 101399
4223 101513
4224 101539
4225 101355
4226 101846
4227 101268
4228 101169
4229 101828
4230 101346
4231 101180
4232 101723
4233 101430
4234 101420
4235 101529
4236 101612
4237 101213
4238 101384
4239 101907
4240 101454
4241 101488
4242 101268
4243 101476
4244 101876
4245 101346
4246 101562
4247 101702
4248 101702
4249 101172
4250 101279
4251 101598
4252 101355
4253 101560
4254 101994
4255 101314
4256 101786
4257 101422
4258 102213
4259 101300
4260 101587
4261 101705
4262 101971
4263 101982
4264 101871
4265 101404
4266 101986
4267 102172
4268 101783
4269 101808
4270 101754
4271 102148
4272 101882
4273 102161
4274 101942
4275 101520
4276 101477
4277 101528
4278 101677
4279 102052
4280 101296
4281 101650
4282 101618
4283 101250
4284 102041
4285 101844
4286 101644
4287 101808
4288 101380
4289 101408
4290 102049
4291 102229
4292 101750
4293 101778
4294 102292
4295 101881
4296 102300
4297 101961
4298 102022
4299 102244
4300 102336
4301 102407
4302 102183
4303 102121
4304 102588
4305 102177
4306 102521
4307 101989
4308 102650
4309 102245
4310 102900
4311 102504
4312 102876
4313 102734
4314 102401
4315 102750
4316 102629
4317 102918
4318 102773
4319 103054
4320 102752
4321 103186
4322 103192
4323 103494
4324 102921
4325 103606
4326 103744
4327 103540
4328 104184
4329 103485
4330 103755
4331 104016
4332 103851
4333 104423
4334 104456
4335 104050
4336 104316
4337 104809
4338 104930
4339 104808
4340 105247
4341 105129
4342 105262
4343 105570
4344 105909
4345 105654
4346 106664
4347 107071
4348 106638
4349 106792
4350 107002
4351 107376
4352 107338
4353 107461
4354 108063
4355 108234
4356 108074
4357 107904
4358 108387
4359 108151
4360 108382
4361 108823
4362 108509
4363 108444
4364 108547
4365 108849
4366 108227
4367 108321
4368 108100
4369 108280
4370 107815
4371 107768
4372 107431
4373 107646
4374 106876
4375 106483
4376 106529
4377 106439
4378 106041
4379 105597
4380 105875
4381 105849
4382 105205
4383 105705
4384 104917
4385 104966
4386 104662
4387 104470
4388 104299
4389 104045
4390 104009
4391 103900
4392 103808
4393 103737
4394 103954
4395 103503
4396 103586
4397 103395
4398 103121
4399 103509
4400 103514
4401 103619
4402 103354
4403 102816
4404 103048
4405 102984
4406 103442
4407 102693
4408 102650
4409 102801
4410 103139
4411 102807
4412 102833
4413 102544
4414 103161
4415 102644
4416 102534
4417 102108
4418 102606
4419 102722
4420 102552
4421 102859
4422 102487
4423 102113
4424 102496
4425 101762
4426 102330
4427 102077
4428 102353
4429 102421
4430 102182
4431 102374
4432 102118
4433 102091
4434 102380
4435 102373
4436 102961
4437 102243
4438 102180
4439 102180
4440 102697
4441 102416
4442 102405
4443 102583
4444 102400
4445 102337
4446 102484
4447 102646
4448 101750
4449 102205
4450 102425
4451 102073
4452 102359
4453 102318
4454 102238
4455 102672
4456 102409
4457 102154
4458 102426
4459 102692
4460 102188
4461 102185
4462 102100
4463 102232
4464 102079
4465 101904
4466 101940
4467 102421
4468 102456
4469 102381
4470 102350
4471 102571
4472 102072
4473 102126
4474 102209
4475 102276
4476 101754
4477 102066
4478 102013
4479 102336
4480 102378
4481 102066
4482 102333
4483 101940
4484 102390
4485 101788
4486 102135
4487 102166
4488 102521
4489 102100
4490 102828
4491 101819
4492 102085
4493 102105
4494 102524
4495 102220
4496 102718
4497 102212
4498 102533
4499 102327
4500 102114
4501 101961
4502 102294
4503 101933
4504 102583
4505 102425
4506 102343
4507 101956
4508 102524
4509 102003
4510 101759
4511 101894
4512 102286
4513 102404
4514 102326
4515 102165
4516 102448
4517 102479
4518 101963
4519 101946
4520 101797
4521 101808
4522 102075
4523 102224
4524 101880
4525 102188
4526 101792
4527 101688
4528 102372
4529 102322
4530 101983
4531 101882
4532 101869
4533 102232
4534 102206
4535 101939
4536 101894
4537 102077
4538 102470
4539 101843
4540 101920
4541 102396
4542 102010
4543 101874
4544 102585
4545 101967
4546 102203
4547 102478
4548 102398
4549 101845
4550 101803
4551 102478
4552 102128
4553 102178
4554 102311
4555 102328
4556 101940
4557 102089
4558 102231
4559 102181
4560 102249
4561 102054
4562 102161
4563 102580
4564 102281
4565 101874
4566 102323
4567 101882
4568 101817
4569 101838
4570 101794
4571 101922
4572 101895
4573 101989
4574 102233
4575 101917
4576 102075
4577 101948
4578 102001
4579 102073
4580 101817
4581 102316
4582 102011
4583 101629
4584 102360
4585 102062
4586 101973
4587 102182
4588 102232
4589 102703
4590 102511
4591 102172
4592 102076
4593 102506
4594 102046
4595 102747
4596 102181
4597 102362
4598 102322
4599 102337
4600 101999
4601 102683
4602 102388
4603 102097
4604 102704
4605 102088
4606 102432
4607 102611
4608 102412
4609 101876
4610 102737
4611 102185
4612 102354
4613 102407
4614 102082
4615 102328
4616 102070
4617 102756
4618 102211
4619 102261
4620 102490
4621 102368
4622 101876
4623 101998
4624 102770
4625 102342
4626 102321
4627 102473
4628 102113
4629 102192
4630 102572
4631 101917
4632 102184
4633 102125
4634 101714
4635 101889
4636 102110
4637 102191
4638 101729
4639 102092
4640 102061
4641 102240
4642 101994
4643 101937
4644 102030
4645 102082
4646 102139
4647 101851
4648 101922
4649 102103
4650 101840
4651 102053
4652 101957
4653 101831
4654 101679
4655 102067
4656 101702
4657 101883
4658 101744
4659 101804
4660 102184
4661 101840
4662 102620
4663 101987
4664 101551
4665 102119
4666 101985
4667 102255
4668 101937
4669 102090
4670 101992
4671 102319
4672 101927
4673 102011
4674 102622
4675 102031
4676 101967
4677 101911
4678 102199
4679 101760
4680 101713
4681 101969
4682 102282
4683 102052
4684 102545
4685 102272
4686 102198
4687 102185
4688 102597
4689 102259
4690 102146
4691 102167
4692 102047
4693 102165
4694 102170
4695 102003
4696 102098
4697 102086
4698 102170
4699 102560
4700 102162
4701 102186
4702 102094
4703 101595
4704 102075
4705 102095
4706 101924
4707 102278
4708 102353
4709 102550
4710 102158
4711 101779
4712 101900
4713 101657
4714 102527
4715 102094
4716 102066
4717 102075
4718 102018
4719 102056
4720 102464
4721 101908
4722 102186
4723 101629
4724 102026
4725 102212
4726 102102
4727 102203
4728 101800
4729 102062
4730 101939
4731 102106
4732 102081
4733 101954
4734 101864
4735 101670
4736 101973
4737 102207
4738 102388
4739 102154
4740 101675
4741 101963
4742 102222
4743 102171
4744 101767
4745 102169
4746 102039
4747 102049
4748 102076
4749 102726
4750 102228
4751 102411
4752 102212
4753 102091
4754 102610
4755 102102
4756 101586
4757 102583
4758 102175
4759 102028
4760 101953
4761 101878
4762 102231
4763 101554
4764 101741
4765 102218
4766 101954
4767 102342
4768 101810
4769 102005
4770 101836
4771 102255
4772 102927
4773 102778
4774 102363
4775 102096
4776 101904
4777 102321
4778 102232
4779 102521
4780 101809
4781 102163
4782 102826
4783 102266
4784 102411
4785 102388
4786 102578
4787 102217
4788 102268
4789 101973
4790 102390
4791 102412
4792 102072
4793 102230
4794 102038
4795 102315
4796 102416
4797 101895
4798 102490
4799 102421
4800 102036
4801 101862
4802 102215
4803 102015
4804 102338
4805 102040
4806 101982
4807 101966
4808 101750
4809 101822
4810 102359
4811 102463
4812 102589
4813 101876
4814 101650
4815 102505
4816 102373
4817 101898
4818 102248
4819 102031
4820 102698
4821 102291
4822 102148
4823 101936
4824 102456
4825 102655
4826 102113
4827 102517
4828 102475
4829 102062
4830 102853
4831 102246
4832 102932
4833 102816
4834 102480
4835 102300
4836 102371
4837 101812
4838 102025
4839 102773
4840 102704
4841 102751
4842 102373
4843 101840
4844 102294
4845 102387
4846 102529
4847 102205
4848 101959
4849 102196
4850 102530
4851 102121
4852 102513
4853 102718
4854 101966
4855 102601
4856 102487
4857 102664
4858 102484
4859 102621
4860 102269
4861 102462
4862 102464
4863 102320
4864 102519
4865 102567
4866 102293
4867 102499
4868 102252
4869 102487
4870 102078
4871 102435
4872 102900
4873 102287
4874 102208
4875 102262
4876 102459
4877 102418
4878 102608
4879 102589
4880 102707
4881 102959
4882 103000
4883 102687
4884 102838
4885 103697
4886 103226
4887 102489
4888 102808
4889 103138
4890 103294
4891 102977
4892 103558
4893 102979
4894 103285
4895 103886
4896 103257
4897 103453
4898 102922
4899 103072
4900 103896
4901 103119
4902 103129
4903 103662
4904 103486
4905 103486
4906 103925
4907 103513
4908 104009
4909 104044
4910 104256
4911 104298
4912 104733
4913 104307
4914 104713
4915 105195
4916 105033
4917 105180
4918 105387
4919 105819
4920 105466
4921 106240
4922 106919
4923 106279
4924 106821
4925 106563
4926 106829
4927 107860
4928 107080
4929 107353
4930 108195
4931 107866
4932 108423
4933 108101
4934 108563
4935 108543
4936 108568
4937 108495
4938 108699
4939 108529
4940 108557
4941 108534
4942 108326
4943 108395
4944 108162
4945 107927
4946 108015
4947 107566
4948 107575
4949 107427
4950 106898
4951 106889
4952 106688
4953 106472
4954 106260
4955 106070
4956 105981
4957 105692
4958 105254
4959 105563
4960 104972
4961 104736
4962 104675
4963 104820
4964 105271
4965 104519
4966 104043
4967 104242
4968 103998
4969 104025
4970 104282
4971 103549
4972 104015
4973 103832
4974 103508
4975 103288
4976 102799
4977 103426
4978 102640
4979 103230
4980 103069
4981 103147
4982 102959
4983 102786
4984 103273
4985 102952
4986 102695
4987 102733
4988 102514
4989 102283
4990 102470
4991 102396
4992 102750
4993 102260
4994 102431
4995 102368
4996 101995
4997 102573
4998 102352
4999 102553
5000 102099
5001 102065
5002 102002
5003 102131
5004 102228
5005 102213
5006 101932
5007 101395
5008 101752
5009 101554
5010 101484
5011 101421
5012 102108
5013 102075
5014 101534
5015 101453
5016 101512
5017 102150
5018 101706
5019 101702
5020 101693
5021 101136
5022 101683
5023 101718
5024 101613
5025 101532
5026 101513
5027 101644
5028 101768
5029 101315
5030 101910
5031 101558
5032 101595
5033 101542
5034 101210
5035 102103
5036 101542
5037 101433
5038 101271
5039 101827
5040 101657
5041 101331
5042 101880
5043 100957
5044 101082
5045 101172
5046 101149
5047 101255
5048 101461
5049 101347
5050 101648
5051 101307
5052 101641
5053 101390
5054 101515
5055 101163
5056 101088
5057 101057
5058 101277
5059 101900
5060 100926
5061 101130
5062 101151
5063 101636
5064 101346
5065 101273
5066 101756
5067 101592
5068 101268
5069 101265
5070 101396
5071 101402
5072 101492
5073 101183
5074 101057
5075 101400
5076 101264
5077 101118
5078 100872
5079 101203
5080 101177
5081 101421
5082 101563
5083 101521
5084 101557
5085 101312
5086 101132
5087 101249
5088 101358
5089 100688
5090 101322
5091 101478
5092 100933
5093 101726
5094 101424
5095 101195
5096 101548
5097 101032
5098 101117
5099 101253
5100 101619
5101 101273
5102 101365
5103 101003
5104 101534
5105 101141
5106 101464
5107 100721
5108 101394
5109 101134
5110 100921
5111 101494
5112 101106
5113 101211
5114 101314
5115 101096
5116 101081
5117 101017
5118 101133
5119 101155
5120 101407
5121 101753
5122 101485
5123 101307
5124 101629
5125 101259
5126 101239
5127 101022
5128 101216
5129 101143
5130 101165
5131 101088
5132 101548
5133 101287
5134 101394
5135 101091
5136 100986
5137 101311
5138 100889
5139 100671
5140 100814
5141 100831
5142 100967
5143 100999
5144 100463
5145 100835
5146 101159
5147 101019
5148 101069
5149 100991
5150 101147
5151 101147
5152 100580
5153 100866
5154 101354
5155 101103
5156 101324
5157 100969
5158 100872
5159 100895
5160 101255
5161 101408
5162 101162
5163 101354
5164 101269
5165 101329
5166 100771
5167 101826
5168 101379
5169 100816
5170 101170
5171 101322
5172 100930
5173 100926
5174 101095
5175 100895
5176 101481
5177 101045
5178 101104
5179 100798
5180 101171
5181 101459
5182 101275
5183 100968
5184 101207
5185 100896
5186 101181
5187 101188
5188 100994
5189 101366
5190 101778
5191 100992
5192 100895
5193 101027
5194 101561
5195 101869
5196 101152
5197 101317
5198 101451
5199 101566
5200 101158
5201 101131
5202 101763
5203 102046
5204 100981
5205 102169
5206 101856
5207 101582
5208 101259
5209 101654
5210 101591
5211 101923
5212 101545
5213 101433
5214 102377
5215 101751
5216 101751
5217 102018
5218 101976
5219 101712
5220 101909
5221 102052
5222 102053
5223 101867
5224 101899
5225 102599
5226 101926
5227 101683
5228 101830
5229 102000
5230 102210
5231 101834
5232 101610
5233 101963
5234 102064
5235 101769
5236 101592
5237 101699
5238 101880
5239 101234
5240 101688
5241 101082
5242 101662
5243 100968
5244 101234
5245 101453
5246 100867
5247 101592
5248 101365
5249 101645
5250 101284
5251 101143
5252 101243
5253 101710
5254 101414
5255 101903
5256 101100
5257 100932
5258 101652
5259 101437
5260 101213
5261 101392
5262 101512
5263 101241
5264 101251
5265 101625
5266 100989
5267 101472
5268 100858
5269 101168
5270 101023
5271 101098
5272 101282
5273 101065
5274 101683
5275 101324
5276 101274
5277 101493
5278 100929
5279 101758
5280 101068
5281 101432
5282 101348
5283 101294
5284 101437
5285 101098
5286 101629
5287 101818
5288 101765
5289 101267
5290 101826
5291 101671
5292 101431
5293 101242
5294 101713
5295 101770
5296 101887
5297 101858
5298 101824
5299 102578
5300 101956
5301 101989
5302 101805
5303 102509
5304 101823
5305 102122
5306 102192
5307 102362
5308 101791
5309 102241
5310 102016
5311 102293
5312 102081
5313 102019
5314 102469
5315 102404
5316 102924
5317 102561
5318 102463
5319 102879
5320 102880
5321 102480
5322 102789
5323 101953
5324 101936
5325 102757
5326 103129
5327 103255
5328 103375
5329 103635
5330 102945
5331 103395
5332 103895
5333 103326
5334 103494
5335 104254
5336 104224
5337 104263
5338 104461
5339 104878
5340 104509
5341 104792
5342 105131
5343 104907
5344 105003
5345 105632
5346 105481
5347 105639
5348 106312
5349 106278
5350 106406
5351 106279
5352 106593
5353 107485
5354 107323
5355 107536
5356 107751
5357 107668
5358 107871
5359 107803
5360 107862
5361 108449
5362 108474
5363 108383
5364 108207
5365 108346
5366 108134
5367 108317
5368 107775
5369 107971
5370 108031
5371 107301
5372 107090
5373 107276
5374 107063
5375 106598
5376 106495
5377 106213
5378 105886
5379 105720
5380 106099
5381 105309
5382 105568
5383 104668
5384 105445
5385 105321
5386 104406
5387 104152
5388 104432
5389 103971
5390 104119
5391 104375
5392 103706
5393 103571
5394 103750
5395 103829
5396 103713
5397 103427
5398 103708
5399 103635
5400 103333
5401 103263
5402 103327
5403 102931
5404 102582
5405 102768
5406 102758
5407 103189
5408 103055
5409 102885
5410 102834
5411 102780
5412 102392
5413 102366
5414 102360
5415 102141
5416 102391
5417 102555
5418 102359
5419 102431
5420 102451
5421 102445
5422 102236
5423 102497
5424 102053
5425 102127
5426 102263
5427 102443
5428 102424
5429 102224
5430 102150
5431 102323
5432 102476
5433 102377
5434 102507
5435 102205
5436 102237
5437 102262
5438 101933
5439 101870
5440 101658
5441 101968
5442 101929
5443 101900
5444 102014
5445 102289
5446 101837
5447 101939
5448 101906
5449 101869
5450 102394
5451 101397
5452 101488
5453 101608
5454 101744
5455 101596
5456 102094
5457 101810
5458 101663
5459 102104
5460 101748
5461 101592
5462 101923
5463 101805
5464 101758
5465 101916
5466 101693
5467 101908
5468 101682
5469 101575
5470 101899
5471 101024
5472 101563
5473 101302
5474 101986
5475 102204
5476 101122
5477 101798
5478 101635
5479 101365
5480 101830
5481 101892
5482 101871
5483 102071
5484 101792
5485 101823
5486 101649
5487 101411
5488 101383
5489 101866
5490 101635
5491 101158
5492 101752
5493 101556
5494 101589
5495 101623
5496 101349
5497 101781
5498 102036
5499 101617
5500 101118
5501 101801
5502 101785
5503 101395
5504 101837
5505 101479
5506 101452
5507 101414
5508 101565
5509 102220
5510 101714
5511 101802
5512 101639
5513 101058
5514 101617
5515 101476
5516 101552
5517 102040
5518 101378
5519 101637
5520 101500
5521 101937
5522 101756
5523 101750
5524 101573
5525 101836
5526 101846
5527 101679
5528 101838
5529 101606
5530 101762
5531 101949
5532 101803
5533 101833
5534 101684
5535 101454
5536 101529
5537 101572
5538 102070
5539 101948
5540 101708
5541 102035
5542 101723
5543 101750
5544 101464
5545 101664
5546 101237
5547 101771
5548 101589
5549 101267
5550 101367
5551 101685
5552 101688
5553 101639
5554 101530
5555 101537
5556 101387
5557 101420
5558 101409
5559 101765
5560 101946
5561 101609
5562 101542
5563 101379
5564 101557
5565 101618
5566 101848
5567 101789
5568 101607
5569 101164
5570 101486
5571 101419
5572 101021
5573 101422
5574 101459
5575 101915
5576 101450
5577 101752
5578 101522
5579 101292
5580 101830
5581 101180
5582 101489
5583 101535
5584 101661
5585 101994
5586 101320
5587 101507
5588 101588
5589 101373
5590 101760
5591 101735
5592 101040
5593 101328
5594 101202
5595 101153
5596 101069
5597 101133
5598 101408
5599 101653
5600 101359
5601 101722
5602 101756
5603 101976
5604 101400
5605 101873
5606 100971
5607 101346
5608 101814
5609 101328
5610 101362
5611 101486
5612 101145
5613 101474
5614 102087
5615 100916
5616 101822
5617 101460
5618 101700
5619 101571
5620 101309
5621 101810
5622 101543
5623 101880
5624 100957
5625 101827
5626 101699
5627 101581
5628 101661
5629 101570
5630 101432
5631 102202
5632 101628
5633 101476
5634 101722
5635 101991
5636 101993
5637 101110
5638 101566
5639 101507
5640 101937
5641 101256
5642 101615
5643 101796
5644 101451
5645 101849
5646 101285
5647 101147
5648 101536
5649 101855
5650 101723
5651 101984
5652 101426
5653 101266
5654 101635
5655 101068
5656 101808
5657 101686
5658 101751
5659 101032
5660 101649
5661 101650
5662 101620
5663 101619
5664 101826
5665 101187
5666 101897
5667 101722
5668 101771
5669 101676
5670 101562
5671 102085
5672 101595
5673 101681
5674 101664
5675 101389
5676 101709
5677 101544
5678 101408
5679 102333
5680 102095
5681 101488
5682 101785
5683 102128
5684 101448
5685 101448
5686 101936
5687 102220
5688 101560
5689 101717
5690 101523
5691 101706
5692 101204
5693 101674
5694 101646
5695 101481
5696 101649
5697 101643
5698 101971
5699 101465
5700 101982
5701 101542
5702 101755
5703 101609
5704 102186
5705 101553
5706 101639
5707 101370
5708 102144
5709 101862
5710 101723
5711 101516
5712 101929
5713 101642
5714 101602
5715 101802
5716 101725
5717 102078
5718 101515
5719 101569
5720 101574
5721 101861
5722 101527
5723 101540
5724 101731
5725 101461
5726 101451
5727 102019
5728 101611
5729 101683
5730 101474
5731 101711
5732 101114
5733 101866
5734 101485
5735 101788
5736 102196
5737 101696
5738 101459
5739 101204
5740 101971
5741 101440
5742 101059
5743 101255
5744 101647
5745 101780
5746 101363
5747 101595
5748 101805
5749 101643
5750 101460
5751 101232
5752 101315
5753 101322
5754 101687
5755 101416
5756 101636
5757 101174
5758 100769
5759 101413
5760 102050
5761 101723
5762 101641
5763 101334
5764 101733
5765 101440
5766 101778
5767 101820
5768 101573
5769 101435
5770 101594
5771 101570
5772 101353
5773 101626
5774 101889
5775 101655
5776 102047
5777 102297
5778 101301
5779 101826
5780 102145
5781 102338
5782 101854
5783 101810
5784 101913
5785 102274
5786 101679
5787 101611
5788 101794
5789 101715
5790 101950
5791 102248
5792 101460
5793 101701
5794 101870
5795 101509
5796 101388
5797 101676
5798 101612
5799 101778
5800 102063
5801 101060
5802 102085
5803 101407
5804 101504
5805 101729
5806 101697
5807 101317
5808 101639
5809 101434
5810 101864
5811 101684
5812 102028
5813 101192
5814 101742
5815 101420
5816 101708
5817 101624
5818 101339
5819 101133
5820 101736
5821 101128
5822 101677
5823 101499
5824 101356
5825 101647
5826 102083
5827 101229
5828 101752
5829 101437
5830 101626
5831 101731
5832 101719
5833 101692
5834 101435
5835 101874
5836 101960
5837 101803
5838 101543
5839 101790
5840 101326
5841 101963
5842 101602
5843 101570
5844 101708
5845 101340
5846 101585
5847 101943
5848 102044
5849 101800
5850 101612
5851 102116
5852 101585
5853 101514
5854 101975
5855 101735
5856 101371
5857 101742
5858 101383
5859 102262
5860 101865
5861 101858
5862 102101
5863 102127
5864 101761
5865 101809
5866 102213
5867 101883
5868 101717
5869 101625
5870 101696
5871 102001
5872 101598
5873 101094
5874 101781
5875 101638
5876 101986
5877 101629
5878 101840
5879 101557
5880 101695
5881 102091
5882 102128
5883 102178
5884 101787
5885 101885
5886 102133
5887 101909
5888 102469
5889 102450
5890 102295
5891 102012
5892 102534
5893 102540
5894 102291
5895 102126
5896 102577
5897 102625
5898 102351
5899 102792
5900 102655
5901 102396
5902 102699
5903 102827
5904 102798
5905 103258
5906 102802
5907 103246
5908 103373
5909 103200
5910 103632
5911 103759
5912 104110
5913 103709
5914 103580
5915 104303
5916 104110
5917 104578
5918 104391
5919 104757
5920 104865
5921 104905
5922 104872
5923 104865
5924 105864
5925 105796
5926 105671
5927 105312
5928 106314
5929 106021
5930 107129
5931 106745
5932 107012
5933 107095
5934 106840
5935 107310
5936 107742
5937 107542
5938 108361
5939 107770
5940 107938
5941 107803
5942 107846
5943 108342
5944 107403
5945 107488
5946 107670
5947 107345
5948 107135
5949 106893
5950 107102
5951 106368
5952 106492
5953 106685
5954 106139
5955 105753
5956 105592
5957 105319
5958 105186
5959 104799
5960 104729
5961 105047
5962 104316
5963 104570
5964 103923
5965 104104
5966 103870
5967 104079
5968 103896
5969 103515
5970 103328
5971 103432
5972 102984
5973 103360
5974 103116
5975 102584
5976 102429
5977 102979
5978 102571
5979 103016
5980 103020
5981 102885
5982 102755
5983 102387
5984 102944
5985 102772
5986 102691
5987 102445
5988 102497
5989 102202
5990 102254
5991 102386
5992 102487
5993 102146
5994 102220
5995 102450
5996 102381
5997 101969
5998 102556
5999 102371
6000 102404
6001 102470
6002 102375
6003 102011
6004 102087
6005 102385
6006 102525
6007 102103
6008 102166
6009 102248
6010 102121
6011 102357
6012 102508
6013 102143
6014 101846
6015 102499
6016 101872
6017 102177
6018 101500
6019 101678
6020 101516
6021 101457
6022 101769
6023 101751
6024 101927
6025 101539
6026 101553
6027 101086
6028 101489
6029 101518
6030 101477
6031 101527
6032 101047
6033 101455
6034 101160
6035 101701
6036 101299
6037 100827
6038 101421
6039 101205
6040 101419
6041 101184
6042 101252
6043 101326
6044 101526
6045 101177
6046 101471
6047 101224
6048 101681
6049 101239
6050 100910
6051 101222
6052 100783
6053 101255
6054 101485
6055 101220
6056 101155
6057 101290
6058 101134
6059 101159
6060 100939
6061 101325
6062 100774
6063 100843
6064 101036
6065 101279
6066 100131
6067 100483
6068 100930
6069 100428
6070 100808
6071 100948
6072 100242
6073 100886
6074 101044
6075 100734
6076 100525
6077 100981
6078 100708
6079 100721
6080 100934
6081 101101
6082 100961
6083 100886
6084 101247
6085 100347
6086 100790
6087 101184
6088 100668
6089 101170
6090 101075
6091 101157
6092 100910
6093 100594
6094 100598
6095 100933
6096 100818
6097 100572
6098 100252
6099 100471
6100 100695
6101 100739
6102 100543
6103 100631
6104 100813
6105 100534
6106 101007
6107 100755
6108 100380
6109 100660
6110 100459
6111 100806
6112 100611
6113 100523
6114 100749
6115 100695
6116 100521
6117 100104
6118 100684
6119 100618
6120 100589
6121 100436
6122 100587
6123 100581
6124 100387
6125 100357
6126 100542
6127 100602
6128 100221
6129 100135
6130 100491
6131 100278
6132 100380
6133 100350
6134 100623
6135 100159
6136 100683
6137 100430
6138 100428
6139 100594
6140 100756
6141 101068
6142 100903
6143 100983
6144 100967
6145 101051
6146 100576
6147 100593
6148 100180
6149 100265
