H11890
GateTime 10
GateNumber 0
SN 30430302
0 240960
1 240477
2 240758
3 240759
4 240783
5 240795
6 240580
7 240474
8 240381
9 240022
10 239949
11 240698
12 240380
13 240257
14 240222
15 240038
16 240741
17 240295
18 239809
19 240210
20 240197
21 240339
22 240189
23 240926
24 240156
25 240659
26 240226
27 239989
28 239919
29 240946
30 239984
31 240302
32 240357
33 240345
34 240701
35 240514
36 240290
37 240393
38 239960
39 240239
40 241008
41 240115
42 240222
43 240598
44 240075
45 240559
46 240500
47 240173
48 240616
49 240928
50 240653
51 241295
52 240877
53 240502
54 240988
55 241007
56 240251
57 240430
58 240507
59 240640
60 241321
61 240236
62 240191
63 240630
64 240254
65 240494
66 240062
67 240106
68 240472
69 240117
70 240384
71 239553
72 240038
73 240286
74 240127
75 239692
76 239771
77 239920
78 240025
79 239751
80 240066
81 239797
82 240031
83 239812
84 239550
85 239876
86 239328
87 239756
88 239334
89 239673
90 239761
91 239924
92 239680
93 239356
94 239996
95 239751
96 239228
97 239558
98 239263
99 239433
100 239801
101 239849
102 239708
103 239772
104 239425
105 239769
106 239340
107 239763
108 239707
109 239764
110 239399
111 239733
112 239309
113 240276
114 239678
115 239954
116 239260
117 239784
118 240243
119 239867
120 239940
121 240014
122 240066
123 240278
124 240035
125 239864
126 239893
127 240058
128 239628
129 239917
130 239872
131 239620
132 239475
133 239540
134 240120
135 240455
136 240341
137 239935
138 239749
139 240238
140 239933
141 240194
142 239976
143 240274
144 240320
145 240172
146 239679
147 240124
148 240101
149 240337
150 240170
151 240132
152 240650
153 240335
154 240241
155 240067
156 240051
157 240247
158 239865
159 240148
160 240165
161 239787
162 240370
163 239826
164 240129
165 240207
166 240434
167 240065
168 239919
169 240197
170 240363
171 240610
172 239330
173 239818
174 240207
175 240366
176 239982
177 240429
178 240451
179 240936
180 240159
181 240092
182 240586
183 240493
184 240281
185 240353
186 240859
187 240320
188 240277
189 241019
190 240699
191 240609
192 240734
193 240532
194 240517
195 241361
196 241500
197 241773
198 240855
199 240993
200 241107
201 241638
202 241393
203 242175
204 241585
205 241556
206 242228
207 241967
208 242101
209 242173
210 242535
211 243059
212 242587
213 242643
214 243183
215 243131
216 243582
217 244402
218 243452
219 243966
220 243941
221 244661
222 244091
223 244403
224 244770
225 244828
226 244723
227 245119
228 245236
229 245458
230 244911
231 245307
232 245508
233 245316
234 245067
235 245058
236 244938
237 244934
238 244864
239 244187
240 244574
241 244151
242 244294
243 243906
244 243485
245 243523
246 243415
247 243274
248 242790
249 242790
250 242686
251 242865
252 242404
253 242518
254 242219
255 242190
256 241647
257 241949
258 241616
259 241905
260 241578
261 241551
262 241308
263 241126
264 240915
265 241157
266 240902
267 240475
268 241058
269 240518
270 240287
271 240535
272 240736
273 239999
274 240458
275 240698
276 240318
277 240228
278 240201
279 240439
280 240260
281 240005
282 240244
283 240066
284 239622
285 239880
286 239383
287 240017
288 239858
289 239532
290 239845
291 239712
292 239224
293 239154
294 239921
295 239295
296 239377
297 239931
298 239166
299 239260
300 239110
301 239062
302 239468
303 238682
304 238866
305 239517
306 239088
307 238996
308 238872
309 239305
310 239004
311 238843
312 238858
313 238926
314 239007
315 238793
316 238414
317 239094
318 238911
319 238720
320 239229
321 239132
322 238666
323 238850
324 238622
325 239095
326 239005
327 238903
328 238877
329 238951
330 238560
331 238610
332 238548
333 238656
334 238522
335 238776
336 238152
337 238581
338 238483
339 238545
340 239051
341 238650
342 238725
343 238552
344 239064
345 238987
346 238626
347 238635
348 238450
349 238553
350 239357
351 238499
352 238503
353 238427
354 238836
355 238867
356 238905
357 238822
358 238490
359 238885
360 239033
361 238656
362 238780
363 239079
364 238874
365 239421
366 238543
367 238838
368 238894
369 238907
370 238851
371 238184
372 238651
373 239127
374 239413
375 238612
376 238333
377 238373
378 238754
379 238875
380 239301
381 238895
382 239234
383 238723
384 238801
385 238461
386 238914
387 239324
388 238985
389 239192
390 238919
391 238718
392 239616
393 238998
394 238923
395 239091
396 238964
397 238990
398 238542
399 238145
400 238824
401 238348
402 238465
403 238439
404 238542
405 238708
406 238087
407 238181
408 238499
409 238594
410 238480
411 238408
412 238233
413 238765
414 238038
415 238433
416 238293
417 238604
418 238875
419 238427
420 238356
421 238581
422 238294
423 238136
424 238224
425 238343
426 238095
427 237723
428 238077
429 238678
430 237994
431 237645
432 237697
433 237596
434 238360
435 238538
436 237667
437 237887
438 238012
439 238253
440 237826
441 237757
442 237667
443 238380
444 238052
445 237805
446 238030
447 237839
448 237877
449 237695
450 238480
451 237948
452 237605
453 238166
454 237812
455 237968
456 237761
457 238171
458 238331
459 238062
460 238040
461 237924
462 237900
463 237698
464 237525
465 237776
466 237553
467 237611
468 237964
469 238345
470 238112
471 237990
472 238114
473 237623
474 238064
475 238032
476 237708
477 238705
478 237893
479 238100
480 237846
481 238051
482 237762
483 238199
484 238104
485 237838
486 238074
487 238393
488 238243
489 238207
490 238055
491 237896
492 237822
493 237671
494 238299
495 238483
496 238251
497 237687
498 238419
499 238152
500 238072
501 238037
502 238361
503 238266
504 238093
505 238366
506 238614
507 238126
508 238118
509 237773
510 238273
511 238312
512 237848
513 238252
514 238159
515 238036
516 238192
517 237876
518 238802
519 238981
520 237804
521 238762
522 238394
523 238591
524 238793
525 238738
526 238316
527 238194
528 238640
529 238282
530 238140
531 238915
532 239334
533 238534
534 238666
535 238966
536 238966
537 238295
538 238298
539 238821
540 238727
541 238395
542 239017
543 238851
544 238937
545 238967
546 239251
547 238311
548 238304
549 238509
550 238532
551 238234
552 238900
553 238667
554 238355
555 238729
556 238712
557 238534
558 238603
559 238546
560 238994
561 238273
562 238444
563 238263
564 238453
565 238329
566 239405
567 238482
568 238908
569 238754
570 238975
571 239194
572 238978
573 238847
574 239257
575 239264
576 238920
577 238687
578 239279
579 238619
580 239515
581 238958
582 238780
583 239131
584 239040
585 238457
586 238900
587 238909
588 239101
589 238688
590 239120
591 238593
592 238617
593 239212
594 238749
595 239045
596 239179
597 239548
598 239218
599 239435
600 238796
601 238637
602 239209
603 239493
604 239144
605 239152
606 238989
607 239356
608 239440
609 239225
610 239339
611 239293
612 239123
613 239592
614 239655
615 239606
616 239327
617 239619
618 239507
619 239590
620 239595
621 239650
622 239828
623 239739
624 239591
625 240470
626 239954
627 240521
628 240143
629 240042
630 240064
631 240659
632 240350
633 240229
634 240492
635 240595
636 241023
637 241591
638 240793
639 241055
640 241633
641 240766
642 241123
643 241058
644 241180
645 241040
646 241399
647 241557
648 241757
649 241667
650 242184
651 242092
652 242734
653 242613
654 243092
655 243090
656 243385
657 243391
658 243703
659 243127
660 244103
661 243794
662 244064
663 244391
664 244362
665 244120
666 244471
667 244174
668 244974
669 244962
670 244978
671 244555
672 244365
673 244520
674 244500
675 244339
676 244256
677 244271
678 243889
679 243813
680 243962
681 243374
682 243759
683 243119
684 243411
685 242737
686 242525
687 242680
688 242035
689 242284
690 242018
691 242147
692 242174
693 241554
694 241424
695 241118
696 241546
697 241831
698 241038
699 241076
700 240706
701 240988
702 240786
703 240605
704 240380
705 240276
706 240652
707 240350
708 240125
709 240380
710 239658
711 240262
712 240458
713 239852
714 239952
715 239629
716 239960
717 239811
718 239477
719 239561
720 239717
721 239593
722 239484
723 239876
724 239953
725 239425
726 239682
727 239159
728 239338
729 239885
730 239400
731 239997
732 240161
733 239421
734 239186
735 239682
736 238867
737 239369
738 239946
739 239377
740 239672
741 239708
742 239402
743 239444
744 239468
745 239371
746 239196
747 239212
748 239822
749 239322
750 239286
751 239256
752 238960
753 239057
754 238992
755 239066
756 239678
757 239201
758 239169
759 239161
760 238815
761 239002
762 239033
763 238812
764 239019
765 239066
766 238678
767 239324
768 238792
769 238945
770 238833
771 238967
772 239623
773 238100
774 238935
775 238538
776 238705
777 238976
778 238798
779 238636
780 239123
781 239313
782 239488
783 238948
784 238699
785 239254
786 238586
787 238949
788 238647
789 238756
790 238773
791 238617
792 238875
793 238947
794 238133
795 238375
796 238632
797 239317
798 238808
799 238829
800 238366
801 238098
802 238797
803 238476
804 238650
805 238892
806 238980
807 238155
808 238574
809 239337
810 239387
811 239135
812 238628
813 238718
814 239407
815 238856
816 238579
817 238468
818 238727
819 239376
820 238797
821 239066
822 239392
823 238999
824 238355
825 238671
826 238494
827 238659
828 238649
829 238328
830 239409
831 239174
832 238436
833 238993
834 238437
835 238925
836 239285
837 238855
838 239168
839 238277
840 238303
841 238400
842 238871
843 238852
844 238804
845 239309
846 238472
847 239111
848 239058
849 238967
850 239236
851 239024
852 238493
853 238731
854 238831
855 238680
856 239064
857 238909
858 238243
859 238553
860 238297
861 238970
862 239017
863 238979
864 238796
865 239190
866 238045
867 238753
868 239122
869 239296
870 238442
871 239165
872 238167
873 238306
874 238714
875 239281
876 238691
877 238647
878 238412
879 238820
880 238794
881 238958
882 238666
883 238720
884 238780
885 239158
886 238815
887 238766
888 238797
889 238620
890 238717
891 238785
892 238569
893 238807
894 238922
895 238423
896 238662
897 239043
898 238745
899 238437
900 238895
901 238364
902 239129
903 238705
904 239088
905 238829
906 238657
907 238952
908 238557
909 239109
910 238631
911 238571
912 238970
913 238970
914 238916
915 238381
916 238643
917 238673
918 238657
919 238963
920 238871
921 239625
922 239054
923 239052
924 239069
925 238689
926 238713
927 238782
928 238987
929 239166
930 239095
931 238855
932 239080
933 238547
934 238974
935 239258
936 238719
937 239367
938 238936
939 238730
940 238474
941 238600
942 238613
943 239042
944 239308
945 238935
946 238740
947 238872
948 238634
949 238702
950 238825
951 238980
952 238507
953 239064
954 238853
955 238950
956 239202
957 239012
958 238809
959 238858
960 238983
961 238802
962 238121
963 238753
964 238742
965 238896
966 238386
967 238392
968 238547
969 238749
970 238777
971 238376
972 238115
973 238405
974 239014
975 238368
976 238577
977 238626
978 238625
979 237991
980 238271
981 238581
982 238366
983 238509
984 238510
985 238374
986 238599
987 238624
988 238414
989 238455
990 238019
991 237941
992 238359
993 238168
994 238119
995 238810
996 238109
997 238649
998 238695
999 238176
1000 238212
1001 237760
1002 238217
1003 238429
1004 238266
1005 238664
1006 238520
1007 237876
1008 237797
1009 238230
1010 238446
1011 238341
1012 238231
1013 237992
1014 238181
1015 238072
1016 237962
1017 237988
1018 238407
1019 238166
1020 237998
1021 237648
1022 237884
1023 237973
1024 237954
1025 238320
1026 238103
1027 238162
1028 238363
1029 238189
1030 238023
1031 238135
1032 238072
1033 238242
1034 238156
1035 238266
1036 238167
1037 237874
1038 238186
1039 238154
1040 238356
1041 238163
1042 238063
1043 238375
1044 238407
1045 237613
1046 238253
1047 238439
1048 238146
1049 237648
1050 238266
1051 238143
1052 238194
1053 238335
1054 238633
1055 238416
1056 238188
1057 238179
1058 238174
1059 238399
1060 237865
1061 237715
1062 237846
1063 237818
1064 238195
1065 237518
1066 237629
1067 237931
1068 238407
1069 237670
1070 238009
1071 237932
1072 237802
1073 238267
1074 237512
1075 238027
1076 238004
1077 238096
1078 238023
1079 237996
1080 237701
1081 238276
1082 238030
1083 237891
1084 237590
1085 237873
1086 238269
1087 237490
1088 237564
1089 237813
1090 237978
1091 238049
1092 237249
1093 237866
1094 238382
1095 238395
1096 237784
1097 237744
1098 237748
1099 238088
1100 237969
1101 238560
1102 238109
1103 237388
1104 237718
1105 237618
1106 238041
1107 237934
1108 237921
1109 238310
1110 238225
1111 238149
1112 237975
1113 237756
1114 238448
1115 238214
1116 238313
1117 238161
1118 238048
1119 238406
1120 237991
1121 238239
1122 237513
1123 237758
1124 238336
1125 238356
1126 238061
1127 238059
1128 238391
1129 237780
1130 238047
1131 238571
1132 237457
1133 238468
1134 238067
1135 238274
1136 237546
1137 237684
1138 238521
1139 238053
1140 238315
1141 238522
1142 238580
1143 237744
1144 238189
1145 238319
1146 237748
1147 238373
1148 238497
1149 238053
1150 237982
1151 238044
1152 237930
1153 238151
1154 238425
1155 238476
1156 238341
1157 238269
1158 238200
1159 238641
1160 238245
1161 238047
1162 238650
1163 238685
1164 238510
1165 238590
1166 238403
1167 238331
1168 238345
1169 238735
1170 239099
1171 238342
1172 238513
1173 239002
1174 238881
1175 238683
1176 238544
1177 239241
1178 238762
1179 238505
1180 238854
1181 238941
1182 238762
1183 238487
1184 238789
1185 239001
1186 239250
1187 239316
1188 239074
1189 239407
1190 239095
1191 239748
1192 239033
1193 238899
1194 238805
1195 239662
1196 239589
1197 239648
1198 239925
1199 239647
1200 240044
1201 239844
1202 239990
1203 240161
1204 240121
1205 239853
1206 240213
1207 240719
1208 240719
1209 240869
1210 240422
1211 241176
1212 241206
1213 242088
1214 241460
1215 241749
1216 241678
1217 242043
1218 242506
1219 242738
1220 243147
1221 243013
1222 243368
1223 243784
1224 243271
1225 243773
1226 243630
1227 244264
1228 243997
1229 244551
1230 244446
1231 243840
1232 244493
1233 243966
1234 244469
1235 243826
1236 244440
1237 244165
1238 243673
1239 243555
1240 243486
1241 243361
1242 243270
1243 243402
1244 242964
1245 242253
1246 242362
1247 242081
1248 242298
1249 242493
1250 242071
1251 241503
1252 241795
1253 241320
1254 241398
1255 240748
1256 240958
1257 240674
1258 240275
1259 240350
1260 240357
1261 240492
1262 239780
1263 240050
1264 239890
1265 239546
1266 240023
1267 239560
1268 239756
1269 239517
1270 239404
1271 239255
1272 239712
1273 239095
1274 239271
1275 238869
1276 239494
1277 239049
1278 239337
1279 238685
1280 239021
1281 239455
1282 238972
1283 238530
1284 239144
1285 239329
1286 238949
1287 239295
1288 238701
1289 238805
1290 238329
1291 238893
1292 238710
1293 238942
1294 238295
1295 238525
1296 238691
1297 238246
1298 238581
1299 238158
1300 237753
1301 238603
1302 238551
1303 238089
1304 238503
1305 238391
1306 238239
1307 237780
1308 238348
1309 238275
1310 237552
1311 237954
1312 237639
1313 237468
1314 237838
1315 237809
1316 238025
1317 237880
1318 238022
1319 237781
1320 237601
1321 237861
1322 237860
1323 237542
1324 237927
1325 237360
1326 237882
1327 238016
1328 237986
1329 237165
1330 237810
1331 237882
1332 237430
1333 237371
1334 237904
1335 237881
1336 238473
1337 237699
1338 237783
1339 238060
1340 237684
1341 237892
1342 237785
1343 237315
1344 237455
1345 237512
1346 237546
1347 237435
1348 237497
1349 237443
1350 237742
1351 237387
1352 237599
1353 237817
1354 237785
1355 237034
1356 237054
1357 237312
1358 236920
1359 237541
1360 237319
1361 237575
1362 237207
1363 237674
1364 237315
1365 237629
1366 237216
1367 237357
1368 236726
1369 237533
1370 236902
1371 237104
1372 237508
1373 237474
1374 237007
1375 236519
1376 237486
1377 237053
1378 237125
1379 236714
1380 236776
1381 237158
1382 237271
1383 236635
1384 236785
1385 236852
1386 236944
1387 236633
1388 236974
1389 237522
1390 236756
1391 236567
1392 236901
1393 237240
1394 237044
1395 237116
1396 236844
1397 236698
1398 236358
1399 237007
1400 236923
1401 236559
1402 236906
1403 236915
1404 236523
1405 237072
1406 236940
1407 236769
1408 236990
1409 237066
1410 236684
1411 236690
1412 236358
1413 237377
1414 236862
1415 236994
1416 237136
1417 237221
1418 236761
1419 236386
1420 236641
1421 236923
1422 236491
1423 236416
1424 236645
1425 236625
1426 236648
1427 236256
1428 236729
1429 236992
1430 236911
1431 236705
1432 236654
1433 236601
1434 236654
1435 236636
1436 236284
1437 236791
1438 236470
1439 236693
1440 236696
1441 236459
1442 236631
1443 236373
1444 236731
1445 235967
1446 236683
1447 236563
1448 236666
1449 236357
1450 236641
1451 236843
1452 237239
1453 236747
1454 236943
1455 236907
1456 236825
1457 236852
1458 236327
1459 236761
1460 236223
1461 236464
1462 236555
1463 236284
1464 236656
1465 236747
1466 236478
1467 236372
1468 236667
1469 236716
1470 236449
1471 236703
1472 236792
1473 236468
1474 236965
1475 236631
1476 236533
1477 236956
1478 236596
1479 236435
1480 237103
1481 236753
1482 237071
1483 235697
1484 236236
1485 236652
1486 236782
1487 236738
1488 236824
1489 236997
1490 236699
1491 237054
1492 236501
1493 236751
1494 236554
1495 236197
1496 236392
1497 236064
1498 236741
1499 236579
1500 236681
1501 235951
1502 236576
1503 236181
1504 236408
1505 236475
1506 237189
1507 236144
1508 237000
1509 236559
1510 236044
1511 236761
1512 236955
1513 236343
1514 236249
1515 236916
1516 236739
1517 236152
1518 236367
1519 236729
1520 236378
1521 236276
1522 236714
1523 236062
1524 236439
1525 236554
1526 236654
1527 236493
1528 236603
1529 236807
1530 237144
1531 237181
1532 237108
1533 236655
1534 236528
1535 236039
1536 236768
1537 237150
1538 236307
1539 236729
1540 237323
1541 236741
1542 236431
1543 236758
1544 236558
1545 237365
1546 236956
1547 236392
1548 236519
1549 236745
1550 236821
1551 237051
1552 236679
1553 237014
1554 236803
1555 236549
1556 236713
1557 237152
1558 236181
1559 236922
1560 236602
1561 236427
1562 237297
1563 236996
1564 236682
1565 236985
1566 236852
1567 236980
1568 236845
1569 236813
1570 237011
1571 236242
1572 236791
1573 237377
1574 237348
1575 237040
1576 236712
1577 237158
1578 236984
1579 237299
1580 236814
1581 236725
1582 237156
1583 237031
1584 237155
1585 237491
1586 237056
1587 236979
1588 237752
1589 237236
1590 237189
1591 237329
1592 236848
1593 236757
1594 236626
1595 237227
1596 237074
1597 237278
1598 237197
1599 237230
1600 237480
1601 237680
1602 237830
1603 236849
1604 237260
1605 237796
1606 238086
1607 237768
1608 237846
1609 237425
1610 237275
1611 238021
1612 237823
1613 237731
1614 237563
1615 237572
1616 238090
1617 237475
1618 238343
1619 238156
1620 238283
1621 238268
1622 238498
1623 238310
1624 238367
1625 238237
1626 237704
1627 238531
1628 238846
1629 238534
1630 238468
1631 238649
1632 238340
1633 238680
1634 238366
1635 239167
1636 239505
1637 239125
1638 239190
1639 238785
1640 239322
1641 240080
1642 239980
1643 239727
1644 239866
1645 240261
1646 240130
1647 239571
1648 240630
1649 240534
1650 241126
1651 240927
1652 241253
1653 240967
1654 241056
1655 241531
1656 241801
1657 242571
1658 242402
1659 242703
1660 242333
1661 242509
1662 242842
1663 243006
1664 243185
1665 243801
1666 243610
1667 243419
1668 243596
1669 243633
1670 243643
1671 243997
1672 244138
1673 243444
1674 243103
1675 243207
1676 243145
1677 243105
1678 243359
1679 242744
1680 242722
1681 242368
1682 242557
1683 242247
1684 242189
1685 241370
1686 241795
1687 241146
1688 241557
1689 240946
1690 240852
1691 240377
1692 240623
1693 240779
1694 240021
1695 240322
1696 239765
1697 239446
1698 239383
1699 239497
1700 239361
1701 239138
1702 239240
1703 239241
1704 239035
1705 238738
1706 238508
1707 238948
1708 238641
1709 238119
1710 239092
1711 239209
1712 238422
1713 238158
1714 238857
1715 238155
1716 238364
1717 238409
1718 238026
1719 238382
1720 238112
1721 237813
1722 238078
1723 238044
1724 238173
1725 237474
1726 238286
1727 238321
1728 237822
1729 237921
1730 237479
1731 238260
1732 237796
1733 237409
1734 237624
1735 238001
1736 237832
1737 237661
1738 237724
1739 238079
1740 237910
1741 237970
1742 237628
1743 237187
1744 237440
1745 237763
1746 237723
1747 237526
1748 237809
1749 237490
1750 237944
1751 237886
1752 237127
1753 237227
1754 237409
1755 237656
1756 237490
1757 237160
1758 237492
1759 237553
1760 237572
1761 237324
1762 237482
1763 237569
1764 237189
1765 237514
1766 237920
1767 237256
1768 237350
1769 237465
1770 237049
1771 237438
1772 236891
1773 237735
1774 237327
1775 237547
1776 237571
1777 237576
1778 237402
1779 237358
1780 237561
1781 237426
1782 237274
1783 237502
1784 237713
1785 237256
1786 237352
1787 237072
1788 237117
1789 237508
1790 237026
1791 237489
1792 237028
1793 237560
1794 237210
1795 237590
1796 236995
1797 237348
1798 237998
1799 237448
1800 237626
1801 237429
1802 237333
1803 236894
1804 237396
1805 236965
1806 237127
1807 237168
1808 237191
1809 236740
1810 237547
1811 236975
1812 237590
1813 237567
1814 237004
1815 237204
1816 237287
1817 237043
1818 236728
1819 237480
1820 237251
1821 237008
1822 237526
1823 236839
1824 237381
1825 236803
1826 237727
1827 237393
1828 237404
1829 237103
1830 237165
1831 236981
1832 237126
1833 236963
1834 237220
1835 237563
1836 236669
1837 236919
1838 236631
1839 236658
1840 236560
1841 237174
1842 237238
1843 237928
1844 237509
1845 237056
1846 237354
1847 237154
1848 236983
1849 237434
1850 237136
1851 237446
1852 237397
1853 236894
1854 237365
1855 237313
1856 236894
1857 237039
1858 237468
1859 236983
1860 237285
1861 237607
1862 236761
1863 236913
1864 237094
1865 237243
1866 236927
1867 237156
1868 236878
1869 237500
1870 237295
1871 236969
1872 236719
1873 237362
1874 236750
1875 237035
1876 237362
1877 237135
1878 236985
1879 237044
1880 236654
1881 237213
1882 237300
1883 236896
1884 236850
1885 237056
1886 236976
1887 237601
1888 237192
1889 237649
1890 237006
1891 236993
1892 237501
1893 237144
1894 237168
1895 237264
1896 237421
1897 237449
1898 237087
1899 237403
1900 236885
1901 237677
1902 237274
1903 237508
1904 237607
1905 237567
1906 237348
1907 237064
1908 236830
1909 237688
1910 237458
1911 237508
1912 236661
1913 237288
1914 237552
1915 236767
1916 237482
1917 237157
1918 237377
1919 237743
1920 237668
1921 237263
1922 237298
1923 237797
1924 237151
1925 237630
1926 236921
1927 237347
1928 237576
1929 237501
1930 237663
1931 237423
1932 237412
1933 237619
1934 237623
1935 237823
1936 237262
1937 237964
1938 237654
1939 237395
1940 237428
1941 237579
1942 237871
1943 237832
1944 237420
1945 237753
1946 237545
1947 237104
1948 237102
1949 238206
1950 237548
1951 237911
1952 237801
1953 238390
1954 237743
1955 237868
1956 237804
1957 237517
1958 237499
1959 237391
1960 238000
1961 237468
1962 238077
1963 237824
1964 237578
1965 237151
1966 237519
1967 237962
1968 237209
1969 238197
1970 237490
1971 238124
1972 237728
1973 237819
1974 238014
1975 237851
1976 237631
1977 237905
1978 237957
1979 238464
1980 237775
1981 237997
1982 237794
1983 237864
1984 237688
1985 237650
1986 238083
1987 237760
1988 237371
1989 238122
1990 238236
1991 237700
1992 237953
1993 238337
1994 238065
1995 238387
1996 238155
1997 238115
1998 238566
1999 237904
2000 237750
2001 237498
2002 238208
2003 238411
2004 237797
2005 238027
2006 238381
2007 237909
2008 237961
2009 238125
2010 238133
2011 238245
2012 238537
2013 238348
2014 238527
2015 238147
2016 237966
2017 237982
2018 238054
2019 237912
2020 238155
2021 238114
2022 237697
2023 237762
2024 237779
2025 238677
2026 237923
2027 237841
2028 238346
2029 238212
2030 237667
2031 237807
2032 237783
2033 237526
2034 237593
2035 238092
2036 237733
2037 238080
2038 238191
2039 237636
2040 237488
2041 238414
2042 237656
2043 237401
2044 237661
2045 237896
2046 237949
2047 237557
2048 238176
2049 237864
2050 237544
2051 237544
2052 238448
2053 238124
2054 237814
2055 238042
2056 238284
2057 237909
2058 237977
2059 237909
2060 237877
2061 237590
2062 238039
2063 238050
2064 238176
2065 238218
2066 238605
2067 238285
2068 237974
2069 238145
2070 237644
2071 238126
2072 238009
2073 237718
2074 238302
2075 238488
2076 238355
2077 238307
2078 238512
2079 238317
2080 238507
2081 237745
2082 238163
2083 237816
2084 238105
2085 237731
2086 237926
2087 238342
2088 237778
2089 238428
2090 238137
2091 237826
2092 237886
2093 237928
2094 238276
2095 238155
2096 237905
2097 237715
2098 237861
2099 238168
2100 237971
2101 238077
2102 238218
2103 238211
2104 238008
2105 237940
2106 237842
2107 238376
2108 238552
2109 238157
2110 238641
2111 238403
2112 238083
2113 238487
2114 238621
2115 238487
2116 238560
2117 238152
2118 238406
2119 238996
2120 238535
2121 238473
2122 238578
2123 239124
2124 238989
2125 239358
2126 239105
2127 239092
2128 239162
2129 238782
2130 239073
2131 239308
2132 239566
2133 238813
2134 238822
2135 239199
2136 239244
2137 239089
2138 239212
2139 238963
2140 238775
2141 239060
2142 239214
2143 239112
2144 239279
2145 239173
2146 238710
2147 239226
2148 238883
2149 238671
2150 238951
2151 238977
2152 238909
2153 238849
2154 239063
2155 238937
2156 238837
2157 238924
2158 239117
2159 239019
2160 238420
2161 239599
2162 238643
2163 239408
2164 239099
2165 238784
2166 239340
2167 239301
2168 238713
2169 239291
2170 239276
2171 239379
2172 239341
2173 239337
2174 239301
2175 239263
2176 239323
2177 239314
2178 238999
2179 239402
2180 239581
2181 239223
2182 239476
2183 239768
2184 240010
2185 239502
2186 239354
2187 239982
2188 239991
2189 239914
2190 240047
2191 239935
2192 239994
2193 240314
2194 240380
2195 240061
2196 240573
2197 240112
2198 240075
2199 240479
2200 240982
2201 241007
2202 240984
2203 240952
2204 241074
2205 241331
2206 241742
2207 241788
2208 241941
2209 242747
2210 242045
2211 242056
2212 242535
2213 242655
2214 242788
2215 242747
2216 243976
2217 243376
2218 243476
2219 243317
2220 243621
2221 243988
2222 244610
2223 244686
2224 244418
2225 244108
2226 244098
2227 244718
2228 244784
2229 244463
2230 244722
2231 245458
2232 244800
2233 244817
2234 244701
2235 244735
2236 244265
2237 243973
2238 244012
2239 243804
2240 243333
2241 243599
2242 243710
2243 243065
2244 243022
2245 242829
2246 242535
2247 242986
2248 242161
2249 242340
2250 241993
2251 242094
2252 242121
2253 241194
2254 241329
2255 241448
2256 241105
2257 241060
2258 241082
2259 241298
2260 240311
2261 240682
2262 240268
2263 240391
2264 240155
2265 240119
2266 240242
2267 240108
2268 240381
2269 239528
2270 240408
2271 239634
2272 239885
2273 240034
2274 239785
2275 239764
2276 239168
2277 239509
2278 239459
2279 239250
2280 239520
2281 239101
2282 239466
2283 239591
2284 239555
2285 239045
2286 238851
2287 239472
2288 238894
2289 238984
2290 238965
2291 238983
2292 239396
2293 239117
2294 239104
2295 238785
2296 239200
2297 239472
2298 239416
2299 239112
2300 238927
2301 239063
2302 238785
2303 238710
2304 238763
2305 239281
2306 239065
2307 238210
2308 238386
2309 238638
2310 239014
2311 238655
2312 239323
2313 239040
2314 238713
2315 238525
2316 238511
2317 238358
2318 238393
2319 238498
2320 238333
2321 238262
2322 238145
2323 238427
2324 238237
2325 237899
2326 238178
2327 238184
2328 238523
2329 238272
2330 238021
2331 238138
2332 238153
2333 238329
2334 238378
2335 238404
2336 237425
2337 238196
2338 238030
2339 237995
2340 237820
2341 238129
2342 237606
2343 237979
2344 237857
2345 238110
2346 238133
2347 238473
2348 238052
2349 237773
2350 238139
2351 237997
2352 237532
2353 237922
2354 237972
2355 237803
2356 238025
2357 238155
2358 238905
2359 238648
2360 238316
2361 238314
2362 238374
2363 238553
2364 238246
2365 237705
2366 238402
2367 237918
2368 238268
2369 237656
2370 238395
2371 237968
2372 238188
2373 238338
2374 237929
2375 237927
2376 237767
2377 238214
2378 238858
2379 238107
2380 237897
2381 238189
2382 237689
2383 238541
2384 238325
2385 238135
2386 238426
2387 238251
2388 237980
2389 238156
2390 238220
2391 238083
2392 238330
2393 238533
2394 238203
2395 238777
2396 238375
2397 238397
2398 238327
2399 238392
2400 238483
2401 237731
2402 238613
2403 238735
2404 238394
2405 238203
2406 238182
2407 238404
2408 238179
2409 238197
2410 237798
2411 238448
2412 237599
2413 237942
2414 237761
2415 238093
2416 237683
2417 238443
2418 237988
2419 237952
2420 237915
2421 237710
2422 237797
2423 237991
2424 237925
2425 237368
2426 238173
2427 238447
2428 237904
2429 237458
2430 237668
2431 237951
2432 237431
2433 237480
2434 237590
2435 237788
2436 237748
2437 237684
2438 237514
2439 237342
2440 237666
2441 237461
2442 237513
2443 237060
2444 237055
2445 237306
2446 237220
2447 237782
2448 237367
2449 237035
2450 237556
2451 237765
2452 237652
2453 237608
2454 237471
2455 237746
2456 237383
2457 237602
2458 237417
2459 237476
2460 237769
2461 237420
2462 237362
2463 237832
2464 237396
2465 237575
2466 237150
2467 237596
2468 237561
2469 238133
2470 237417
2471 237592
2472 237664
2473 237772
2474 237553
2475 237621
2476 237751
2477 237074
2478 237779
2479 238019
2480 237822
2481 237560
2482 237434
2483 237549
2484 237515
2485 237943
2486 238153
2487 237617
2488 237735
2489 237777
2490 237711
2491 237678
2492 238013
2493 237807
2494 237749
2495 238149
2496 237797
2497 237822
2498 238190
2499 238437
2500 238082
2501 237913
2502 238628
2503 237933
2504 238649
2505 237526
2506 237973
2507 238167
2508 238536
2509 238543
2510 238539
2511 237985
2512 238187
2513 237963
2514 237978
2515 238599
2516 238155
2517 238073
2518 238242
2519 237862
2520 237674
2521 238138
2522 238094
2523 237725
2524 237894
2525 238511
2526 237917
2527 237799
2528 238253
2529 238459
2530 238848
2531 238401
2532 238382
2533 237876
2534 238420
2535 238364
2536 238632
2537 238026
2538 238570
2539 238501
2540 238394
2541 238336
2542 238479
2543 238067
2544 238135
2545 238461
2546 238118
2547 238027
2548 238818
2549 238665
2550 238209
2551 237991
2552 238202
2553 238282
2554 237807
2555 237815
2556 238297
2557 238093
2558 238398
2559 238015
2560 238380
2561 238449
2562 238566
2563 238479
2564 237918
2565 238137
2566 238112
2567 237978
2568 238523
2569 238752
2570 238834
2571 238350
2572 238162
2573 238109
2574 238753
2575 238852
2576 238587
2577 238379
2578 238639
2579 238450
2580 238529
2581 239032
2582 238738
2583 238651
2584 238904
2585 238710
2586 238672
2587 238377
2588 238918
2589 238783
2590 238454
2591 238568
2592 238861
2593 238746
2594 238359
2595 239037
2596 238682
2597 238830
2598 239064
2599 238696
2600 238669
2601 238693
2602 238619
2603 239214
2604 239382
2605 238880
2606 239271
2607 238780
2608 239025
2609 238841
2610 238645
2611 239461
2612 239541
2613 239026
2614 239259
2615 239556
2616 238636
2617 239289
2618 239472
2619 239224
2620 239145
2621 239394
2622 239787
2623 239455
2624 239336
2625 240179
2626 239379
2627 239440
2628 239855
2629 239301
2630 239484
2631 239869
2632 239393
2633 239981
2634 239588
2635 239775
2636 239899
2637 240485
2638 240219
2639 240497
2640 239840
2641 240464
2642 240745
2643 241197
2644 240936
2645 240709
2646 240993
2647 241590
2648 240838
2649 241602
2650 241727
2651 241304
2652 241808
2653 242296
2654 242083
2655 242238
2656 242724
2657 241819
2658 242662
2659 242921
2660 243146
2661 243320
2662 243115
2663 243574
2664 243587
2665 243949
2666 244329
2667 244166
2668 244227
2669 244475
2670 244791
2671 244829
2672 244569
2673 245037
2674 244353
2675 244632
2676 244419
2677 244447
2678 245473
2679 244786
2680 244242
2681 244004
2682 244650
2683 244222
2684 244075
2685 243687
2686 243338
2687 243736
2688 243684
2689 243283
2690 242837
2691 243178
2692 242332
2693 242513
2694 242608
2695 241653
2696 242021
2697 241843
2698 241572
2699 241979
2700 241281
2701 240944
2702 241400
2703 241143
2704 240966
2705 240770
2706 240789
2707 240725
2708 241340
2709 240142
2710 240650
2711 240700
2712 240757
2713 240487
2714 240131
2715 240932
2716 240561
2717 240565
2718 239921
2719 240564
2720 239968
2721 240250
2722 239693
2723 240242
2724 239750
2725 240107
2726 239971
2727 240086
2728 239655
2729 239376
2730 239653
2731 239561
2732 239443
2733 239943
2734 239115
2735 239404
2736 239327
2737 239898
2738 239475
2739 239245
2740 239267
2741 239386
2742 238833
2743 239642
2744 239878
2745 239358
2746 239603
2747 239187
2748 239329
2749 239010
2750 239210
2751 239019
2752 239206
2753 239562
2754 239630
2755 239324
2756 239029
2757 239167
2758 239235
2759 239312
2760 239621
2761 239586
2762 239731
2763 239304
2764 239291
2765 239471
2766 240039
2767 239583
2768 239605
2769 239946
2770 239753
2771 239284
2772 239462
2773 238855
2774 238984
2775 239317
2776 239649
2777 239308
2778 238433
2779 239047
2780 238979
2781 239552
2782 239263
2783 239223
2784 238893
2785 239140
2786 239511
2787 239608
2788 239387
2789 239047
2790 239204
2791 239263
2792 239293
2793 239531
2794 239370
2795 238553
2796 238871
2797 238929
2798 239390
2799 239115
2800 238892
2801 239296
2802 239330
2803 239420
2804 239282
2805 239079
2806 239044
2807 238925
2808 239370
2809 239037
2810 239096
2811 239132
2812 239196
2813 238521
2814 239261
2815 238721
2816 239118
2817 239408
2818 239137
2819 239405
2820 238941
2821 239029
2822 238863
2823 238916
2824 238826
2825 239061
2826 238818
2827 238901
2828 239309
2829 239568
2830 238817
2831 238977
2832 239149
2833 238973
2834 239098
2835 238733
2836 238819
2837 238987
2838 238635
2839 238816
2840 239457
2841 238719
2842 239054
2843 238894
2844 238778
2845 238977
2846 238729
2847 238572
2848 239005
2849 238360
2850 238883
2851 238338
2852 238762
2853 238718
2854 238585
2855 238542
2856 239391
2857 239078
2858 238597
2859 238196
2860 238704
2861 238881
2862 238938
2863 238686
2864 238855
2865 239009
2866 238769
2867 239123
2868 238624
2869 239224
2870 239077
2871 238685
2872 239031
2873 238586
2874 239053
2875 238638
2876 238441
2877 239227
2878 238856
2879 238876
2880 238356
2881 238765
2882 239112
2883 238572
2884 238986
2885 238758
2886 238894
2887 238867
2888 238722
2889 239447
2890 238871
2891 239057
2892 239218
2893 239044
2894 239436
2895 238918
2896 238836
2897 239374
2898 239062
2899 239180
2900 239287
2901 239690
2902 239193
2903 239010
2904 238884
2905 239531
2906 239161
2907 239322
2908 238557
2909 238974
2910 239160
2911 238312
2912 239082
2913 239745
2914 239203
2915 239508
2916 239565
2917 239585
2918 239610
2919 239389
2920 239702
2921 239298
2922 239165
2923 239151
2924 239170
2925 238930
2926 239442
2927 239657
2928 239296
2929 239022
2930 239535
2931 239794
2932 239290
2933 239598
2934 239208
2935 239573
2936 239451
2937 239147
2938 239260
2939 238989
2940 239471
2941 239428
2942 239463
2943 239355
2944 239129
2945 239179
2946 239217
2947 239346
2948 239541
2949 239703
2950 239426
2951 239978
2952 239432
2953 239118
2954 239469
2955 239158
2956 239615
2957 238911
2958 239209
2959 239296
2960 239363
2961 239985
2962 239668
2963 239853
2964 239770
2965 239882
2966 239772
2967 239926
2968 239092
2969 239600
2970 239528
2971 239432
2972 239306
2973 239201
2974 239363
2975 239430
2976 239281
2977 239053
2978 239408
2979 239596
2980 239122
2981 239392
2982 239613
2983 239314
2984 239239
2985 239265
2986 239512
2987 239440
2988 239431
2989 239585
2990 239046
2991 239748
2992 239350
2993 239306
2994 239727
2995 239250
2996 239095
2997 239443
2998 239485
2999 239462
3000 239094
3001 239277
3002 239503
3003 239167
3004 239581
3005 238960
3006 239636
3007 239363
3008 239128
3009 239500
3010 239742
3011 239763
3012 239685
3013 239177
3014 239482
3015 239212
3016 239336
3017 239254
3018 239284
3019 239378
3020 239156
3021 239027
3022 239005
3023 238921
3024 239216
3025 238747
3026 239288
3027 239184
3028 239009
3029 239167
3030 238744
3031 239741
3032 239113
3033 239329
3034 239486
3035 238433
3036 239177
3037 239002
3038 239085
3039 239044
3040 239072
3041 239056
3042 238916
3043 238955
3044 238845
3045 239218
3046 238942
3047 238684
3048 238720
3049 238920
3050 238886
3051 239504
3052 238551
3053 238897
3054 239047
3055 238789
3056 239107
3057 238617
3058 238458
3059 238704
3060 238467
3061 238685
3062 239289
3063 239046
3064 239044
3065 238748
3066 238597
3067 238782
3068 239344
3069 238822
3070 238880
3071 238719
3072 238945
3073 238575
3074 238608
3075 239064
3076 239135
3077 238788
3078 239091
3079 238687
3080 238638
3081 238921
3082 239186
3083 238584
3084 239372
3085 239375
3086 238786
3087 238671
3088 238807
3089 238821
3090 238455
3091 238766
3092 238718
3093 238941
3094 238849
3095 238718
3096 239053
3097 238770
3098 239075
3099 239299
3100 238932
3101 238960
3102 238952
3103 238848
3104 238794
3105 239072
3106 238919
3107 238789
3108 239088
3109 238690
3110 238638
3111 238891
3112 238523
3113 238890
3114 238621
3115 238849
3116 238684
3117 238686
3118 238769
3119 238971
3120 238439
3121 238182
3122 238775
3123 238356
3124 238778
3125 239001
3126 238810
3127 238703
3128 238439
3129 238744
3130 238761
3131 238652
3132 238949
3133 238958
3134 238851
3135 238826
3136 238447
3137 238907
3138 238825
3139 239261
3140 239064
3141 238873
3142 239359
3143 238773
3144 239181
3145 238637
3146 238872
3147 239125
3148 239005
3149 238954
3150 239144
3151 239090
3152 238891
3153 238566
3154 238401
3155 238980
3156 238880
3157 239759
3158 239465
3159 239033
3160 239180
3161 239030
3162 239454
3163 238683
3164 239457
3165 239636
3166 239515
3167 239380
3168 239430
3169 239741
3170 239247
3171 239369
3172 239045
3173 239207
3174 239504
3175 239480
3176 239139
3177 240079
3178 239438
3179 239034
3180 239424
3181 239844
3182 239594
3183 239614
3184 239439
3185 239712
3186 239880
3187 240116
3188 240403
3189 239142
3190 239830
3191 239780
3192 239565
3193 239779
3194 240116
3195 239785
3196 240253
3197 240617
3198 240374
3199 240129
3200 240451
3201 240695
3202 241448
3203 240793
3204 241129
3205 241331
3206 241537
3207 241250
3208 241547
3209 241910
3210 241759
3211 241863
3212 242496
3213 242229
3214 242506
3215 242565
3216 242691
3217 243428
3218 243227
3219 243334
3220 243253
3221 244038
3222 244159
3223 244343
3224 244222
3225 244524
3226 244772
3227 244835
3228 244899
3229 245144
3230 244819
3231 245130
3232 244908
3233 244440
3234 244533
3235 244627
3236 244435
3237 244258
3238 244033
3239 244182
3240 244433
3241 243587
3242 243468
3243 243219
3244 243475
3245 243332
3246 242679
3247 242943
3248 242208
3249 242136
3250 242240
3251 241751
3252 241774
3253 241615
3254 241628
3255 241219
3256 241394
3257 240944
3258 240624
3259 240599
3260 240485
3261 240578
3262 240211
3263 240096
3264 239702
3265 240022
3266 240109
3267 239860
3268 240098
3269 239173
3270 239649
3271 239247
3272 239509
3273 239194
3274 239263
3275 239172
3276 239041
3277 239267
3278 239067
3279 238804
3280 239077
3281 238933
3282 238588
3283 238473
3284 238471
3285 238851
3286 238299
3287 238506
3288 238396
3289 238551
3290 238401
3291 238120
3292 238327
3293 238241
3294 237604
3295 238480
3296 238495
3297 237770
3298 237652
3299 237776
3300 237879
3301 237825
3302 237717
3303 238056
3304 238144
3305 237375
3306 237704
3307 237648
3308 237440
3309 237669
3310 237769
3311 237831
3312 237451
3313 237421
3314 237817
3315 237969
3316 237180
3317 237072
3318 237021
3319 237477
3320 237010
3321 236870
3322 237200
3323 237103
3324 237319
3325 237132
3326 237006
3327 237240
3328 237185
3329 236873
3330 237275
3331 237343
3332 236776
3333 237225
3334 236966
3335 237006
3336 237299
3337 237043
3338 236901
3339 236979
3340 236780
3341 236810
3342 236857
3343 236855
3344 236636
3345 236570
3346 237086
3347 237065
3348 236856
3349 236842
3350 236913
3351 236340
3352 236504
3353 236524
3354 236777
3355 236769
3356 237228
3357 236917
3358 236261
3359 236618
3360 236451
3361 236458
3362 236611
3363 236644
3364 236824
3365 236641
3366 236081
3367 236687
3368 236748
3369 236559
3370 236776
3371 236727
3372 236720
3373 236231
3374 236539
3375 236517
3376 236157
3377 236641
3378 236179
3379 236245
3380 236304
3381 236231
3382 236474
3383 236730
3384 236296
3385 236521
3386 236895
3387 236930
3388 236239
3389 236166
3390 236529
3391 236531
3392 236530
3393 236421
3394 236401
3395 236144
3396 236436
3397 236043
3398 236849
3399 236496
3400 236764
3401 236773
3402 237045
3403 236847
3404 236438
3405 237132
3406 237208
3407 236971
3408 236733
3409 237320
3410 236578
3411 237193
3412 236526
3413 236800
3414 236390
3415 236840
3416 236852
3417 237002
3418 237367
3419 236536
3420 236333
3421 236061
3422 236150
3423 236811
3424 236348
3425 236295
3426 236211
3427 236556
3428 236283
3429 236016
3430 236354
3431 236315
3432 236773
3433 236801
3434 236482
3435 236510
3436 235855
3437 236393
3438 236116
3439 236687
3440 236348
3441 236074
3442 236337
3443 235920
3444 236286
3445 236382
3446 236521
3447 236589
3448 236345
3449 236770
3450 236236
3451 236584
3452 236472
3453 236503
3454 235728
3455 236633
3456 235936
3457 236679
3458 236451
3459 236537
3460 235967
3461 235956
3462 236041
3463 236587
3464 236508
3465 235909
3466 236277
3467 235964
3468 236261
3469 236280
3470 236241
3471 236471
3472 236096
3473 236028
3474 236533
3475 236128
3476 236421
3477 236080
3478 236015
3479 236186
3480 236122
3481 236312
3482 236362
3483 236565
3484 236053
3485 236349
3486 236365
3487 236053
3488 236399
3489 236454
3490 236285
3491 236544
3492 236061
3493 236041
3494 236107
3495 236168
3496 236445
3497 236395
3498 236696
3499 236561
3500 236015
3501 236396
3502 236352
3503 236584
3504 236149
3505 236462
3506 237226
3507 236450
3508 236534
3509 236485
3510 236917
3511 236595
3512 236501
3513 236335
3514 236266
3515 236432
3516 236973
3517 236431
3518 236444
3519 236445
3520 236850
3521 236792
3522 236447
3523 236332
3524 236246
3525 236739
3526 236586
3527 236075
3528 236607
3529 236684
3530 236314
3531 236914
3532 236594
3533 236791
3534 236727
3535 236720
3536 236314
3537 236933
3538 236866
3539 236676
3540 236673
3541 236800
3542 237045
3543 236754
3544 236916
3545 237167
3546 236935
3547 236358
3548 236807
3549 236843
3550 236953
3551 236442
3552 236723
3553 236869
3554 237200
3555 237319
3556 236673
3557 236976
3558 236965
3559 236999
3560 236592
3561 236667
3562 237046
3563 237028
3564 236683
3565 236928
3566 236576
3567 237132
3568 236879
3569 236983
3570 237336
3571 237207
3572 237274
3573 237333
3574 237372
3575 237057
3576 236896
3577 237346
3578 236993
3579 237086
3580 236909
3581 237099
3582 237479
3583 237317
3584 237265
3585 237502
3586 237102
3587 237286
3588 237309
3589 237372
3590 237829
3591 237415
3592 236988
3593 237136
3594 237437
3595 237582
3596 237200
3597 238033
3598 237616
3599 237409
3600 237944
3601 237082
3602 237569
3603 237980
3604 237513
3605 237854
3606 237634
3607 237455
3608 237549
3609 237698
3610 237660
3611 237324
3612 237713
3613 237710
3614 237573
3615 238176
3616 237585
3617 238119
3618 237484
3619 237706
3620 237907
3621 237963
3622 238148
3623 237914
3624 238460
3625 237878
3626 237960
3627 238310
3628 238094
3629 238303
3630 238126
3631 238084
3632 238738
3633 238399
3634 238846
3635 238769
3636 239126
3637 239431
3638 239077
3639 239493
3640 239130
3641 239395
3642 239304
3643 239293
3644 239571
3645 239924
3646 240074
3647 239794
3648 240042
3649 240328
3650 240630
3651 240181
3652 240754
3653 240814
3654 241461
3655 241120
3656 241361
3657 241387
3658 241571
3659 241565
3660 241494
3661 242207
3662 242539
3663 243199
3664 242559
3665 242706
3666 243051
3667 243644
3668 243595
3669 243452
3670 243674
3671 243538
3672 243919
3673 243895
3674 243433
3675 243862
3676 243920
3677 243801
3678 243860
3679 243871
3680 243928
3681 243987
3682 243257
3683 242540
3684 243026
3685 242905
3686 242927
3687 242565
3688 241880
3689 242245
3690 241454
3691 241884
3692 241133
3693 240945
3694 240971
3695 241066
3696 241056
3697 240798
3698 240449
3699 240948
3700 240077
3701 240266
3702 240574
3703 239469
3704 239520
3705 239657
3706 239562
3707 239688
3708 239551
3709 239192
3710 239389
3711 240039
3712 239008
3713 238909
3714 238840
3715 239155
3716 238955
3717 239388
3718 238835
3719 238139
3720 238795
3721 238932
3722 238625
3723 238383
3724 238063
3725 238614
3726 237804
3727 237921
3728 238651
3729 238469
3730 237905
3731 238543
3732 238559
3733 238304
3734 237900
3735 237915
3736 238173
3737 237712
3738 238320
3739 237356
3740 237697
3741 237494
3742 237835
3743 237780
3744 237726
3745 237812
3746 237815
3747 237535
3748 238174
3749 238017
3750 237668
3751 237869
3752 237593
3753 237968
3754 238090
3755 238120
3756 237986
3757 238505
3758 238018
3759 238059
3760 238468
3761 237954
3762 238522
3763 238475
3764 238264
3765 237415
3766 238218
3767 238127
3768 238223
3769 238607
3770 237806
3771 237748
3772 238678
3773 237500
3774 238429
3775 237961
3776 238016
3777 238741
3778 238557
3779 237989
3780 238376
3781 237916
3782 238338
3783 237930
3784 237751
3785 237853
3786 238587
3787 237720
3788 238529
3789 237559
3790 237323
3791 238154
3792 237597
3793 237920
3794 237744
3795 237687
3796 237664
3797 237861
3798 237864
3799 237221
3800 237301
3801 237853
3802 237560
3803 238426
3804 238003
3805 237793
3806 237953
3807 238492
3808 238086
3809 237701
3810 237627
3811 238146
3812 238063
3813 237644
3814 237746
3815 237979
3816 238309
3817 238284
3818 237919
3819 237840
3820 237772
3821 238383
3822 238054
3823 238151
3824 237642
3825 237857
3826 238517
3827 238109
3828 238292
3829 237983
3830 238395
3831 237971
3832 238622
3833 238501
3834 238159
3835 238070
3836 237982
3837 238122
3838 238317
3839 237804
3840 238512
3841 238022
3842 237754
3843 238155
3844 238605
3845 238290
3846 238116
3847 238173
3848 237844
3849 237980
3850 238194
3851 238445
3852 238116
3853 237770
3854 237708
3855 238485
3856 238644
3857 238572
3858 238319
3859 238194
3860 238550
3861 237828
3862 237915
3863 238574
3864 238011
3865 238389
3866 238239
3867 238519
3868 238417
3869 238172
3870 238435
3871 238062
3872 238140
3873 238083
3874 238433
3875 238417
3876 238249
3877 238242
3878 238231
3879 238454
3880 238069
3881 238630
3882 238037
3883 238314
3884 238662
3885 238946
3886 237915
3887 238829
3888 238169
3889 238149
3890 238993
3891 238292
3892 238829
3893 238662
3894 238405
3895 238443
3896 237910
3897 238346
3898 238834
3899 238925
3900 238690
3901 238591
3902 238644
3903 238963
3904 238887
3905 238401
3906 238636
3907 239057
3908 238423
3909 237809
3910 238414
3911 238395
3912 238084
3913 238346
3914 238452
3915 238678
3916 238254
3917 238820
3918 238846
3919 238900
3920 238240
3921 238654
3922 238458
3923 238379
3924 238493
3925 238217
3926 238276
3927 238536
3928 238840
3929 238524
3930 238815
3931 238890
3932 238890
3933 238609
3934 238539
3935 238574
3936 238524
3937 238471
3938 238498
3939 238063
3940 238361
3941 237890
3942 238374
3943 238498
3944 238427
3945 238335
3946 238915
3947 238579
3948 238478
3949 238802
3950 238017
3951 238679
3952 238564
3953 238958
3954 238651
3955 238764
3956 238365
3957 238633
3958 238712
3959 237963
3960 238750
3961 238349
3962 238600
3963 238718
3964 238914
3965 238606
3966 238758
3967 238683
3968 238750
3969 239103
3970 239004
3971 238526
3972 238988
3973 239295
3974 239017
3975 238869
3976 238614
3977 239058
3978 238800
3979 239405
3980 239297
3981 239349
3982 239364
3983 239469
3984 238850
3985 239175
3986 238729
3987 239109
3988 238738
3989 238873
3990 238507
3991 238934
3992 239449
3993 238737
3994 238754
3995 239302
3996 239424
3997 238906
3998 238734
3999 238826
4000 238637
4001 238568
4002 239050
4003 238372
4004 238983
4005 238983
4006 238692
4007 238833
4008 238323
4009 238754
4010 238806
4011 238527
4012 238775
4013 238845
4014 238306
4015 238579
4016 238832
4017 239092
4018 239162
4019 238565
4020 238641
4021 238728
4022 238243
4023 239133
4024 239351
4025 238726
4026 239051
4027 238660
4028 238563
4029 238919
4030 238181
4031 238605
4032 238679
4033 238498
4034 239265
4035 238896
4036 238866
4037 239062
4038 238805
4039 238842
4040 238888
4041 238742
4042 238851
4043 239096
4044 238783
4045 239440
4046 238810
4047 239076
4048 239011
4049 238952
4050 239495
4051 238630
4052 239442
4053 239729
4054 239404
4055 239049
4056 239057
4057 239563
4058 239102
4059 239417
4060 239221
4061 239284
4062 239193
4063 238821
4064 239517
4065 238872
4066 238762
4067 239237
4068 238485
4069 239384
4070 238871
4071 238882
4072 238506
4073 238722
4074 238500
4075 238464
4076 239360
4077 239166
4078 238577
4079 239068
4080 239120
4081 238970
4082 239197
4083 239171
4084 239318
4085 239110
4086 239062
4087 239114
4088 239082
4089 238830
4090 238892
4091 239199
4092 238786
4093 239627
4094 239220
4095 239576
4096 239105
4097 239264
4098 239510
4099 239405
4100 239051
4101 239424
4102 239215
4103 239457
4104 239574
4105 239697
4106 238805
4107 239141
4108 239747
4109 239153
4110 239170
4111 239675
4112 239598
4113 239332
4114 239717
4115 239598
4116 239720
4117 239484
4118 239517
4119 239060
4120 239172
4121 239517
4122 239177
4123 239397
4124 239261
4125 239536
4126 239404
4127 239000
4128 239418
4129 239665
4130 239811
4131 238929
4132 239351
4133 239722
4134 239044
4135 239455
4136 239369
4137 239362
4138 239517
4139 239663
4140 239390
4141 239421
4142 239768
4143 239781
4144 239343
4145 239878
4146 239804
4147 239461
4148 239705
4149 239841
4150 239738
4151 240130
4152 239894
4153 239927
4154 239657
4155 239950
4156 239924
4157 239884
4158 240301
4159 240424
4160 240199
4161 240398
4162 240429
4163 240731
4164 240662
4165 240795
4166 240631
4167 240181
4168 240572
4169 240451
4170 240096
4171 240835
4172 240269
4173 240513
4174 240429
4175 240989
4176 240601
4177 240901
4178 240429
4179 240438
4180 240471
4181 240255
4182 240351
4183 240381
4184 240449
4185 240311
4186 240179
4187 240126
4188 240619
4189 240509
4190 241007
4191 241196
4192 240964
4193 240887
4194 240545
4195 241057
4196 240899
4197 241430
4198 241162
4199 240829
4200 241837
4201 241286
4202 241344
4203 241892
4204 242347
4205 241958
4206 241611
4207 241698
4208 242021
4209 242095
4210 242745
4211 242399
4212 242939
4213 242734
4214 242915
4215 243114
4216 243016
4217 243738
4218 244040
4219 244277
4220 243899
4221 244195
4222 244176
4223 245319
4224 244745
4225 244641
4226 244819
4227 245464
4228 245532
4229 245263
4230 245223
4231 245213
4232 245597
4233 245612
4234 245314
4235 245124
4236 245144
4237 244726
4238 245176
4239 245345
4240 245013
4241 244784
4242 244173
4243 244613
4244 244582
4245 244131
4246 244574
4247 243394
4248 242953
4249 243572
4250 242959
4251 243083
4252 242434
4253 242740
4254 242185
4255 242174
4256 242499
4257 241717
4258 241723
4259 242204
4260 241858
4261 241698
4262 241563
4263 241321
4264 241191
4265 241496
4266 241102
4267 240771
4268 241316
4269 240722
4270 240662
4271 240500
4272 240461
4273 240853
4274 240674
4275 240438
4276 240631
4277 240037
4278 240511
4279 240904
4280 239988
4281 239793
4282 239963
4283 239964
4284 239769
4285 240115
4286 240104
4287 240140
4288 239754
4289 239505
4290 239788
4291 240193
4292 239548
4293 239509
4294 239959
4295 239852
4296 239154
4297 239810
4298 240059
4299 239523
4300 239947
4301 239291
4302 239776
4303 239387
4304 239597
4305 239662
4306 239718
4307 239644
4308 239879
4309 238949
4310 239425
4311 239390
4312 239262
4313 239290
4314 239105
4315 238940
4316 239406
4317 239455
4318 239136
4319 239463
4320 239220
4321 239589
4322 239129
4323 239378
4324 239330
4325 239203
4326 238605
4327 239280
4328 239119
4329 239228
4330 239139
4331 239001
4332 239407
4333 238920
4334 239218
4335 239172
4336 238642
4337 238535
4338 238921
4339 239053
4340 239270
4341 239418
4342 238966
4343 238533
4344 239044
4345 239067
4346 239209
4347 238922
4348 239051
4349 239141
4350 239698
4351 239011
4352 239144
4353 239157
4354 239223
4355 238912
4356 239721
4357 238696
4358 239089
4359 238808
4360 239063
4361 239379
4362 239218
4363 239071
4364 238695
4365 239059
4366 238958
4367 239083
4368 238602
4369 238952
4370 238946
4371 239596
4372 238866
4373 238765
4374 239018
4375 238699
4376 239265
4377 238714
4378 238428
4379 239018
4380 238771
4381 238501
4382 238680
4383 238973
4384 238956
4385 238661
4386 238765
4387 238489
4388 238814
4389 238533
4390 238438
4391 238703
4392 238319
4393 238434
4394 238602
4395 238743
4396 238480
4397 238675
4398 238416
4399 238872
4400 238970
4401 238371
4402 238760
4403 238511
4404 238748
4405 238827
4406 238197
4407 238592
4408 238395
4409 238641
4410 238615
4411 238263
4412 238841
4413 238831
4414 238454
4415 238712
4416 238186
4417 238455
4418 238613
4419 238770
4420 238126
4421 238904
4422 238696
4423 238360
4424 238428
4425 239032
4426 238318
4427 238564
4428 238664
4429 238499
4430 238491
4431 238791
4432 238181
4433 238529
4434 238581
4435 238303
4436 238093
4437 238618
4438 238644
4439 238076
4440 238761
4441 238544
4442 238277
4443 238729
4444 238332
4445 238089
4446 238019
4447 238686
4448 238623
4449 237966
4450 238302
4451 238564
4452 238650
4453 238506
4454 238554
4455 238150
4456 238347
4457 238045
4458 238598
4459 238884
4460 238579
4461 238471
4462 238653
4463 238533
4464 238408
4465 238171
4466 238081
4467 238037
4468 238085
4469 238774
4470 238665
4471 238126
4472 238287
4473 238498
4474 238867
4475 238575
4476 238497
4477 238817
4478 238653
4479 238381
4480 238285
4481 238176
4482 237871
4483 238132
4484 238265
4485 238484
4486 238205
4487 238202
4488 237901
4489 238198
4490 238513
4491 238432
4492 238430
4493 237975
4494 238030
4495 238663
4496 238046
4497 238453
4498 238442
4499 238518
4500 238622
4501 238495
4502 238902
4503 238416
4504 238246
4505 238403
4506 238321
4507 238323
4508 238756
4509 238513
4510 238181
4511 238609
4512 239166
4513 239233
4514 239022
4515 238827
4516 238562
4517 238201
4518 238433
4519 238310
4520 238714
4521 238644
4522 239328
4523 239285
4524 238328
4525 238563
4526 238565
4527 238717
4528 238891
4529 238760
4530 238555
4531 238553
4532 238530
4533 238593
4534 238650
4535 238875
4536 238710
4537 239138
4538 238311
4539 238434
4540 238388
4541 238834
4542 238551
4543 239213
4544 238744
4545 238732
4546 237885
4547 238741
4548 239109
4549 238749
4550 239324
4551 238492
4552 239269
4553 238451
4554 238809
4555 239103
4556 239128
4557 239110
4558 238788
4559 239150
4560 239067
4561 238862
4562 238584
4563 239263
4564 238553
4565 239126
4566 238737
4567 238599
4568 238670
4569 239376
4570 238513
4571 238922
4572 239077
4573 238745
4574 238951
4575 238563
4576 239025
4577 238970
4578 239113
4579 239132
4580 238806
4581 239023
4582 239112
4583 239190
4584 239656
4585 238861
4586 239024
4587 239409
4588 239096
4589 239075
4590 239736
4591 239422
4592 239048
4593 239322
4594 238974
4595 238959
4596 239604
4597 239310
4598 239220
4599 238890
4600 239689
4601 239220
4602 239096
4603 239573
4604 239714
4605 239344
4606 239295
4607 239602
4608 239316
4609 239582
4610 239207
4611 239699
4612 239458
4613 239759
4614 239954
4615 239209
4616 239653
4617 239143
4618 239773
4619 239906
4620 239633
4621 239957
4622 240111
4623 239811
4624 239662
4625 239566
4626 240139
4627 240133
4628 240041
4629 240030
4630 240379
4631 239918
4632 240796
4633 240194
4634 240450
4635 240304
4636 240485
4637 240406
4638 240416
4639 240810
4640 240743
4641 241039
4642 240879
4643 241195
4644 241058
4645 241826
4646 241059
4647 241121
4648 241680
4649 241296
4650 241789
4651 241504
4652 242252
4653 241995
4654 242565
4655 242284
4656 242725
4657 242866
4658 243298
4659 243590
4660 243224
4661 243748
4662 243988
4663 244065
4664 243764
4665 244334
4666 244018
4667 244738
4668 244776
4669 244967
4670 244937
4671 245031
4672 244637
4673 245425
4674 245201
4675 245096
4676 245215
4677 244851
4678 245218
4679 245688
4680 244929
4681 244745
4682 245179
4683 244222
4684 244277
4685 244104
4686 243910
4687 243843
4688 243424
4689 243200
4690 243294
4691 243232
4692 243248
4693 242745
4694 242026
4695 242643
4696 241579
4697 242342
4698 242014
4699 241698
4700 241879
4701 241959
4702 241777
4703 241659
4704 241492
4705 241535
4706 241727
4707 240917
4708 240944
4709 240877
4710 240906
4711 241377
4712 240903
4713 240837
4714 240469
4715 240741
4716 239954
4717 240254
4718 240138
4719 240123
4720 240226
4721 239887
4722 239954
4723 239951
4724 239844
4725 239949
4726 239923
4727 239590
4728 239920
4729 239801
4730 239963
4731 239714
4732 240399
4733 240126
4734 239485
4735 239882
4736 239828
4737 239873
4738 239686
4739 239464
4740 239709
4741 239312
4742 239699
4743 239372
4744 239557
4745 239286
4746 239828
4747 239582
4748 238727
4749 238940
4750 238855
4751 239399
4752 239062
4753 238993
4754 238887
4755 239189
4756 239221
4757 239634
4758 238997
4759 239173
4760 238866
4761 238932
4762 239266
4763 239450
4764 239109
4765 239296
4766 239522
4767 239010
4768 239568
4769 239106
4770 239078
4771 238830
4772 238664
4773 238977
4774 238990
4775 239154
4776 238358
4777 238617
4778 239466
4779 239220
4780 238580
4781 238995
4782 238815
4783 238858
4784 238713
4785 238480
4786 238802
4787 238899
4788 238774
4789 238842
4790 238999
4791 239186
4792 238649
4793 238775
4794 238856
4795 239182
4796 238613
4797 239129
4798 239255
4799 239383
4800 238754
4801 239090
4802 239122
4803 239125
4804 239331
4805 239384
4806 238773
4807 239016
4808 239448
4809 238653
4810 239231
4811 239297
4812 239416
4813 238890
4814 239817
4815 239481
4816 239416
4817 238885
4818 239222
4819 238945
4820 239274
4821 239105
4822 238883
4823 239385
4824 239114
4825 238918
4826 239229
4827 239246
4828 239393
4829 239290
4830 238973
4831 239149
4832 239017
4833 239028
4834 239596
4835 238810
4836 239097
4837 239505
4838 239334
4839 239141
4840 239376
4841 239561
4842 238934
4843 238833
4844 239179
4845 239303
4846 238866
4847 239173
4848 239568
4849 239044
4850 239327
4851 239113
4852 239412
4853 239073
4854 239349
4855 239042
4856 239110
4857 239569
4858 239456
4859 239090
4860 239385
4861 239136
4862 239571
4863 239142
4864 239491
4865 240127
4866 239549
4867 239268
4868 239479
4869 239770
4870 239857
4871 239321
4872 239453
4873 239559
4874 239016
4875 239625
4876 239747
4877 239114
4878 239666
4879 239364
4880 240112
4881 239984
4882 239847
4883 239475
4884 239941
4885 239480
4886 239460
4887 239684
4888 239580
4889 239610
4890 239572
4891 239520
4892 239198
4893 239700
4894 239053
4895 239637
4896 239400
4897 239413
4898 239824
4899 239523
4900 239032
4901 239195
4902 239100
4903 239498
4904 239237
4905 239031
4906 239097
4907 238855
4908 238968
4909 238834
4910 239200
4911 239625
4912 239509
4913 239484
4914 239429
4915 239746
4916 239510
4917 239306
4918 239037
4919 239630
4920 239546
4921 239803
4922 239286
4923 239034
4924 239530
4925 239005
4926 239521
4927 239000
4928 239294
4929 239555
4930 239374
4931 240034
4932 239212
4933 239482
4934 239865
4935 239297
4936 239575
4937 239873
4938 239955
4939 239670
4940 239419
4941 239566
4942 239412
4943 239422
4944 239684
4945 239299
4946 239531
4947 239711
4948 240392
4949 239870
4950 239626
4951 240383
4952 239731
4953 239967
4954 239552
4955 239859
4956 239435
4957 239662
4958 239456
4959 239586
4960 239705
4961 240203
4962 239647
4963 239003
4964 239988
4965 239631
4966 240032
4967 239963
4968 239392
4969 239813
4970 239864
4971 239832
4972 239897
4973 239462
4974 239571
4975 239983
4976 239907
4977 239446
4978 239996
4979 239789
4980 239666
4981 239558
4982 239757
4983 239181
4984 239707
4985 240214
4986 239537
4987 239154
4988 239461
4989 239681
4990 239357
4991 239297
4992 239232
4993 239275
4994 239174
4995 239193
4996 240018
4997 239393
4998 239820
4999 239493
5000 239458
5001 239623
5002 239478
5003 239662
5004 239626
5005 239291
5006 239279
5007 239751
5008 239021
5009 239627
5010 239797
5011 239209
5012 239257
5013 239287
5014 239351
5015 239522
5016 239723
5017 239584
5018 239671
5019 239773
5020 239590
5021 240111
5022 239673
5023 239575
5024 239302
5025 239538
5026 239299
5027 239830
5028 239292
5029 239934
5030 239726
5031 239397
5032 239753
5033 239461
5034 239458
5035 239640
5036 239471
5037 240054
5038 239693
5039 239812
5040 240040
5041 240364
5042 239824
5043 239997
5044 239755
5045 239612
5046 239629
5047 239934
5048 240079
5049 239926
5050 240239
5051 239703
5052 239843
5053 239889
5054 239831
5055 239499
5056 239902
5057 240077
5058 240181
5059 239989
5060 239927
5061 239754
5062 239987
5063 239991
5064 239556
5065 239642
5066 240039
5067 239742
5068 239886
5069 239986
5070 240078
5071 240012
5072 240030
5073 239899
5074 240033
5075 240168
5076 240163
5077 240223
5078 240425
5079 239896
5080 240016
5081 240060
5082 240508
5083 240018
5084 240197
5085 240248
5086 240033
5087 240316
5088 240042
5089 240285
5090 240097
5091 239902
5092 240137
5093 240294
5094 239864
5095 239963
5096 240009
5097 239911
5098 240409
5099 240270
5100 240271
5101 239939
5102 240135
5103 240108
5104 240295
5105 239973
5106 240015
5107 240207
5108 240084
5109 239836
5110 240214
5111 240085
5112 240335
5113 240668
5114 240399
5115 240150
5116 240083
5117 240358
5118 240009
5119 240442
5120 240000
5121 239862
5122 240015
5123 240385
5124 240399
5125 240087
5126 240473
5127 240448
5128 239936
5129 240325
5130 240255
5131 240565
5132 240456
5133 240214
5134 240296
5135 239803
5136 240320
5137 240347
5138 240128
5139 240984
5140 239852
5141 240196
5142 240390
5143 241068
5144 240408
5145 240914
5146 240440
5147 240887
5148 240525
5149 240583
5150 240900
5151 240559
5152 240145
5153 240228
5154 240819
5155 241055
5156 240896
5157 240420
5158 240514
5159 240716
5160 240442
5161 240814
5162 240432
5163 240505
5164 240644
5165 240892
5166 240457
5167 240584
5168 240498
5169 240902
5170 240587
5171 240604
5172 240452
5173 240782
5174 240646
5175 240615
5176 240650
5177 240943
5178 240780
5179 240531
5180 240857
5181 240655
5182 240768
5183 240907
5184 240774
5185 241336
5186 241123
5187 241554
5188 241225
5189 240861
5190 241111
5191 241293
5192 241238
5193 241564
5194 241646
5195 242132
5196 241612
5197 241822
5198 241794
5199 241763
5200 241806
5201 241685
5202 242017
5203 241823
5204 242029
5205 241797
5206 242781
5207 242065
5208 243254
5209 242618
5210 242988
5211 242987
5212 242932
5213 243661
5214 243660
5215 243857
5216 243986
5217 243923
5218 244526
5219 244620
5220 245361
5221 244161
5222 245172
5223 245341
5224 245206
5225 245353
5226 245163
5227 245167
5228 245673
5229 245582
5230 245830
5231 246329
5232 245868
5233 245957
5234 245580
5235 245984
5236 245211
5237 245466
5238 245291
5239 245665
5240 244662
5241 244789
5242 244518
5243 244321
5244 244602
5245 244316
5246 244547
5247 243801
5248 244048
5249 243462
5250 243396
5251 243059
5252 243322
5253 243052
5254 242800
5255 242599
5256 242476
5257 242516
5258 242416
5259 242028
5260 242668
5261 241979
5262 242248
5263 241863
5264 242360
5265 241565
5266 242204
5267 241665
5268 241812
5269 241491
5270 241403
5271 241599
5272 240971
5273 241361
5274 241016
5275 241249
5276 241144
5277 241303
5278 241033
5279 241358
5280 241045
5281 240964
5282 241214
5283 241286
5284 241046
5285 240878
5286 241144
5287 240606
5288 241309
5289 241381
5290 240793
5291 240612
5292 240344
5293 241203
5294 241060
5295 240585
5296 240845
5297 240592
5298 240831
5299 241028
5300 240795
5301 240923
5302 240662
5303 241027
5304 240980
5305 240776
5306 240663
5307 241074
5308 241199
5309 240664
5310 240683
5311 240564
5312 240610
5313 240567
5314 240604
5315 240814
5316 240339
5317 240753
5318 240586
5319 240238
5320 240804
5321 240435
5322 240621
5323 240664
5324 240702
5325 240397
5326 240167
5327 240422
5328 240585
5329 240520
5330 240301
5331 240804
5332 240348
5333 240306
5334 240500
5335 240050
5336 240127
5337 240278
5338 239827
5339 240073
5340 239793
5341 240038
5342 240246
5343 240484
5344 240207
5345 240223
5346 240157
5347 239759
5348 240526
5349 239956
5350 239992
5351 239700
5352 239993
5353 239754
5354 240015
5355 240005
5356 240165
5357 239873
5358 239598
5359 239692
5360 239718
5361 240078
5362 240414
5363 240100
5364 239756
5365 239324
5366 239685
5367 239442
5368 239650
5369 240056
5370 239602
5371 239489
5372 239897
5373 239860
5374 240426
5375 240109
5376 239379
5377 240081
5378 239580
5379 239803
5380 239372
5381 239572
5382 239989
5383 239899
5384 239941
5385 240044
5386 240046
5387 240037
5388 239266
5389 239602
5390 239634
5391 239518
5392 238986
5393 239959
5394 239316
5395 239079
5396 239171
5397 239846
5398 239415
5399 239272
5400 239549
5401 239926
5402 239278
5403 239548
5404 239443
5405 239756
5406 239240
5407 239751
5408 239110
5409 239532
5410 239082
5411 239349
5412 239441
5413 239279
5414 239619
5415 239114
5416 239916
5417 239429
5418 239584
5419 239100
5420 239536
5421 239584
5422 239137
5423 240035
5424 239332
5425 239027
5426 239247
5427 239636
5428 239625
5429 239745
5430 239918
5431 239778
5432 238998
5433 239578
5434 239730
5435 239155
5436 239513
5437 239514
5438 239376
5439 239034
5440 239416
5441 239935
5442 238998
5443 239377
5444 239445
5445 239252
5446 239768
5447 239761
5448 239786
5449 239508
5450 239047
5451 240184
5452 239395
5453 239511
5454 239193
5455 239508
5456 239743
5457 239629
5458 239330
5459 239525
5460 239827
5461 239522
5462 239536
5463 239090
5464 239554
5465 239670
5466 239739
5467 239544
5468 239376
5469 239645
5470 239374
5471 239483
5472 239373
5473 239367
5474 239442
5475 238994
5476 239446
5477 239430
5478 239346
5479 239512
5480 239160
5481 238972
5482 239110
5483 239143
5484 238879
5485 239550
5486 239026
5487 239638
5488 239180
5489 239335
5490 238748
5491 238971
5492 238620
5493 238581
5494 239252
5495 239145
5496 239291
5497 239312
5498 239592
5499 239386
5500 239270
5501 239116
5502 239860
5503 239253
5504 239231
5505 239613
5506 239194
5507 239443
5508 239218
5509 239215
5510 239211
5511 239367
5512 239334
5513 239440
5514 239502
5515 239100
5516 238695
5517 239629
5518 239504
5519 239473
5520 239421
5521 239762
5522 239610
5523 239571
5524 239584
5525 239535
5526 239647
5527 239803
5528 240134
5529 239136
5530 240036
5531 239403
5532 239249
5533 239975
5534 239649
5535 239884
5536 239625
5537 239261
5538 239491
5539 239667
5540 239759
5541 239716
5542 239653
5543 239327
5544 239495
5545 239917
5546 239912
5547 239680
5548 239319
5549 239857
5550 239384
5551 239697
5552 239136
5553 239642
5554 239633
5555 239095
5556 239141
5557 238915
5558 239533
5559 239490
5560 239456
5561 239299
5562 239494
5563 239031
5564 239504
5565 239187
5566 239602
5567 239836
5568 239762
5569 239129
5570 239321
5571 239480
5572 239686
5573 240172
5574 239881
5575 239374
5576 239235
5577 239901
5578 239503
5579 238958
5580 239950
5581 239257
5582 240121
5583 239464
5584 239768
5585 239456
5586 239732
5587 239802
5588 239295
5589 239000
5590 239725
5591 239882
5592 239548
5593 239798
5594 239487
5595 240052
5596 240207
5597 239920
5598 240085
5599 239900
5600 239922
5601 240023
5602 240060
5603 240002
5604 239531
5605 240437
5606 239909
5607 240144
5608 240349
5609 239845
5610 240398
5611 240660
5612 240346
5613 240096
5614 240307
5615 240524
5616 240253
5617 240058
5618 240445
5619 240723
5620 240315
5621 240571
5622 240669
5623 240578
5624 240674
5625 240789
5626 240470
5627 240566
5628 240727
5629 240691
5630 240510
5631 241083
5632 240617
5633 240831
5634 240832
5635 241394
5636 240890
5637 240917
5638 240870
5639 241158
5640 241543
5641 241113
5642 241633
5643 241496
5644 241578
5645 241830
5646 242187
5647 241872
5648 242106
5649 242059
5650 241963
5651 242330
5652 242377
5653 242451
5654 242872
5655 242287
5656 242956
5657 242642
5658 243201
5659 242786
5660 243749
5661 243450
5662 243055
5663 244116
5664 244272
5665 243945
5666 243807
5667 244177
5668 244346
5669 244722
5670 244311
5671 244998
5672 244375
5673 244429
5674 245092
5675 244677
5676 244742
5677 244988
5678 244481
5679 244832
5680 244511
5681 244497
5682 244399
5683 244515
5684 244476
5685 244309
5686 244103
5687 243966
5688 244400
5689 244018
5690 243470
5691 244189
5692 243375
5693 244035
5694 244006
5695 243276
5696 243134
5697 243342
5698 243515
5699 242863
5700 243218
5701 242637
5702 242427
5703 242706
5704 242862
5705 242304
5706 242151
5707 242699
5708 242112
5709 242163
5710 241985
5711 242170
5712 241962
5713 242097
5714 241624
5715 241834
5716 241566
5717 241820
5718 241668
5719 240868
5720 241302
5721 241523
5722 241550
5723 241096
5724 241186
5725 241010
5726 241373
5727 240455
5728 241111
5729 241060
5730 241232
5731 240799
5732 240895
5733 241180
5734 241284
5735 241293
5736 241297
5737 241000
5738 241843
5739 240715
5740 241058
5741 241076
5742 241394
5743 241266
5744 241351
5745 241259
5746 241399
5747 241493
5748 240952
5749 241046
5750 240693
5751 240674
5752 240516
5753 240663
5754 240786
5755 241199
5756 241211
5757 241078
5758 241088
5759 241256
5760 240801
5761 240842
5762 240869
5763 241346
5764 240612
5765 240900
5766 240830
5767 240684
5768 241285
5769 240896
5770 240908
5771 241020
5772 240877
5773 240956
5774 240691
5775 240890
5776 240743
5777 241041
5778 240478
5779 240369
5780 240929
5781 240817
5782 240946
5783 240428
5784 240821
5785 240591
5786 241165
5787 241045
5788 240735
5789 240728
5790 241130
5791 241162
5792 240809
5793 241079
5794 241646
5795 240804
5796 240648
5797 241279
5798 241591
5799 240640
5800 241020
5801 241024
5802 241417
5803 241476
5804 241089
5805 240774
5806 241196
5807 241242
5808 240852
5809 240921
5810 241177
5811 241120
5812 241372
5813 241205
5814 240915
5815 241494
5816 240781
5817 241139
5818 241174
5819 240812
5820 241119
5821 241229
5822 241165
5823 241784
5824 241560
5825 241326
5826 241264
5827 241585
5828 241285
5829 240860
5830 241602
5831 241189
5832 241314
5833 240742
5834 241189
5835 241556
5836 241438
5837 241190
5838 241094
5839 241412
5840 241380
5841 241283
5842 241103
5843 241640
5844 241394
5845 241339
5846 241292
5847 241388
5848 241363
5849 241540
5850 241204
5851 241475
5852 241570
5853 240987
5854 241067
5855 240837
5856 241264
5857 240832
5858 241231
5859 241270
5860 241237
5861 241761
5862 240816
5863 241257
5864 241182
5865 240828
5866 240543
5867 241519
5868 240834
5869 241182
5870 240949
5871 241474
5872 241214
5873 240840
5874 240475
5875 240851
5876 240952
5877 241050
5878 240932
5879 240921
5880 240657
5881 241141
5882 241174
5883 241012
5884 240683
5885 241192
5886 240786
5887 240948
5888 240934
5889 241174
5890 240706
5891 240882
5892 240470
5893 240780
5894 240945
5895 241000
5896 240798
5897 240830
5898 241043
5899 240769
5900 240809
5901 240371
5902 241069
5903 240724
5904 240192
5905 241148
5906 240597
5907 240836
5908 240704
5909 241068
5910 240970
5911 241111
5912 240236
5913 240676
5914 240610
5915 241062
5916 240599
5917 240982
5918 240660
5919 240851
5920 241096
5921 241346
5922 241064
5923 241231
5924 241274
5925 241458
5926 241319
5927 241525
5928 241150
5929 241266
5930 240876
5931 241189
5932 241016
5933 241674
5934 241449
5935 241494
5936 241343
5937 240956
5938 241238
5939 241606
5940 241335
5941 240685
5942 241403
5943 241400
5944 241727
5945 241586
5946 241522
5947 241489
5948 241702
5949 241139
5950 241492
5951 242253
5952 242079
5953 242071
5954 242108
5955 242297
5956 242415
5957 242769
5958 242169
5959 242736
5960 242656
5961 243231
5962 242995
5963 242936
5964 242534
5965 242458
5966 242970
5967 242980
5968 242920
5969 242502
5970 242457
5971 242804
5972 242604
5973 242782
5974 242078
5975 242587
5976 242338
5977 242717
5978 242130
5979 242582
5980 241953
5981 241725
5982 241690
5983 242427
5984 242135
5985 241866
5986 241697
5987 241903
5988 242281
5989 242028
5990 241587
5991 241547
5992 241926
5993 242124
5994 241552
5995 241963
5996 241500
5997 241894
5998 241926
5999 241625
6000 241580
6001 241810
6002 241516
6003 241980
6004 242038
6005 241773
6006 242729
6007 241475
6008 241501
6009 241449
6010 241592
6011 241529
6012 241870
6013 241979
6014 241521
6015 241716
6016 241954
6017 241713
6018 241312
6019 240992
6020 240870
6021 240972
6022 241156
6023 241140
6024 241395
6025 241119
6026 240745
6027 240772
6028 241410
6029 241027
6030 241336
6031 240858
6032 240490
6033 241101
6034 240982
6035 240815
6036 240938
6037 240438
6038 241029
6039 240821
6040 240806
6041 240753
6042 241036
6043 240451
6044 240982
6045 241124
6046 239892
6047 240927
6048 240593
6049 241149
6050 240948
6051 240845
6052 240224
6053 240719
6054 240625
6055 240506
6056 241105
6057 241124
6058 241099
6059 241058
6060 240976
6061 240967
6062 241441
6063 241041
6064 241179
6065 241156
6066 240797
6067 241235
6068 241096
6069 241557
6070 241452
6071 241106
6072 241433
6073 241151
6074 240907
