H11890
GateTime 10
GateNumber 0
SN 30430302
0 137992
1 137349
2 136882
3 137859
4 137514
5 137379
6 137487
7 137635
8 137697
9 137130
10 136932
11 137520
12 137337
13 137437
14 137192
15 137424
16 137560
17 137171
18 137721
19 137479
20 137623
21 137450
22 137593
23 137487
24 137845
25 137827
26 138050
27 138211
28 137639
29 137710
30 137176
31 137884
32 137547
33 137782
34 137453
35 137423
36 137413
37 137799
38 137839
39 137763
40 137657
41 137255
42 137770
43 137246
44 137812
45 137606
46 137613
47 137714
48 137666
49 137376
50 137485
51 138027
52 138217
53 137691
54 137692
55 138135
56 138104
57 138282
58 138107
59 137723
60 138009
61 138526
62 138594
63 138557
64 138155
65 138767
66 139384
67 139046
68 138924
69 138874
70 139528
71 139190
72 138977
73 138907
74 139511
75 140106
76 139924
77 139736
78 139885
79 140154
80 140603
81 140535
82 140170
83 141219
84 141587
85 141782
86 141737
87 141865
88 141832
89 141781
90 141948
91 142079
92 142859
93 142723
94 143051
95 143402
96 143817
97 143547
98 144152
99 144225
100 144095
101 144572
102 144541
103 144306
104 144431
105 144720
106 144287
107 144678
108 144395
109 144882
110 144735
111 144545
112 144312
113 144032
114 143354
115 143548
116 143225
117 143409
118 142881
119 141847
120 142481
121 142475
122 141894
123 141833
124 141970
125 140889
126 141325
127 141051
128 140790
129 140352
130 140910
131 140064
132 139716
133 139797
134 140260
135 139840
136 139349
137 139549
138 139556
139 139105
140 139336
141 139394
142 139386
143 138972
144 139287
145 138754
146 138270
147 138978
148 138565
149 138708
150 138606
151 138529
152 137849
153 137796
154 138340
155 138507
156 138283
157 138439
158 138046
159 137688
160 138294
161 138382
162 138503
163 138393
164 137589
165 138351
166 138082
167 138062
168 138306
169 137461
170 138170
171 138204
172 137502
173 137503
174 138138
175 137884
176 137543
177 137998
178 138319
179 138211
180 137641
181 138038
182 137708
183 137897
184 137619
185 137727
186 137903
187 138279
188 137929
189 137925
190 138183
191 138186
192 137536
193 138354
194 137926
195 138126
196 138001
197 138264
198 137923
199 138020
200 138345
201 138764
202 138016
203 138393
204 138396
205 138378
206 138477
207 137996
208 138875
209 138374
210 137842
211 137950
212 138252
213 137908
214 137970
215 137878
216 138234
217 137644
218 137881
219 137783
220 137908
221 137515
222 138334
223 137788
224 137847
225 137780
226 138009
227 137869
228 138024
229 137724
230 137718
231 137590
232 137839
233 138206
234 137737
235 137477
236 137901
237 137599
238 138235
239 138061
240 138104
241 137898
242 137713
243 137521
244 137244
245 137479
246 137829
247 138180
248 137579
249 138075
250 137677
251 138210
252 137651
253 138206
254 137555
255 137233
256 137169
257 137567
258 137349
259 137453
260 137260
261 138102
262 137938
263 137768
264 137174
265 137947
266 137776
267 137285
268 137362
269 138071
270 137994
271 137634
272 137356
273 138306
274 137510
275 137644
276 137468
277 137899
278 138251
279 138045
280 138147
281 137958
282 137992
283 137476
284 137764
285 137882
286 137612
287 137584
288 138060
289 137631
290 137798
291 138158
292 138345
293 138543
294 138285
295 137711
296 137884
297 137771
298 138353
299 138208
300 137733
301 137621
302 137818
303 138300
304 138405
305 138102
306 138112
307 138049
308 138498
309 138700
310 138090
311 137913
312 137951
313 137895
314 137882
315 138589
316 138673
317 138494
318 138075
319 138589
320 138484
321 138260
322 138481
323 138902
324 138343
325 138394
326 138709
327 138659
328 138776
329 138870
330 138521
331 138484
332 138233
333 138251
334 138324
335 138467
336 138300
337 138296
338 138505
339 138023
340 138596
341 138614
342 138087
343 138096
344 139155
345 138810
346 138415
347 139102
348 138419
349 138749
350 138646
351 138600
352 138286
353 138108
354 138463
355 138797
356 138205
357 138596
358 137675
359 138113
360 138435
361 138029
362 138485
363 138318
364 138196
365 139016
366 138264
367 138325
368 138476
369 138356
370 138604
371 138774
372 138832
373 138248
374 138918
375 138391
376 138715
377 138535
378 138157
379 138283
380 139045
381 138583
382 138210
383 138411
384 138206
385 138923
386 138265
387 138445
388 138212
389 137754
390 137798
391 138498
392 138326
393 138763
394 138154
395 138736
396 138559
397 138788
398 138611
399 138033
400 138580
401 137927
402 138207
403 138281
404 138402
405 138588
406 138587
407 138847
408 138165
409 138549
410 138644
411 138438
412 138938
413 138489
414 138687
415 138322
416 138270
417 138403
418 138511
419 137924
420 138328
421 138181
422 138697
423 138190
424 138504
425 138284
426 137979
427 138172
428 138314
429 138180
430 138080
431 138365
432 137883
433 138241
434 138366
435 138122
436 138512
437 138504
438 138783
439 138443
440 138695
441 138657
442 138370
443 138699
444 138576
445 138227
446 138807
447 138686
448 138383
449 138329
450 138107
451 138436
452 138754
453 138638
454 138902
455 138103
456 138799
457 138952
458 138602
459 138431
460 138614
461 138549
462 139102
463 138327
464 138263
465 138336
466 138738
467 138992
468 138396
469 138321
470 138565
471 138621
472 138830
473 138533
474 138778
475 138815
476 139177
477 139183
478 138282
479 138772
480 138455
481 138683
482 138995
483 139120
484 138973
485 138786
486 138852
487 138758
488 138642
489 138491
490 138784
491 138788
492 138904
493 139119
494 139029
495 138568
496 138808
497 138385
498 138766
499 139138
500 139280
501 138852
502 138415
503 138882
504 138717
505 139579
506 139071
507 138509
508 138409
509 138960
510 138547
511 138552
512 138566
513 139102
514 138841
515 139181
516 139217
517 139111
518 139030
519 139139
520 138992
521 138757
522 139177
523 139266
524 138540
525 139189
526 138856
527 138842
528 138985
529 139027
530 138605
531 138843
532 139260
533 138913
534 139111
535 138720
536 139499
537 139129
538 139320
539 139385
540 138929
541 138832
542 139206
543 138860
544 138609
545 139023
546 138549
547 138672
548 138443
549 138719
550 138884
551 139109
552 138907
553 138460
554 138776
555 139331
556 139067
557 139070
558 138777
559 138869
560 139079
561 138911
562 139305
563 138930
564 138997
565 139144
566 139110
567 139301
568 139192
569 139331
570 139119
571 139356
572 139485
573 139217
574 139455
575 139315
576 138776
577 138816
578 139447
579 139307
580 139957
581 139504
582 139801
583 139560
584 139130
585 139502
586 139453
587 139485
588 139835
589 139667
590 139514
591 139430
592 139832
593 139918
594 139963
595 139984
596 139683
597 140022
598 139529
599 140151
600 140233
601 139941
602 140218
603 140167
604 140537
605 140597
606 140743
607 140351
608 140896
609 140743
610 141290
611 141065
612 140901
613 141397
614 141188
615 141345
616 141959
617 141270
618 141974
619 142001
620 142097
621 142330
622 142159
623 142562
624 143149
625 142894
626 143503
627 143649
628 144186
629 144059
630 144240
631 143951
632 144186
633 144303
634 144505
635 144456
636 144841
637 144864
638 145374
639 144973
640 145227
641 145376
642 145457
643 144897
644 144450
645 144551
646 144725
647 144665
648 144308
649 144794
650 144084
651 144057
652 143246
653 143138
654 143084
655 142777
656 142755
657 142393
658 142400
659 142207
660 141921
661 142052
662 141913
663 142348
664 141506
665 141406
666 141207
667 140671
668 141180
669 140487
670 140665
671 140487
672 140838
673 140265
674 140258
675 140358
676 140270
677 139980
678 139965
679 139891
680 140497
681 139624
682 139537
683 139373
684 139476
685 140305
686 139436
687 139578
688 139646
689 139707
690 139537
691 139344
692 139587
693 139513
694 139193
695 139468
696 139286
697 138974
698 139069
699 139437
700 139140
701 138856
702 138938
703 139073
704 139413
705 139037
706 138865
707 138814
708 139020
709 138791
710 139105
711 139075
712 138716
713 138447
714 138685
715 138824
716 138749
717 138496
718 139251
719 138519
720 138866
721 138634
722 139151
723 138558
724 138429
725 138939
726 138573
727 138838
728 137875
729 138358
730 138885
731 138410
732 138315
733 138859
734 138402
735 138978
736 138291
737 138236
738 138529
739 138162
740 138635
741 138602
742 138770
743 138439
744 138628
745 138563
746 138658
747 138983
748 137969
749 138216
750 138647
751 138220
752 138520
753 138030
754 138414
755 138070
756 138091
757 137924
758 138526
759 138108
760 137961
761 138581
762 138509
763 138358
764 138093
765 138214
766 138086
767 138589
768 137967
769 138269
770 138590
771 138153
772 137904
773 137773
774 138228
775 138028
776 138095
777 138297
778 138196
779 137717
780 137654
781 137968
782 138631
783 137945
784 137877
785 138277
786 137828
787 137761
788 138656
789 138257
790 137944
791 138134
792 138348
793 137996
794 138130
795 138292
796 138408
797 138317
798 137458
799 138149
800 137809
801 137789
802 137878
803 138336
804 137954
805 137782
806 137895
807 138102
808 137757
809 137859
810 137804
811 138308
812 137461
813 137712
814 137976
815 138250
816 138203
817 138003
818 138007
819 137900
820 137871
821 137623
822 137758
823 137997
824 137965
825 138116
826 138117
827 137851
828 137987
829 137776
830 137890
831 137541
832 137967
833 137851
834 137566
835 137696
836 137620
837 137606
838 137592
839 137543
840 137666
841 137499
842 137751
843 137464
844 137248
845 137772
846 137613
847 137451
848 137496
849 137771
850 137244
851 137831
852 137778
853 137445
854 137323
855 137413
856 137702
857 137679
858 137416
859 137197
860 137497
861 137873
862 137424
863 137840
864 138065
865 137288
866 137917
867 137564
868 138175
869 137303
870 137622
871 137159
872 137590
873 137292
874 137516
875 138035
876 136945
877 137304
878 138020
879 137399
880 138171
881 137737
882 137969
883 137247
884 137129
885 137437
886 137150
887 137520
888 137991
889 137809
890 137268
891 137201
892 137768
893 137428
894 137464
895 137682
896 137316
897 137433
898 137779
899 137840
900 137810
901 137549
902 137464
903 137413
904 137248
905 137899
906 136981
907 137416
908 138032
909 137498
910 137573
911 137599
912 137526
913 137696
914 137559
915 137704
916 137687
917 137702
918 138285
919 137972
920 137483
921 137882
922 138185
923 137624
924 137859
925 138010
926 137825
927 137756
928 137403
929 137688
930 137587
931 138087
932 137573
933 138014
934 137696
935 138027
936 137643
937 138378
938 138202
939 137915
940 137452
941 137949
942 138274
943 138232
944 137871
945 138402
946 138014
947 138076
948 137745
949 138108
950 138635
951 137672
952 138333
953 138000
954 138039
955 137695
956 137906
957 138070
958 137844
959 137872
960 138226
961 137420
962 137796
963 137653
964 138463
965 138251
966 137734
967 137727
968 138424
969 138310
970 138303
971 138495
972 138464
973 138747
974 138654
975 138012
976 138247
977 138325
978 138383
979 138161
980 137933
981 138869
982 138533
983 138556
984 138159
985 138105
986 137922
987 138946
988 138780
989 137932
990 138120
991 138210
992 138033
993 138558
994 138068
995 138018
996 138367
997 137883
998 138376
999 138433
1000 138916
1001 138672
1002 138539
1003 137707
1004 137816
1005 138390
1006 138332
1007 138574
1008 138441
1009 138079
1010 137855
1011 138377
1012 138490
1013 138379
1014 138136
1015 138354
1016 138104
1017 138339
1018 138147
1019 138582
1020 138437
1021 138594
1022 138401
1023 138490
1024 138328
1025 138418
1026 139100
1027 138692
1028 138254
1029 138410
1030 138484
1031 138085
1032 138729
1033 138958
1034 138381
1035 138210
1036 138875
1037 138478
1038 138387
1039 138922
1040 138494
1041 138369
1042 138698
1043 139080
1044 138977
1045 138974
1046 139231
1047 138774
1048 138912
1049 139168
1050 139117
1051 138940
1052 139699
1053 139100
1054 139078
1055 139827
1056 138993
1057 140015
1058 139337
1059 139650
1060 139613
1061 139904
1062 139257
1063 139467
1064 139848
1065 139416
1066 139979
1067 139812
1068 139493
1069 139911
1070 139645
1071 140085
1072 139878
1073 140409
1074 140397
1075 139873
1076 140223
1077 140924
1078 140317
1079 140283
1080 140968
1081 141334
1082 141844
1083 141733
1084 140865
1085 141999
1086 141422
1087 142098
1088 141588
1089 141968
1090 142444
1091 142718
1092 143200
1093 143108
1094 143008
1095 143691
1096 143199
1097 144080
1098 144123
1099 144223
1100 144260
1101 144792
1102 144557
1103 145174
1104 144852
1105 144675
1106 145443
1107 145135
1108 144762
1109 144818
1110 144844
1111 144783
1112 144912
1113 144616
1114 144628
1115 144657
1116 144096
1117 144618
1118 143631
1119 143466
1120 142713
1121 143259
1122 142685
1123 142855
1124 142269
1125 142391
1126 142302
1127 141994
1128 141953
1129 141450
1130 141694
1131 141598
1132 141314
1133 140912
1134 141116
1135 140608
1136 140487
1137 140459
1138 140245
1139 140827
1140 140279
1141 140581
1142 140185
1143 140465
1144 140380
1145 140174
1146 139954
1147 139557
1148 140137
1149 139887
1150 140224
1151 140052
1152 139944
1153 139712
1154 139620
1155 139542
1156 138809
1157 139647
1158 139282
1159 139596
1160 139438
1161 139312
1162 139421
1163 139178
1164 138664
1165 139512
1166 139620
1167 138706
1168 138698
1169 139417
1170 139110
1171 138816
1172 138915
1173 138615
1174 139254
1175 139548
1176 139275
1177 139153
1178 139273
1179 139049
1180 139203
1181 139361
1182 139012
1183 139107
1184 139283
1185 138673
1186 139188
1187 138931
1188 139028
1189 138195
1190 138915
1191 139167
1192 138989
1193 139075
1194 138932
1195 138943
1196 138489
1197 138797
1198 139004
1199 139050
1200 139257
1201 139197
1202 139021
1203 138967
1204 138871
1205 138552
1206 138835
1207 139310
1208 139464
1209 138757
1210 139314
1211 138810
1212 138581
1213 139504
1214 138945
1215 138996
1216 139433
1217 139367
1218 138575
1219 139143
1220 139280
1221 138988
1222 139332
1223 139353
1224 139293
1225 139313
1226 139379
1227 139429
1228 139373
1229 138555
1230 139293
1231 138718
1232 138554
1233 139143
1234 139394
1235 139543
1236 139577
1237 138703
1238 139080
1239 139647
1240 139509
1241 139109
1242 139307
1243 139759
1244 139087
1245 139138
1246 139372
1247 139069
1248 138936
1249 139414
1250 139014
1251 138943
1252 139122
1253 139133
1254 138745
1255 139001
1256 138691
1257 138708
1258 138896
1259 139076
1260 139396
1261 139214
1262 138780
1263 138940
1264 139614
1265 139473
1266 138895
1267 138690
1268 138899
1269 139143
1270 138494
1271 138591
1272 139056
1273 138869
1274 139261
1275 139409
1276 139321
1277 138946
1278 138643
1279 138611
1280 138938
1281 138902
1282 138715
1283 138653
1284 138638
1285 139304
1286 139482
1287 138444
1288 139079
1289 138636
1290 139376
1291 138992
1292 139181
1293 138904
1294 138909
1295 139419
1296 138590
1297 139254
1298 139268
1299 139081
1300 139079
1301 139349
1302 139345
1303 139600
1304 138812
1305 139074
1306 139288
1307 139436
1308 139320
1309 139024
1310 139234
1311 139512
1312 139147
1313 139388
1314 138964
1315 139272
1316 138583
1317 138824
1318 139232
1319 138827
1320 139118
1321 139127
1322 138710
1323 139476
1324 138894
1325 138928
1326 139153
1327 138400
1328 139021
1329 139567
1330 138455
1331 139090
1332 139439
1333 139482
1334 139140
1335 138991
1336 139224
1337 139401
1338 139544
1339 139159
1340 139115
1341 139224
1342 139067
1343 139366
1344 139024
1345 139233
1346 138517
1347 138708
1348 139233
1349 138954
1350 139172
1351 139195
1352 139439
1353 139318
1354 138963
1355 138959
1356 139257
1357 139497
1358 139132
1359 139271
1360 138735
1361 139069
1362 139327
1363 139208
1364 139062
1365 138938
1366 139289
1367 139041
1368 138899
1369 139650
1370 138957
1371 139368
1372 139451
1373 139153
1374 139358
1375 139290
1376 139251
1377 139567
1378 139126
1379 139241
1380 139407
1381 139058
1382 139000
1383 139320
1384 139651
1385 138953
1386 139334
1387 139681
1388 139198
1389 139911
1390 139209
1391 139289
1392 139298
1393 139238
1394 139355
1395 139564
1396 139282
1397 139155
1398 138935
1399 139763
1400 139303
1401 139677
1402 139417
1403 139182
1404 139258
1405 139492
1406 139226
1407 139227
1408 138888
1409 139099
1410 138841
1411 139253
1412 139004
1413 139386
1414 139454
1415 139519
1416 139148
1417 139204
1418 139235
1419 138900
1420 139315
1421 138837
1422 139073
1423 139386
1424 138620
1425 139343
1426 139290
1427 139185
1428 139157
1429 139320
1430 139621
1431 138487
1432 139357
1433 139195
1434 139574
1435 139597
1436 139122
1437 139374
1438 139226
1439 139512
1440 139138
1441 139299
1442 139563
1443 139456
1444 139120
1445 139082
1446 139598
1447 139680
1448 139341
1449 139661
1450 139587
1451 139684
1452 139601
1453 139597
1454 139565
1455 139363
1456 139464
1457 139354
1458 139315
1459 139732
1460 139886
1461 139171
1462 139195
1463 139379
1464 139960
1465 138910
1466 139424
1467 139578
1468 139192
1469 139230
1470 139203
1471 139050
1472 139275
1473 139508
1474 139858
1475 140031
1476 139511
1477 139287
1478 139202
1479 139093
1480 139353
1481 139556
1482 139867
1483 139313
1484 139729
1485 139272
1486 139661
1487 139468
1488 139290
1489 139064
1490 139421
1491 139042
1492 139165
1493 139199
1494 139308
1495 138889
1496 139426
1497 138672
1498 138667
1499 138732
1500 139214
1501 139450
1502 139343
1503 138739
1504 139188
1505 139305
1506 138914
1507 138972
1508 138883
1509 139061
1510 139885
1511 139256
1512 139333
1513 138874
1514 139222
1515 139244
1516 138737
1517 139236
1518 139590
1519 139075
1520 138710
1521 138998
1522 139252
1523 139543
1524 139647
1525 138850
1526 139706
1527 138983
1528 139331
1529 138926
1530 139360
1531 139107
1532 139150
1533 139614
1534 139163
1535 139216
1536 138860
1537 139425
1538 139451
1539 139288
1540 139174
1541 139065
1542 138700
1543 139193
1544 138913
1545 139871
1546 138900
1547 138872
1548 138834
1549 139024
1550 139108
1551 139398
1552 139547
1553 138701
1554 139280
1555 139821
1556 138915
1557 139295
1558 139971
1559 139458
1560 139397
1561 139289
1562 139631
1563 138945
1564 139449
1565 138894
1566 138727
1567 139279
1568 139568
1569 138715
1570 139191
1571 139230
1572 139520
1573 139564
1574 139599
1575 140239
1576 139603
1577 139827
1578 140278
1579 139248
1580 140131
1581 139886
1582 139463
1583 139796
1584 140023
1585 139928
1586 139920
1587 139398
1588 139905
1589 139889
1590 140116
1591 139763
1592 139797
1593 139422
1594 139906
1595 140375
1596 139771
1597 140266
1598 139837
1599 139598
1600 140092
1601 140068
1602 140426
1603 140179
1604 140646
1605 139962
1606 140966
1607 140647
1608 140816
1609 140506
1610 141023
1611 141303
1612 141611
1613 140660
1614 140962
1615 141155
1616 141658
1617 142100
1618 141916
1619 141943
1620 142227
1621 142089
1622 142638
1623 142265
1624 142787
1625 143164
1626 142817
1627 143440
1628 143285
1629 143179
1630 143630
1631 143855
1632 143783
1633 143623
1634 144050
1635 144464
1636 144648
1637 144497
1638 144447
1639 145067
1640 144781
1641 144404
1642 144664
1643 144174
1644 144496
1645 144716
1646 144896
1647 144038
1648 144179
1649 143813
1650 144832
1651 144751
1652 144020
1653 143560
1654 143590
1655 142873
1656 143027
1657 143163
1658 142847
1659 142166
1660 142503
1661 142557
1662 141991
1663 141846
1664 141912
1665 141497
1666 141826
1667 142036
1668 140964
1669 140818
1670 140841
1671 140779
1672 141166
1673 140989
1674 140568
1675 140798
1676 140442
1677 140132
1678 140123
1679 140247
1680 140214
1681 139813
1682 139857
1683 139796
1684 139575
1685 139802
1686 139603
1687 139712
1688 139441
1689 139667
1690 139709
1691 139909
1692 139742
1693 139974
1694 139642
1695 139313
1696 139701
1697 139580
1698 139455
1699 139951
1700 139345
1701 139796
1702 139206
1703 139220
1704 139652
1705 139521
1706 139443
1707 139420
1708 139213
1709 139706
1710 139453
1711 139509
1712 139757
1713 139123
1714 139233
1715 138521
1716 139307
1717 139768
1718 138444
1719 138703
1720 139308
1721 139302
1722 139223
1723 138895
1724 139287
1725 138844
1726 139032
1727 139083
1728 138779
1729 139112
1730 139499
1731 139114
1732 138950
1733 138903
1734 138864
1735 139530
1736 138838
1737 138589
1738 138438
1739 138612
1740 138321
1741 138682
1742 138409
1743 139035
1744 139001
1745 138284
1746 138887
1747 138772
1748 138074
1749 138853
1750 138941
1751 139011
1752 138737
1753 138702
1754 138800
1755 138821
1756 138858
1757 138459
1758 138530
1759 138297
1760 138253
1761 138272
1762 138582
1763 138158
1764 138501
1765 138274
1766 138769
1767 138171
1768 138266
1769 137946
1770 137654
1771 138621
1772 138012
1773 138135
1774 137750
1775 138987
1776 138784
1777 138546
1778 138076
1779 137905
1780 138557
1781 138042
1782 138541
1783 138456
1784 138278
1785 137946
1786 138397
1787 138626
1788 138380
1789 138516
1790 138009
1791 138454
1792 138491
1793 138084
1794 138130
1795 138404
1796 138559
1797 138175
1798 137988
1799 138413
1800 137933
1801 137676
1802 137839
1803 137969
1804 138515
1805 137720
1806 138183
1807 138063
1808 137777
1809 138157
1810 138318
1811 138421
1812 138143
1813 137907
1814 138173
1815 138184
1816 138277
1817 138121
1818 138091
1819 138219
1820 138260
1821 138177
1822 138998
1823 138433
1824 138530
1825 138447
1826 138314
1827 138370
1828 138407
1829 137847
1830 138580
1831 138478
1832 138332
1833 138046
1834 138341
1835 138003
1836 138469
1837 138200
1838 138017
1839 138480
1840 137863
1841 137950
1842 137936
1843 138125
1844 138239
1845 138181
1846 138304
1847 138136
1848 138262
1849 138136
1850 137954
1851 138108
1852 138108
1853 137966
1854 137677
1855 138090
1856 137648
1857 137961
1858 138030
1859 138002
1860 137889
1861 138093
1862 137984
1863 137788
1864 137509
1865 138150
1866 137715
1867 137814
1868 137689
1869 137496
1870 137195
1871 138368
1872 137850
1873 138179
1874 137787
1875 137599
1876 138072
1877 137665
1878 138015
1879 138472
1880 137834
1881 137879
1882 137615
1883 138000
1884 137940
1885 137976
1886 137612
1887 137962
1888 137670
1889 138228
1890 137622
1891 138351
1892 138078
1893 137900
1894 137676
1895 138147
1896 137442
1897 138156
1898 137963
1899 138151
1900 137947
1901 138075
1902 137547
1903 137758
1904 137753
1905 137494
1906 137369
1907 137967
1908 137737
1909 138158
1910 138499
1911 137788
1912 138105
1913 138394
1914 138119
1915 138217
1916 138109
1917 138182
1918 138181
1919 138179
1920 137939
1921 138251
1922 138108
1923 137992
1924 138098
1925 138240
1926 138656
1927 138312
1928 138246
1929 137791
1930 137693
1931 137975
1932 138427
1933 138205
1934 137974
1935 138075
1936 138180
1937 138298
1938 138151
1939 138376
1940 137996
1941 137862
1942 138232
1943 138154
1944 137843
1945 138358
1946 138153
1947 137970
1948 138362
1949 137680
1950 138352
1951 137858
1952 138371
1953 138336
1954 138242
1955 138333
1956 138059
1957 138120
1958 138219
1959 138250
1960 137735
1961 137902
1962 138548
1963 138137
1964 137949
1965 137944
1966 138480
1967 137651
1968 137670
1969 138811
1970 138252
1971 138077
1972 138505
1973 138446
1974 138327
1975 138472
1976 138412
1977 138385
1978 138460
1979 138586
1980 138698
1981 138450
1982 138693
1983 138465
1984 138713
1985 138222
1986 139203
1987 139252
1988 139074
1989 138744
1990 138263
1991 139021
1992 138951
1993 139139
1994 138741
1995 138973
1996 139220
1997 138971
1998 139277
1999 139193
2000 139605
2001 138725
2002 138751
2003 138852
2004 139008
2005 139277
2006 138766
2007 138994
2008 138959
2009 139225
2010 138927
2011 139070
2012 138800
2013 139182
2014 139633
2015 138933
2016 139083
2017 139338
2018 139356
2019 138982
2020 138367
2021 139490
2022 138634
2023 139181
2024 138751
2025 138778
2026 138491
2027 138603
2028 139025
2029 139433
2030 138918
2031 139056
2032 138778
2033 139248
2034 138590
2035 139004
2036 138547
2037 139244
2038 139329
2039 138872
2040 139141
2041 138669
2042 138993
2043 139097
2044 138799
2045 139162
2046 139376
2047 139631
2048 139466
2049 139739
2050 139296
2051 139510
2052 139670
2053 139859
2054 138526
2055 139436
2056 139741
2057 139246
2058 139893
2059 139595
2060 139604
2061 138915
2062 139526
2063 139459
2064 139686
2065 139718
2066 139586
2067 139556
2068 139473
2069 139970
2070 140209
2071 140393
2072 139903
2073 139687
2074 140325
2075 140189
2076 140714
2077 140967
2078 140450
2079 140825
2080 140875
2081 140792
2082 141037
2083 140962
2084 140893
2085 140632
2086 141650
2087 141740
2088 141382
2089 141337
2090 141648
2091 141758
2092 141988
2093 142028
2094 142482
2095 142712
2096 142924
2097 142487
2098 142677
2099 142946
2100 143009
2101 143247
2102 143298
2103 143165
2104 143939
2105 143389
2106 143541
2107 143250
2108 143223
2109 143713
2110 143434
2111 142807
2112 143438
2113 143118
2114 142966
2115 142788
2116 142771
2117 142250
2118 142481
2119 142154
2120 142549
2121 141894
2122 141432
2123 141671
2124 141294
2125 140694
2126 141158
2127 141029
2128 141129
2129 141237
2130 140909
2131 140268
2132 140643
2133 140475
2134 140175
2135 140777
2136 140307
2137 140271
2138 140185
2139 139769
2140 139863
2141 139765
2142 140044
2143 139934
2144 139265
2145 139964
2146 139779
2147 139247
2148 139286
2149 140002
2150 139260
2151 139298
2152 139593
2153 139902
2154 139418
2155 139692
2156 139437
2157 138893
2158 138711
2159 138459
2160 139533
2161 139133
2162 139291
2163 138829
2164 138531
2165 138816
2166 138706
2167 139280
2168 138823
2169 138359
2170 138720
2171 138374
2172 138453
2173 138644
2174 139121
2175 138889
2176 138589
2177 138631
2178 139181
2179 138800
2180 138455
2181 138712
2182 138187
2183 138757
2184 138747
2185 138368
2186 138221
2187 138492
2188 138848
2189 138650
2190 138973
2191 138809
2192 138870
2193 138549
2194 138517
2195 138646
2196 138434
2197 138541
2198 138534
2199 138948
2200 138601
2201 138905
2202 138714
2203 138452
2204 138327
2205 138503
2206 138337
2207 138468
2208 138195
2209 138622
2210 138983
2211 138248
2212 138240
2213 138024
2214 138439
2215 138910
2216 138353
2217 138174
2218 138258
2219 139023
2220 138292
2221 138175
2222 138418
2223 138388
2224 138489
2225 138860
2226 138789
2227 138105
2228 139242
2229 138548
2230 138246
2231 138066
2232 138654
2233 138719
2234 138594
2235 138846
2236 138944
2237 138420
2238 138586
2239 138486
2240 138471
2241 138772
2242 138645
2243 139100
2244 139050
2245 138839
2246 138463
2247 138469
2248 139132
2249 138858
2250 138595
2251 138977
2252 138636
2253 138764
2254 139329
2255 139243
2256 138938
2257 138691
2258 139254
2259 139182
2260 138694
2261 139128
2262 138967
2263 138585
2264 138974
2265 138781
2266 139033
2267 138843
2268 139321
2269 139102
2270 139644
2271 139133
2272 139020
2273 138669
2274 138782
2275 139309
2276 138806
2277 139612
2278 139243
2279 139196
2280 139321
2281 138833
2282 138773
2283 138661
2284 138992
2285 138535
2286 139149
2287 138716
2288 138947
2289 139256
2290 139069
2291 138924
2292 138813
2293 138607
2294 139259
2295 138978
2296 138609
2297 138454
2298 139021
2299 139092
2300 139604
2301 138890
2302 139335
2303 138667
2304 139136
2305 139078
2306 139277
2307 139014
2308 138929
2309 139907
2310 139377
2311 138958
2312 138942
2313 139203
2314 139175
2315 138972
2316 139399
2317 139101
2318 139391
2319 139508
2320 139728
2321 139043
2322 139623
2323 139413
2324 138995
2325 139494
2326 139562
2327 139455
2328 139855
2329 139673
2330 139099
2331 139394
2332 139369
2333 139485
2334 139395
2335 139612
2336 139236
2337 139374
2338 139096
2339 139831
2340 139368
2341 139269
2342 139385
2343 139590
2344 139983
2345 139448
2346 138880
2347 139567
2348 139020
2349 139265
2350 139336
2351 139664
2352 138831
2353 139110
2354 139250
2355 138980
2356 139214
2357 139541
2358 139704
2359 139232
2360 139105
2361 139464
2362 139108
2363 139597
2364 139086
2365 138892
2366 138885
2367 138955
2368 138862
2369 139200
2370 139451
2371 138837
2372 138777
2373 139280
2374 139010
2375 139184
2376 139364
2377 139125
2378 139708
2379 138853
2380 139294
2381 139262
2382 139894
2383 138895
2384 138691
2385 138734
2386 138817
2387 139046
2388 138372
2389 139504
2390 139073
2391 139473
2392 138988
2393 138982
2394 139473
2395 138624
2396 138323
2397 139346
2398 139160
2399 139109
2400 139008
2401 138804
2402 139167
2403 138934
2404 138716
2405 138853
2406 138925
2407 138907
2408 138706
2409 138890
2410 138920
2411 139000
2412 138919
2413 138753
2414 138997
2415 138853
2416 139103
2417 138768
2418 138578
2419 138653
2420 138922
2421 139168
2422 139227
2423 139256
2424 138742
2425 138763
2426 138792
2427 138479
2428 138785
2429 138903
2430 138491
2431 138798
2432 138407
2433 139304
2434 138921
2435 139017
2436 139298
2437 138824
2438 138423
2439 138414
2440 138887
2441 139003
2442 138678
2443 138210
2444 138682
2445 138770
2446 138587
2447 139051
2448 138338
2449 138463
2450 138812
2451 139174
2452 138895
2453 138774
2454 138297
2455 138294
2456 138613
2457 138657
2458 138641
2459 138928
2460 138962
2461 138798
2462 138402
2463 138858
2464 138838
2465 139243
2466 138291
2467 138945
2468 138826
2469 137819
2470 138581
2471 138391
2472 138235
2473 138426
2474 138430
2475 138783
2476 138386
2477 138470
2478 138553
2479 138762
2480 138873
2481 137983
2482 138982
2483 138767
2484 138597
2485 138734
2486 138381
2487 138444
2488 137910
2489 138354
2490 138830
2491 138266
2492 138626
2493 138460
2494 138492
2495 138785
2496 138615
2497 138568
2498 138314
2499 138502
2500 138183
2501 138070
2502 138696
2503 138337
2504 138107
2505 138523
2506 138435
2507 138371
2508 138426
2509 138710
2510 138447
2511 138838
2512 138455
2513 138369
2514 138271
2515 138251
2516 138355
2517 138546
2518 137990
2519 138551
2520 138262
2521 138368
2522 138495
2523 138698
2524 138272
2525 138487
2526 138761
2527 138070
2528 138179
2529 138435
2530 138400
2531 138888
2532 138280
2533 138169
2534 138400
2535 138382
2536 138671
2537 138274
2538 138611
2539 138133
2540 138441
2541 138473
2542 138121
2543 139025
2544 138287
2545 138306
2546 138470
2547 138457
2548 138352
2549 137985
2550 139120
2551 137958
2552 138676
2553 138328
2554 138399
2555 137902
2556 138436
2557 137805
2558 138287
2559 138267
2560 138819
2561 138376
2562 138964
2563 138625
2564 138512
2565 139058
2566 138600
2567 138525
2568 138121
2569 138453
2570 138429
2571 138453
2572 138380
2573 138512
2574 138487
2575 138761
2576 138525
2577 138649
2578 138561
2579 138624
2580 138020
2581 139002
2582 138452
2583 138445
2584 138654
2585 139313
2586 138358
2587 138635
2588 138685
2589 138607
2590 138908
2591 138625
2592 139418
2593 139127
2594 138859
2595 138580
2596 139074
2597 139034
2598 139017
2599 139389
2600 138651
2601 139133
2602 139474
2603 139730
2604 139052
2605 139366
2606 138930
2607 139630
2608 138867
2609 139735
2610 139342
2611 139515
2612 139497
2613 140172
2614 140261
2615 139800
2616 139356
2617 139539
2618 139871
2619 140250
2620 140315
2621 139863
2622 140550
2623 140204
2624 141215
2625 140740
2626 141035
2627 141510
2628 141036
2629 141142
2630 141947
2631 141545
2632 141666
2633 142003
2634 141707
2635 142180
2636 142504
2637 142391
2638 142809
2639 142494
2640 142284
2641 142708
2642 142258
2643 143053
2644 143126
2645 142202
2646 142058
2647 142714
2648 142495
2649 142400
2650 142375
2651 141914
2652 141549
2653 141777
2654 141628
2655 141686
2656 141653
2657 140719
2658 141382
2659 141642
2660 141190
2661 141063
2662 140843
2663 140130
2664 140380
2665 140700
2666 140500
2667 140194
2668 140297
2669 140449
2670 139964
2671 139581
2672 139803
2673 139891
2674 140242
2675 139543
2676 139349
2677 139230
2678 138877
2679 138753
2680 139262
2681 139692
2682 139233
2683 139590
2684 139230
2685 138853
2686 139086
2687 138648
2688 138697
2689 138776
2690 139121
2691 138539
2692 138024
2693 138549
2694 139010
2695 138831
2696 138616
2697 138096
2698 138732
2699 138012
2700 138328
2701 137977
2702 138645
2703 138282
2704 137960
2705 138264
2706 137322
2707 137829
2708 138266
2709 137785
2710 137864
2711 137676
2712 137722
2713 138122
2714 137695
2715 138012
2716 137972
2717 137566
2718 137564
2719 137807
2720 137686
2721 137428
2722 137634
2723 137489
2724 137844
2725 137632
2726 137749
2727 137308
2728 137910
2729 137528
2730 137654
2731 137408
2732 137684
2733 137684
2734 137629
2735 137240
2736 136928
2737 137382
2738 137113
2739 137872
2740 137361
2741 137585
2742 137316
2743 137037
2744 137147
2745 137283
2746 137552
2747 137555
2748 137500
2749 137319
2750 137882
2751 137253
2752 137460
2753 136929
2754 137850
2755 137025
2756 137803
2757 137282
2758 137322
2759 137239
2760 136888
2761 137141
2762 137185
2763 137169
2764 137495
2765 137306
2766 137410
2767 137303
2768 137396
2769 136682
2770 137397
2771 137220
2772 137200
2773 136684
2774 137262
2775 136832
2776 137018
2777 136772
2778 136846
2779 136936
2780 136761
2781 136480
2782 137365
2783 136794
2784 137018
2785 136585
2786 136810
2787 136710
2788 137234
2789 136922
2790 136559
2791 136444
2792 136702
2793 137177
2794 136547
2795 136887
2796 136843
2797 137258
2798 136627
2799 137302
2800 136989
2801 136737
2802 136644
2803 137083
2804 136925
2805 137092
2806 137182
2807 136716
2808 137538
2809 136989
2810 136824
2811 136909
2812 136754
2813 136831
2814 137058
2815 136706
2816 136609
2817 136852
2818 136369
2819 136654
2820 136945
2821 136949
2822 136539
2823 136706
2824 136581
2825 135886
2826 136674
2827 136557
2828 136444
2829 136274
2830 136894
2831 136804
2832 136740
2833 136672
2834 136184
2835 136704
2836 136453
2837 136463
2838 136474
2839 136344
2840 136690
2841 136478
2842 136534
2843 136541
2844 136118
2845 136437
2846 136293
2847 136534
2848 136340
2849 135895
2850 136485
2851 136507
2852 136819
2853 136298
2854 135830
2855 136182
2856 136332
2857 136526
2858 136299
2859 135894
2860 135870
2861 136898
2862 136260
2863 136441
2864 136336
2865 136635
2866 135870
2867 136075
2868 136069
2869 136132
2870 136802
2871 135727
2872 135989
2873 135863
2874 135645
2875 136164
2876 135718
2877 136471
2878 136190
2879 135928
2880 136007
2881 136113
2882 136557
2883 136452
2884 136316
2885 136035
2886 136490
2887 135785
2888 136292
2889 136287
2890 135730
2891 136118
2892 136260
2893 135938
2894 136453
2895 135794
2896 135786
2897 136061
2898 135792
2899 135784
2900 136451
2901 136553
2902 136333
2903 136207
2904 136209
2905 136001
2906 135583
2907 136345
2908 136432
2909 136044
2910 135820
2911 136391
2912 135835
2913 136201
2914 136051
2915 136067
2916 136496
2917 135733
2918 136222
2919 136399
2920 136520
2921 136405
2922 136578
2923 136606
2924 136552
2925 136286
2926 136031
2927 136436
2928 136471
2929 136557
2930 136844
2931 136730
2932 136718
2933 136196
2934 137215
2935 136554
2936 137296
2937 136923
2938 136432
2939 136682
2940 136707
2941 136630
2942 137059
2943 136650
2944 136722
2945 136779
2946 136661
2947 136613
2948 136539
2949 136452
2950 136606
2951 136493
2952 136528
2953 136922
2954 136850
2955 136181
2956 136664
2957 136648
2958 136935
2959 136728
2960 136400
2961 136700
2962 136963
2963 135917
2964 136532
2965 136473
2966 136325
2967 136701
2968 136751
2969 136294
2970 136378
2971 136682
2972 136738
2973 136811
2974 136425
2975 136319
2976 136558
2977 136469
2978 136142
2979 136679
2980 136236
2981 136602
2982 137156
2983 136603
2984 136581
2985 136749
2986 136211
2987 136562
2988 136237
2989 136359
2990 136696
2991 136871
2992 136590
2993 136401
2994 136556
2995 136285
2996 136889
2997 136649
2998 136628
2999 136741
3000 136522
3001 137216
3002 137043
3003 136880
3004 136293
3005 136500
3006 137429
3007 136558
3008 136576
3009 136921
3010 136496
3011 136869
3012 136423
3013 136521
3014 136371
3015 136159
3016 136670
3017 136946
3018 136677
3019 136289
3020 136987
3021 136219
3022 136896
3023 136932
3024 136753
3025 136557
3026 136727
3027 136903
3028 137003
3029 137009
3030 136631
3031 136577
3032 136991
3033 137251
3034 136156
3035 137062
3036 136944
3037 136829
3038 137173
3039 137497
3040 136970
3041 136934
3042 137128
3043 137075
3044 137226
3045 136586
3046 136581
3047 137094
3048 137290
3049 137201
3050 137080
3051 137099
3052 137095
3053 136901
3054 137461
3055 137147
3056 137515
3057 137347
3058 137045
3059 137123
3060 137745
3061 137137
3062 137523
3063 137160
3064 137678
3065 137702
3066 137687
3067 138131
3068 138196
3069 137124
3070 138291
3071 137939
3072 138177
3073 138190
3074 138217
3075 138320
3076 138368
3077 138502
3078 138936
3079 138720
3080 138128
3081 139134
3082 138729
3083 138874
3084 139679
3085 139274
3086 138915
3087 139624
3088 139206
3089 139691
3090 139742
3091 140059
3092 140281
3093 140337
3094 140018
3095 139528
3096 140330
3097 140696
3098 140234
3099 140835
3100 140694
3101 140998
3102 140687
3103 140670
3104 140956
3105 141352
3106 141193
3107 141398
3108 141058
3109 141106
3110 140802
3111 141302
3112 140905
3113 141145
3114 140578
3115 140557
3116 140410
3117 140161
3118 140579
3119 140059
3120 140218
3121 140038
3122 139907
3123 139494
3124 140025
3125 139550
3126 139450
3127 139761
3128 138972
3129 139171
3130 138931
3131 138886
3132 138531
3133 138928
3134 138792
3135 137995
3136 138661
3137 137804
3138 138068
3139 139187
3140 138278
3141 137803
3142 137912
3143 137915
3144 138080
3145 137834
3146 138246
3147 137273
3148 137978
3149 138045
3150 137443
3151 137810
3152 137504
3153 137971
3154 137554
3155 137602
3156 137563
3157 137249
3158 137336
3159 137639
3160 137849
3161 137813
3162 136931
3163 137804
3164 137332
3165 137690
3166 137133
3167 137933
3168 137834
3169 137226
3170 137067
3171 137414
3172 137450
3173 137537
3174 137156
3175 137346
3176 137553
3177 137550
3178 137240
3179 137561
3180 137531
3181 137704
3182 136874
3183 137485
3184 137115
3185 136940
3186 137361
3187 137124
3188 137027
3189 137151
3190 137440
3191 137412
3192 137288
3193 136494
3194 137275
3195 136698
3196 136993
3197 136739
3198 136662
3199 136886
3200 137308
3201 137111
3202 137035
3203 136819
3204 137595
3205 137389
3206 137049
3207 137367
3208 137166
3209 136775
3210 137183
3211 136884
3212 136923
3213 137186
3214 137809
3215 136870
3216 137042
3217 137372
3218 137492
3219 136596
3220 137406
3221 137536
3222 137527
3223 136852
3224 137096
3225 136726
3226 137233
3227 136468
3228 136864
3229 137065
3230 137335
3231 136531
3232 137310
3233 137180
3234 136900
3235 137362
3236 137077
3237 137017
3238 137358
3239 136989
3240 137496
3241 137341
3242 137427
3243 136940
3244 136349
3245 136887
3246 136939
3247 137296
3248 137229
3249 137098
3250 137231
3251 137132
3252 137331
3253 136915
3254 136735
3255 136829
3256 137090
3257 137925
3258 136807
3259 136757
3260 137172
3261 136635
3262 137223
3263 137669
3264 137415
3265 136692
3266 137083
3267 137295
3268 137543
3269 137270
3270 137069
3271 136976
3272 137040
3273 137769
3274 137551
3275 137604
3276 137513
3277 137404
3278 137598
3279 137486
3280 137706
3281 137471
3282 137657
3283 137228
3284 137635
3285 137616
3286 137452
3287 137152
3288 137476
3289 137092
3290 137833
3291 137527
3292 137481
3293 137182
3294 137375
3295 137863
3296 137461
3297 137753
3298 137116
3299 138009
3300 137958
3301 137770
3302 137372
3303 137532
3304 137623
3305 138006
3306 137698
3307 137303
3308 137464
3309 137456
3310 137228
3311 137677
3312 137715
3313 137824
3314 137867
3315 137661
3316 137793
3317 137702
3318 138174
3319 137614
3320 138111
3321 137856
3322 137838
3323 137820
3324 137724
3325 137833
3326 137667
3327 137708
3328 137899
3329 137117
3330 137527
3331 137317
3332 137462
3333 137657
3334 138016
3335 137690
3336 137229
3337 137434
3338 137570
3339 136994
3340 137439
3341 138082
3342 137909
3343 137787
3344 137566
3345 137608
3346 137471
3347 137851
3348 137820
3349 137459
3350 137614
3351 137644
3352 137751
3353 137723
3354 137848
3355 137931
3356 137261
3357 137974
3358 137719
3359 137866
3360 137915
3361 137827
3362 137293
3363 137929
3364 138057
3365 137423
3366 137724
3367 138057
3368 137423
3369 137745
3370 137627
3371 137573
3372 138137
3373 138160
3374 137217
3375 137655
3376 137997
3377 137272
3378 137531
3379 138461
3380 137690
3381 138261
3382 137335
3383 137901
3384 138135
3385 137612
3386 137460
3387 137718
3388 137840
3389 137723
3390 137912
3391 137462
3392 137894
3393 137963
3394 138091
3395 137051
3396 137653
3397 137385
3398 138058
3399 137674
3400 137673
3401 138248
3402 137487
3403 137508
3404 137742
3405 137298
3406 137355
3407 137438
3408 137829
3409 137561
3410 137967
3411 137556
3412 137319
3413 137293
3414 137323
3415 137788
3416 137057
3417 137277
3418 137782
3419 137457
3420 136851
3421 137460
3422 137425
3423 137105
3424 137370
3425 136982
3426 137566
3427 137312
3428 137655
3429 137204
3430 137372
3431 137183
3432 137578
3433 137307
3434 137374
3435 137710
3436 137703
3437 137766
3438 137405
3439 137874
3440 137164
3441 136818
3442 137552
3443 137342
3444 137628
3445 137076
3446 137348
3447 137722
3448 137305
3449 137629
3450 137091
3451 137418
3452 137016
3453 137124
3454 137577
3455 137292
3456 137086
3457 137094
3458 136705
3459 137183
3460 137054
3461 137434
3462 136561
3463 137431
3464 136655
3465 136956
3466 137680
3467 136770
3468 137032
3469 136755
3470 137621
3471 136859
3472 137072
3473 137187
3474 137297
3475 136846
3476 136945
3477 136675
3478 137336
3479 136779
3480 136813
3481 136511
3482 137009
3483 136288
3484 136989
3485 136780
3486 137063
3487 136570
3488 137035
3489 136963
3490 136793
3491 137093
3492 136662
3493 136520
3494 136671
3495 137022
3496 136439
3497 136568
3498 136594
3499 137026
3500 136815
3501 136862
3502 136955
3503 136615
3504 136680
3505 136365
3506 136714
3507 136782
3508 136787
3509 136753
3510 136974
3511 136793
3512 136919
3513 137071
3514 137169
3515 137463
3516 136913
3517 137098
3518 136733
3519 137087
3520 136887
3521 136934
3522 136358
3523 136853
3524 136906
3525 136108
3526 137228
3527 136992
3528 136654
3529 136618
3530 136797
3531 136872
3532 136741
3533 136681
3534 137171
3535 136782
3536 137329
3537 136641
3538 137494
3539 136674
3540 136883
3541 136671
3542 136282
3543 136694
3544 136308
3545 136923
3546 136410
3547 136798
3548 136242
3549 136372
3550 137006
3551 136362
3552 136772
3553 136159
3554 136895
3555 137161
3556 136279
3557 136793
3558 136582
3559 136443
3560 136464
3561 135954
3562 137100
3563 136612
3564 136467
3565 136589
3566 136421
3567 136453
3568 137150
3569 136121
3570 136730
3571 136639
3572 136504
3573 136430
3574 136855
3575 136903
3576 136513
3577 136418
3578 136645
3579 136297
3580 136969
3581 137084
3582 136591
3583 136738
3584 136659
3585 136287
3586 136482
3587 136924
3588 136768
3589 136318
3590 136847
3591 137082
3592 136957
3593 136642
3594 136785
3595 136927
3596 136557
3597 137203
3598 136646
3599 136621
3600 137113
3601 136877
3602 136731
3603 136788
3604 137124
3605 136680
3606 137223
3607 137471
3608 136962
3609 136545
3610 137244
3611 136980
3612 136895
3613 137312
3614 137550
3615 137252
3616 137581
3617 137135
3618 137505
3619 137457
3620 137509
3621 137551
3622 138177
3623 138091
3624 138292
3625 138086
3626 137830
3627 137866
3628 138346
3629 137698
3630 138886
3631 138543
3632 138784
3633 138397
3634 138464
3635 139067
3636 138864
3637 138973
3638 139108
3639 139359
3640 139004
3641 139699
3642 139186
3643 139733
3644 139492
3645 139279
3646 139648
3647 139098
3648 138860
3649 139725
3650 139322
3651 139626
3652 139081
3653 138992
3654 139399
3655 139265
3656 139229
3657 138971
3658 138570
3659 138241
3660 138568
3661 139147
3662 138563
3663 138524
3664 138613
3665 138075
3666 137863
3667 137971
3668 137246
3669 137777
3670 137169
3671 137730
3672 137197
3673 137375
3674 137473
3675 137121
3676 137344
3677 137142
3678 137217
3679 137279
3680 136496
3681 136878
3682 136684
3683 136431
3684 137411
3685 136448
3686 136731
3687 136764
3688 136360
3689 135797
3690 136323
3691 136324
3692 136524
3693 136163
3694 136056
3695 136842
3696 136446
3697 135983
3698 136378
3699 136122
3700 135748
3701 135897
3702 136124
3703 135937
3704 136113
3705 136334
3706 136146
3707 135913
3708 135797
3709 136497
3710 135898
3711 135995
3712 136233
3713 135995
3714 135860
3715 135754
3716 136179
3717 135505
3718 135839
3719 135816
3720 135667
3721 136104
3722 136126
3723 135580
3724 136025
3725 136037
3726 135745
3727 135675
3728 135881
3729 135578
3730 135722
3731 135378
3732 135386
3733 135483
3734 135836
3735 135739
3736 135476
3737 135457
3738 135288
3739 135524
3740 135374
3741 135505
3742 135329
3743 135539
3744 135210
3745 134895
3746 135862
3747 135623
3748 135037
3749 135320
3750 135798
3751 135275
3752 135585
3753 135818
3754 134977
3755 135306
3756 134710
3757 135699
3758 134802
3759 135086
3760 135169
3761 134811
3762 135312
3763 134891
3764 135227
3765 135531
3766 135290
3767 134907
3768 134634
3769 134601
3770 134575
3771 134600
3772 134879
3773 135005
3774 135258
3775 135194
3776 135464
3777 135300
3778 134941
3779 134995
3780 135074
3781 135311
3782 135413
3783 134779
3784 135450
3785 135103
3786 135226
3787 135072
3788 135120
3789 135049
3790 135285
3791 134745
3792 135003
3793 134909
3794 135178
3795 134917
3796 135091
3797 134571
3798 135096
3799 134964
3800 134927
3801 135106
3802 134700
3803 134322
3804 134649
3805 134502
3806 134987
3807 134637
3808 134664
3809 135158
3810 134919
3811 135125
3812 134803
3813 135161
3814 134634
3815 134698
3816 134814
3817 134832
3818 135060
3819 134974
3820 134588
3821 134865
3822 134891
3823 134623
3824 135201
3825 134396
3826 135384
3827 134797
3828 134697
3829 134660
3830 134891
3831 134437
3832 134350
3833 135170
3834 135201
3835 135518
3836 134410
3837 134275
3838 134294
3839 134856
3840 134416
3841 134414
3842 134515
3843 134208
3844 134693
3845 134433
3846 134529
3847 134492
3848 134546
3849 134580
3850 134347
3851 134334
3852 134387
3853 134710
3854 134890
3855 134526
3856 134893
3857 134454
3858 134238
3859 134505
3860 134337
3861 134359
3862 134475
3863 134624
3864 134295
3865 134914
3866 134316
3867 134522
3868 134587
3869 133905
3870 134700
3871 134491
3872 134327
3873 134406
3874 134383
3875 134685
3876 134386
3877 134552
3878 134497
3879 134289
3880 134057
3881 134629
3882 134936
3883 134813
3884 134411
3885 134818
3886 134291
3887 134845
3888 134686
3889 134578
3890 134162
3891 134757
3892 134652
3893 134103
3894 134003
3895 135137
3896 134508
3897 135126
3898 134584
3899 134349
3900 134167
3901 134746
3902 134467
3903 134502
3904 134903
3905 134757
3906 134297
3907 134294
3908 134157
3909 134235
3910 134409
3911 134218
3912 134298
3913 134484
3914 134411
3915 134899
3916 135176
3917 134381
3918 134526
3919 134700
3920 134200
3921 134607
3922 134566
3923 134558
3924 134660
3925 134594
3926 134199
3927 134816
3928 134526
3929 134920
3930 134621
3931 134858
3932 134515
3933 134796
3934 134871
3935 134358
3936 134925
3937 135176
3938 134881
3939 134497
3940 134742
3941 134399
3942 134505
3943 134624
3944 134670
3945 135136
3946 135354
3947 135159
3948 134720
3949 134848
3950 134456
3951 134917
3952 134724
3953 134804
3954 134522
3955 134914
3956 134779
3957 134460
3958 134743
3959 134500
3960 135168
3961 135085
3962 134914
3963 134879
3964 135015
3965 135131
3966 135183
3967 134947
3968 135104
3969 135185
3970 134854
3971 135091
3972 135352
3973 135270
3974 135032
3975 135215
3976 135036
3977 134908
3978 135574
3979 135316
3980 135363
3981 135010
3982 135503
3983 134900
3984 135146
3985 135055
3986 135326
3987 135902
3988 135417
3989 135445
3990 135536
3991 135559
3992 135352
3993 135278
3994 134871
3995 135153
3996 135167
3997 135277
3998 135175
3999 135359
4000 135508
4001 134757
4002 134743
4003 135498
4004 135091
4005 135518
4006 135230
4007 135275
4008 135397
4009 134861
4010 135763
4011 135669
4012 135096
4013 134843
4014 135386
4015 135156
4016 135174
4017 135299
4018 135309
4019 135508
4020 135181
4021 135805
4022 135715
4023 135287
4024 134755
4025 135340
4026 135329
4027 135492
4028 135977
4029 135112
4030 135080
4031 135500
4032 135154
4033 135610
4034 135095
4035 135475
4036 134948
4037 134724
4038 135303
4039 135225
4040 135276
4041 135244
4042 135166
4043 135467
4044 135312
4045 135162
4046 135264
4047 135067
4048 135254
4049 135651
4050 135423
4051 135717
4052 135715
4053 135278
4054 135132
4055 135895
4056 135263
4057 135581
4058 135204
4059 134911
4060 135673
4061 135357
4062 135480
4063 136065
4064 136000
4065 136495
4066 136232
4067 135934
4068 135982
4069 136234
4070 135797
4071 136280
4072 136161
4073 136112
4074 136040
4075 136910
4076 136761
4077 136864
4078 136249
4079 136882
4080 136802
4081 136684
4082 136987
4083 137374
4084 136799
4085 136933
4086 136840
4087 136761
4088 137310
4089 137588
4090 137888
4091 137704
4092 137176
4093 137631
4094 137560
4095 138290
4096 137971
4097 137844
4098 138278
4099 137799
4100 138100
4101 138157
4102 138665
4103 138705
4104 138349
4105 138178
4106 138111
4107 138358
4108 138256
4109 138007
4110 138356
4111 138458
4112 138118
4113 137869
4114 137933
4115 137981
4116 138369
4117 137749
4118 137664
4119 137313
4120 137557
4121 137354
4122 137374
4123 137017
4124 136465
4125 137199
4126 137369
4127 136444
4128 136995
4129 136538
4130 137011
4131 136637
4132 136323
4133 136180
4134 135986
4135 136133
4136 136051
4137 135932
4138 135887
4139 135484
4140 136158
4141 135321
4142 135918
4143 135640
4144 135468
4145 135219
4146 135423
4147 135202
4148 135300
4149 135700
4150 135575
4151 135560
4152 135607
4153 135297
4154 135107
4155 135988
4156 135161
4157 134952
4158 134970
4159 135224
4160 134678
4161 134810
4162 135147
4163 134452
4164 135121
4165 135220
4166 134808
4167 134768
4168 134693
4169 134528
4170 134799
4171 134675
4172 134909
4173 134462
4174 134760
4175 134083
4176 134952
4177 134917
4178 134376
4179 134858
4180 135124
4181 134423
4182 134738
4183 134478
4184 134676
4185 134267
4186 134525
4187 134561
4188 134650
4189 134979
4190 134655
4191 134124
4192 134388
4193 134628
4194 134565
4195 134341
4196 134583
4197 135265
4198 134713
4199 134456
4200 134864
4201 134281
4202 134572
4203 134422
4204 134720
4205 134943
4206 134577
4207 134984
4208 134317
4209 134690
4210 134155
4211 134456
4212 134212
4213 133953
4214 134320
4215 134376
4216 134442
4217 134380
4218 134256
4219 134087
4220 134190
4221 134222
4222 134629
4223 134326
4224 134695
4225 134702
4226 133950
4227 134595
4228 134226
4229 134217
4230 135182
4231 134474
4232 134117
4233 134696
4234 134393
4235 134212
4236 134981
4237 134704
4238 134744
4239 134512
4240 134458
4241 134182
4242 134010
4243 134127
4244 134119
4245 134107
4246 134348
4247 134285
4248 134989
4249 134430
4250 135466
4251 134623
4252 134804
4253 134192
4254 134559
4255 133926
4256 134411
4257 134458
4258 134717
4259 133835
4260 134158
4261 134744
4262 134269
4263 134044
4264 134136
4265 134430
4266 135289
4267 134592
4268 134528
4269 134343
4270 134596
4271 134879
4272 134702
4273 134139
4274 134945
4275 134242
4276 134371
4277 134877
4278 134429
4279 134677
4280 134452
4281 134007
4282 134186
4283 134696
4284 134644
4285 134020
4286 134787
4287 134407
4288 133997
4289 134530
4290 134294
4291 134498
4292 134716
4293 134292
4294 134559
4295 134160
4296 133931
4297 134255
4298 134563
4299 134103
4300 134717
4301 134671
4302 134014
4303 134059
4304 134503
4305 134563
4306 134272
4307 134704
4308 134569
4309 134369
4310 134213
4311 133702
4312 134325
4313 134553
4314 134490
4315 133890
4316 134283
4317 134489
4318 134441
4319 134247
4320 134357
4321 134371
4322 134326
4323 134577
4324 133659
4325 134430
4326 134379
4327 134016
4328 134611
4329 134421
4330 134185
4331 133905
4332 134372
4333 134143
4334 134382
4335 134294
4336 134048
4337 134569
4338 134331
4339 134178
4340 134327
4341 134637
4342 134545
4343 134462
4344 134289
4345 134549
4346 134649
4347 134436
4348 134668
4349 134494
4350 134509
4351 134466
4352 134505
4353 134628
4354 134376
4355 134059
4356 134697
4357 134890
4358 134421
4359 134873
4360 134416
4361 134881
4362 134948
4363 134913
4364 134502
4365 134276
4366 134468
4367 134670
4368 135089
4369 134569
4370 134313
4371 134258
4372 134662
4373 134989
4374 134822
4375 134430
4376 135106
4377 134149
4378 134597
4379 134379
4380 134372
4381 134989
4382 134091
4383 134950
4384 134483
4385 133737
4386 134338
4387 134189
4388 133703
4389 134053
4390 134221
4391 134005
4392 134611
4393 133808
4394 133805
4395 133684
4396 133405
4397 133182
4398 134366
4399 133203
4400 133600
4401 133499
4402 133531
4403 133800
4404 133248
4405 133352
4406 133320
4407 133390
4408 133147
4409 133608
4410 132869
4411 133153
4412 132930
4413 133485
4414 132961
4415 133076
4416 132866
4417 132991
4418 133257
4419 133393
4420 132995
4421 132963
4422 133420
4423 132695
4424 132911
4425 132720
4426 132769
4427 132827
4428 133279
4429 133079
4430 133098
4431 133137
4432 133318
4433 133009
4434 133493
4435 133666
4436 133289
4437 132698
4438 133227
4439 132880
4440 132489
4441 133080
4442 132232
4443 132716
4444 132586
4445 132340
4446 133227
4447 132536
4448 132826
4449 132178
4450 131959
4451 132726
4452 132196
4453 132613
4454 132283
4455 132370
4456 132486
4457 132538
4458 132062
4459 131966
4460 131948
4461 131993
4462 132324
4463 132119
4464 132207
4465 132554
4466 131833
4467 132569
4468 132629
4469 132429
4470 132506
4471 132421
4472 132617
4473 132299
4474 132080
4475 132057
4476 131956
4477 132211
4478 131974
4479 131814
4480 132498
4481 131725
4482 132003
4483 131815
4484 132123
4485 131856
4486 131717
4487 131829
4488 132388
4489 131554
4490 132071
4491 131812
4492 132078
4493 131551
4494 131458
4495 131691
4496 132036
4497 131627
4498 131808
4499 131750
4500 131739
4501 131652
4502 131858
4503 132424
4504 131627
4505 131747
4506 131665
4507 131473
4508 132066
4509 132010
4510 131766
4511 131647
4512 131805
4513 131807
4514 131016
4515 131971
4516 131665
4517 131452
4518 131788
4519 131425
4520 131692
4521 131537
4522 131552
4523 132046
4524 131208
4525 131352
4526 131616
4527 131814
4528 131382
4529 131294
4530 131551
4531 131639
4532 131695
4533 132149
4534 131529
4535 131550
4536 131421
4537 131361
4538 131220
4539 131651
4540 131395
4541 131264
4542 131204
4543 131508
4544 131302
4545 130810
4546 131167
4547 131433
4548 131327
4549 131287
4550 131572
4551 131055
4552 131222
4553 131392
4554 131266
4555 130728
4556 131104
4557 131470
4558 131234
4559 130772
4560 131197
4561 130660
4562 130759
4563 131424
4564 130948
4565 131162
4566 131162
4567 131226
4568 131099
4569 130882
4570 130840
4571 130674
4572 131248
4573 130911
4574 131290
4575 131347
4576 130890
4577 130901
4578 131125
4579 131077
4580 131198
4581 131396
4582 131312
4583 131264
4584 131456
4585 131083
4586 131715
4587 131241
4588 130731
4589 130887
4590 130843
4591 130472
4592 130770
4593 131149
4594 131167
4595 130823
4596 131320
4597 130792
4598 130748
4599 130578
4600 131254
4601 131423
4602 130518
4603 130786
4604 131483
4605 131158
4606 131272
4607 130682
4608 130917
4609 131095
4610 130813
4611 130677
4612 131293
4613 131352
4614 130836
4615 130783
4616 131281
4617 131362
4618 131585
4619 131240
4620 131665
4621 131081
4622 131442
4623 131329
4624 131911
4625 131741
4626 131311
4627 131551
4628 131699
4629 131870
4630 131519
4631 131913
4632 132146
4633 132057
4634 132224
4635 132115
4636 131850
4637 132091
4638 132627
4639 132385
4640 132185
4641 132425
4642 131423
4643 132139
4644 132598
4645 132696
4646 132839
4647 132333
4648 132284
4649 132643
4650 132379
4651 132333
4652 131885
4653 132400
4654 132023
4655 132557
4656 132066
4657 131996
4658 131699
4659 131900
4660 131610
4661 131610
4662 131476
4663 131988
4664 131669
4665 131479
4666 131901
4667 131106
4668 131153
4669 130815
4670 130847
4671 131542
4672 130898
4673 130720
4674 131077
4675 130713
4676 130463
4677 130455
4678 131057
4679 130349
4680 130415
4681 129665
4682 130447
4683 130028
4684 129779
4685 130210
4686 130228
4687 130134
4688 129923
4689 129764
4690 130115
4691 129803
4692 129790
4693 129650
4694 130004
4695 129873
4696 129560
4697 129592
4698 129738
4699 129784
4700 129384
4701 129081
4702 129336
4703 129275
4704 129569
4705 129710
4706 129940
4707 129519
4708 128866
4709 128635
4710 128793
4711 129300
4712 128994
4713 128739
4714 129226
4715 129160
4716 128825
4717 129387
4718 128518
4719 128538
4720 128995
4721 129055
4722 128728
4723 128611
4724 128703
4725 128554
4726 128289
4727 128444
4728 128442
4729 128580
4730 128530
4731 127795
4732 128695
4733 128572
4734 128580
4735 128806
4736 128337
4737 127667
4738 128219
4739 128135
4740 128208
4741 128026
4742 127859
4743 127920
4744 128699
4745 128241
4746 128259
4747 128446
4748 127663
4749 127683
4750 128089
4751 128012
4752 128014
4753 128333
4754 127946
4755 127646
4756 128094
4757 127901
4758 127798
4759 128264
4760 127746
4761 127958
4762 127659
4763 127916
4764 128285
4765 127870
4766 127525
4767 127818
4768 127603
4769 127628
4770 127896
4771 127551
4772 127249
4773 126957
4774 127411
4775 127614
4776 127691
4777 127406
4778 127460
4779 127487
4780 127896
4781 127440
4782 127387
4783 127055
4784 127896
4785 127132
4786 127099
4787 127034
4788 126730
4789 127443
4790 127241
4791 127476
4792 127113
4793 127085
4794 127132
4795 127378
4796 127447
4797 127473
4798 127613
4799 127327
4800 127196
4801 127037
4802 127225
4803 127324
4804 127482
4805 127268
4806 127231
4807 127403
4808 127119
4809 127053
4810 127590
4811 126848
4812 127342
4813 127211
4814 127029
4815 127159
4816 127162
4817 127087
4818 126896
4819 126962
4820 126717
4821 127278
4822 127395
4823 127282
4824 127116
4825 127104
4826 126727
4827 127079
4828 127378
4829 126731
4830 127067
4831 127127
4832 126998
4833 126829
4834 127166
4835 127463
4836 126984
4837 127202
4838 126688
4839 127015
4840 126499
4841 126974
4842 126311
4843 126810
4844 126738
4845 127142
4846 127122
4847 127200
4848 126683
4849 126371
4850 126721
4851 126692
4852 127442
4853 126614
4854 126625
4855 126335
4856 126877
4857 127210
4858 126843
4859 127313
4860 126744
4861 126127
4862 126532
4863 126074
4864 126609
4865 125820
4866 126349
4867 126835
4868 126095
4869 126768
4870 126529
4871 126697
4872 126656
4873 126440
4874 126664
4875 126940
4876 127263
4877 126819
4878 126075
4879 126688
4880 126468
4881 126505
4882 126810
4883 126538
4884 126561
4885 126431
4886 126555
4887 126778
4888 126454
4889 126683
4890 126290
4891 126720
4892 126598
4893 125825
4894 126461
4895 125993
4896 126385
4897 125495
4898 126401
4899 126278
4900 126348
4901 126119
4902 126472
4903 126638
4904 126653
4905 126093
4906 126325
4907 125953
4908 126462
4909 125967
4910 126325
4911 125928
4912 126370
4913 126723
4914 126341
4915 126019
4916 126119
4917 126200
4918 126169
4919 126082
4920 125765
4921 125997
4922 125715
4923 125788
4924 126314
4925 126013
4926 126245
4927 125687
4928 126347
4929 126154
4930 125962
4931 126411
4932 126325
4933 126221
4934 126233
4935 126601
4936 126219
4937 126287
4938 126126
4939 126208
4940 125775
4941 126530
4942 126202
4943 126156
4944 125830
4945 125828
4946 125882
4947 126017
4948 125757
4949 126059
4950 126152
4951 125968
4952 126085
4953 126087
4954 126111
4955 125989
4956 126109
4957 125919
4958 125882
4959 126051
4960 126153
4961 125863
4962 126036
4963 126336
4964 125958
4965 125718
4966 126635
4967 125740
4968 126456
4969 125815
4970 126246
4971 126243
4972 125638
4973 126334
4974 126029
4975 126249
4976 125891
4977 126155
4978 126578
4979 126721
4980 125752
4981 126356
4982 125885
4983 126512
4984 125923
4985 125697
4986 126273
4987 126104
4988 125914
4989 126540
4990 126127
4991 126119
4992 126235
4993 126251
4994 126240
4995 126083
4996 126180
4997 125871
4998 126385
4999 126433
5000 126610
5001 125748
5002 126252
5003 126613
5004 125792
5005 126408
5006 126143
5007 126380
5008 127213
5009 125952
5010 126522
5011 126416
5012 126195
5013 126166
5014 126402
5015 126805
5016 126525
5017 126888
5018 126586
5019 126699
5020 126422
5021 126743
5022 126607
5023 126794
5024 126419
5025 126702
5026 126426
5027 126212
5028 126562
5029 126362
5030 126419
5031 126501
5032 126726
5033 126421
5034 126588
5035 126826
5036 126601
5037 126432
5038 126480
5039 126708
5040 126237
5041 126478
5042 126714
5043 126576
5044 126962
5045 126305
5046 126731
5047 126570
5048 126849
5049 126876
5050 126814
5051 127110
5052 126785
5053 126658
5054 126793
5055 127359
5056 126860
5057 127074
5058 127495
5059 127392
5060 127114
5061 127402
5062 127128
5063 126993
5064 127306
5065 127400
5066 127405
5067 126918
5068 127769
5069 127677
5070 127321
5071 127364
5072 127339
5073 127772
5074 127897
5075 127496
5076 127872
5077 128228
5078 127772
5079 127799
5080 127714
5081 127947
5082 127759
5083 127805
5084 128236
5085 128046
5086 128410
5087 128496
5088 128151
5089 128348
5090 128167
5091 128746
5092 128358
5093 128861
5094 128479
5095 128992
5096 128840
5097 129066
5098 128807
5099 128859
5100 128913
5101 128669
5102 128122
5103 128448
5104 128923
5105 128797
5106 128909
5107 128756
5108 129193
5109 128463
5110 128901
5111 128016
5112 129199
5113 128293
5114 128595
5115 128587
5116 128410
5117 128444
5118 128345
5119 128362
5120 128047
5121 127945
5122 128200
5123 128360
5124 128601
5125 127893
5126 128258
5127 127984
5128 128223
5129 127658
5130 128362
5131 128205
5132 127770
5133 127643
5134 127962
5135 127572
5136 127898
5137 127572
5138 127598
5139 127391
5140 127597
5141 127591
5142 127517
5143 126883
5144 127323
5145 127159
5146 127213
5147 127627
5148 126948
5149 126852
5150 127368
5151 127688
5152 126990
5153 127260
5154 127613
5155 127389
5156 127084
5157 126804
5158 127225
5159 126741
5160 127224
5161 126645
5162 126512
5163 127216
5164 127283
5165 126998
5166 126851
5167 126449
5168 126651
5169 126533
5170 126946
5171 126696
5172 126816
5173 127149
5174 126733
5175 126762
5176 126940
5177 126723
5178 126736
5179 126712
5180 126742
5181 127247
5182 126549
5183 127014
5184 126578
5185 126771
5186 127083
5187 126866
5188 126562
5189 126544
5190 126639
5191 126493
5192 126568
5193 126817
5194 126863
5195 127174
5196 126910
5197 127104
5198 126756
5199 126519
5200 126341
5201 126311
5202 127040
5203 126610
5204 127304
5205 126461
5206 126367
5207 126562
5208 126524
5209 126375
5210 127108
5211 126634
5212 127031
5213 126358
5214 127117
5215 126731
5216 127036
5217 126826
5218 126613
5219 126862
5220 126495
5221 126618
5222 127197
5223 127040
5224 126878
5225 126600
5226 126948
5227 126648
5228 126703
5229 126305
5230 126906
5231 126865
5232 127320
5233 126076
5234 127233
5235 126765
5236 127338
5237 127078
5238 126491
5239 126998
5240 126488
5241 126940
5242 127037
5243 126437
5244 127225
5245 126559
5246 126521
5247 127122
5248 126846
5249 126878
5250 126570
5251 127136
5252 126877
5253 126945
5254 126735
5255 126468
5256 126999
5257 126942
5258 126141
5259 126513
5260 126671
5261 126857
5262 126834
5263 126721
5264 126841
5265 126128
5266 127030
5267 126679
5268 126958
5269 126182
5270 126782
5271 126180
5272 126866
5273 126081
5274 127003
5275 126083
5276 126747
5277 126488
5278 126890
5279 126737
5280 127167
5281 126716
5282 126902
5283 126831
5284 126733
5285 126465
5286 126521
5287 126853
5288 127120
5289 126618
5290 126633
5291 126822
5292 126762
5293 126685
5294 127163
5295 126904
5296 127223
5297 126720
5298 126911
5299 127201
5300 127536
5301 127106
5302 127046
5303 126830
5304 127097
5305 126930
5306 127268
5307 126837
5308 126638
5309 127371
5310 126841
5311 126789
5312 127217
5313 127162
5314 127117
5315 126696
5316 127106
5317 126919
5318 126829
5319 126634
5320 126833
5321 126591
5322 127304
5323 126664
5324 126900
5325 126924
5326 127405
5327 126817
5328 126940
5329 126916
5330 127016
5331 127122
5332 126778
5333 126902
5334 126645
5335 126973
5336 126975
5337 127015
5338 126864
5339 127543
5340 127131
5341 126976
5342 127012
5343 127335
5344 127048
5345 126854
5346 126961
5347 126912
5348 127043
5349 127262
5350 127399
5351 127178
5352 126999
5353 127317
5354 127239
5355 126970
5356 126448
5357 127671
5358 126847
5359 127002
5360 126569
5361 127262
5362 127609
5363 127171
5364 126921
5365 127165
5366 126898
5367 127109
5368 127130
5369 126917
5370 126997
5371 127065
5372 127029
5373 127012
5374 127838
5375 127456
5376 127184
5377 127082
5378 127133
5379 127498
5380 126833
5381 127125
5382 126752
5383 126784
5384 127039
5385 127453
5386 127053
5387 126842
5388 127197
5389 127029
5390 126445
5391 126978
5392 126647
5393 126522
5394 127136
5395 126987
5396 127194
5397 127262
5398 126853
5399 126933
5400 127061
5401 126765
5402 127483
5403 126897
5404 127139
5405 127169
5406 127109
5407 127209
5408 127006
5409 127102
5410 126664
5411 126429
5412 127058
5413 126854
5414 126667
5415 126913
5416 126404
5417 127210
5418 127009
5419 126643
5420 126926
5421 127044
5422 126484
5423 126344
5424 126846
5425 127088
5426 126594
5427 126509
5428 126725
5429 126644
5430 126353
5431 126672
5432 126718
5433 126322
5434 126636
5435 126601
5436 126612
5437 126853
5438 126971
5439 126588
5440 126896
5441 126803
5442 126252
5443 126280
5444 127092
5445 126455
5446 126539
5447 126372
5448 126353
5449 126784
5450 126427
5451 126164
5452 126325
5453 126879
5454 126180
5455 126573
5456 126663
5457 126520
5458 126911
5459 126305
5460 126710
5461 126843
5462 126366
5463 126872
5464 126294
5465 126421
5466 126641
5467 126186
5468 125782
5469 126268
5470 126624
5471 126445
5472 126442
5473 126597
5474 126398
5475 126255
5476 125708
5477 126398
5478 126563
5479 125689
5480 126183
5481 126187
5482 125927
5483 125818
5484 126123
5485 125970
5486 125497
5487 126232
5488 125847
5489 125411
5490 125495
5491 125674
5492 125163
5493 125770
5494 125768
5495 126703
5496 125575
5497 125804
5498 125637
5499 125495
5500 125433
5501 125497
5502 125800
5503 126245
5504 125809
5505 125297
5506 125541
5507 125198
5508 125712
5509 125464
5510 125718
5511 125709
5512 125506
5513 125375
5514 125761
5515 125595
5516 125892
5517 125815
5518 125697
5519 125819
5520 125423
5521 125268
5522 125658
5523 125565
5524 125497
5525 125857
5526 125445
5527 126144
5528 125296
5529 125893
5530 125773
5531 125346
5532 125625
5533 125449
5534 125384
5535 126173
5536 125495
5537 126108
5538 125666
5539 125579
5540 125600
5541 125332
5542 126003
5543 125477
5544 125247
5545 125416
5546 125212
5547 125798
5548 125697
5549 125650
5550 125566
5551 125652
5552 125576
5553 125837
5554 125574
5555 125777
5556 125489
5557 125686
5558 125198
5559 125516
5560 125455
5561 125219
5562 124673
5563 125127
5564 125414
5565 125048
5566 125044
5567 124292
5568 125413
5569 125562
5570 125003
5571 125558
5572 124934
5573 125513
5574 125637
5575 125644
5576 125402
5577 125751
5578 125331
5579 125462
5580 125401
5581 125815
5582 125506
5583 124667
5584 125248
5585 125218
5586 124907
5587 125278
5588 125185
5589 125463
5590 125080
5591 125358
5592 125560
5593 124977
5594 125200
5595 125349
5596 125390
5597 125270
5598 125164
5599 125969
5600 125208
5601 125290
5602 124991
5603 125879
5604 125635
5605 125807
5606 125526
5607 125072
5608 125742
5609 124960
5610 125170
5611 125471
5612 125582
5613 125322
5614 125133
5615 125130
5616 125708
5617 125549
5618 125337
5619 125718
5620 125406
5621 125498
5622 125577
5623 125793
5624 125650
5625 125389
5626 125598
5627 125792
5628 125654
5629 126068
5630 125911
5631 125931
5632 126442
5633 126556
5634 126466
5635 125771
5636 126202
5637 126445
5638 126237
5639 126487
5640 126975
5641 126110
5642 126481
5643 126586
5644 126456
5645 126617
5646 126843
5647 127032
5648 126668
5649 126546
5650 126429
5651 126559
5652 126596
5653 126442
5654 126081
5655 126246
5656 126324
5657 126774
5658 126397
5659 126288
5660 126126
5661 125950
5662 126241
5663 126541
5664 125841
5665 126016
5666 125581
5667 126244
5668 125778
5669 125747
5670 125643
5671 125490
5672 125564
5673 125635
5674 125240
5675 125232
5676 125394
5677 124710
5678 124937
5679 125214
5680 124614
5681 124677
5682 125013
5683 125317
5684 125080
5685 125267
5686 124514
5687 124729
5688 124746
5689 124465
5690 124386
5691 124498
5692 124123
5693 124646
5694 124250
5695 124115
5696 124127
5697 124277
5698 124089
5699 123943
5700 123439
5701 124343
5702 124092
5703 123763
5704 123899
5705 123989
5706 123850
5707 123443
5708 123564
5709 123135
5710 123333
5711 123895
5712 123918
5713 123799
5714 123684
5715 123973
5716 123384
5717 123252
5718 123188
5719 124087
5720 123012
5721 123659
5722 123484
5723 123267
5724 123220
5725 123248
5726 123667
5727 123437
5728 123042
5729 123249
5730 123446
5731 123247
5732 122882
5733 123230
5734 123525
5735 123101
5736 123277
5737 123636
5738 123409
5739 123124
5740 123294
5741 123168
5742 123005
5743 122694
5744 122936
5745 122987
5746 123139
5747 123027
5748 123640
5749 122405
5750 123100
5751 122776
5752 122634
5753 122918
5754 122365
5755 122601
5756 123346
5757 122958
5758 122805
5759 122898
5760 122731
5761 123124
5762 123193
5763 123067
5764 122962
5765 122790
5766 122113
5767 122736
5768 122690
5769 122356
5770 122530
5771 122482
5772 122635
5773 122839
5774 122399
5775 122370
5776 122556
5777 122551
5778 121879
5779 122298
5780 122559
5781 122486
5782 121796
5783 122627
5784 121826
5785 122238
5786 122364
5787 122386
5788 122955
5789 122399
5790 122680
5791 122463
5792 122929
5793 122820
5794 122936
5795 122649
5796 122815
5797 122411
5798 122825
5799 122637
5800 122629
5801 122029
5802 122393
5803 122858
5804 122640
5805 122725
5806 122120
5807 122617
5808 122376
5809 122796
5810 122802
5811 122573
5812 122071
5813 122668
5814 123244
5815 122694
5816 122545
5817 122419
5818 122965
5819 122698
5820 122268
5821 122938
5822 123022
5823 122466
5824 122745
5825 122375
5826 122478
5827 122471
5828 123138
5829 122692
5830 122832
5831 122339
5832 122360
5833 122812
5834 123073
5835 122637
5836 123367
5837 122358
5838 122602
5839 122609
5840 123119
5841 122597
5842 122311
5843 122854
5844 122357
5845 122365
5846 122564
5847 122567
5848 123025
5849 122617
5850 122848
5851 122760
5852 122528
5853 122856
5854 122562
5855 122583
5856 123200
5857 122367
5858 122495
5859 122539
5860 122532
5861 122464
5862 122330
5863 122350
5864 121997
5865 122222
5866 122287
5867 122214
5868 122516
5869 121920
5870 122911
5871 122290
5872 122099
5873 122432
5874 122411
5875 121625
5876 122248
5877 122250
5878 121849
5879 122810
5880 122396
5881 121808
5882 122422
5883 122109
5884 122056
5885 122108
5886 122371
5887 122189
5888 121961
5889 122257
5890 121680
5891 122281
5892 122388
5893 122202
5894 122011
5895 122078
5896 122325
5897 122863
5898 122585
5899 122390
5900 122609
5901 122093
5902 122157
5903 122111
5904 122425
5905 122325
5906 122033
5907 122028
5908 122551
5909 122300
5910 123019
5911 121774
5912 122304
5913 122257
5914 122045
5915 122274
5916 122488
5917 122679
5918 122286
5919 122204
5920 122645
5921 122257
5922 122620
5923 122379
5924 122185
5925 122468
5926 122313
5927 121909
5928 122574
5929 122267
5930 122300
5931 121913
5932 122230
5933 122486
5934 122795
5935 122991
5936 122216
5937 122312
5938 122373
5939 122450
5940 122819
5941 122709
5942 122734
5943 122880
5944 122767
5945 122841
5946 122761
5947 122843
5948 122652
5949 122654
5950 122011
5951 122427
5952 122792
5953 122804
5954 123237
5955 121929
5956 122688
5957 122554
5958 122830
5959 122931
5960 122931
5961 122529
5962 122453
5963 122751
5964 122754
5965 122139
5966 122574
5967 122758
5968 122885
5969 122637
5970 122510
5971 122771
5972 122463
5973 122712
5974 122931
5975 122784
5976 122540
5977 122806
5978 122543
5979 122691
5980 122676
5981 122429
5982 122871
5983 122873
5984 123033
5985 122695
5986 123045
5987 122602
5988 122995
5989 122762
5990 122339
5991 122215
5992 122561
5993 122719
5994 122643
5995 123125
5996 123087
5997 122619
5998 122615
5999 122626
6000 123215
6001 122717
6002 122851
6003 122805
6004 123168
6005 122283
6006 122730
6007 122928
6008 123075
6009 122531
6010 123356
6011 123272
6012 122787
6013 122910
6014 122963
6015 123134
6016 122553
6017 123146
6018 122961
6019 123474
6020 122824
6021 123265
6022 122841
6023 123592
6024 123683
6025 123283
6026 123029
6027 123432
6028 123077
6029 122815
6030 123544
6031 123055
6032 123469
6033 123320
6034 123523
6035 123425
6036 123322
6037 123520
6038 122995
6039 123174
6040 123586
6041 123107
6042 123137
6043 123399
6044 123661
6045 123588
6046 123267
6047 123338
6048 123648
6049 123446
6050 123807
6051 124242
6052 123516
6053 123729
6054 123578
6055 123377
6056 123459
6057 123728
6058 123546
6059 123019
6060 124013
6061 124187
6062 124327
6063 124200
6064 124235
6065 123606
6066 124267
6067 124686
6068 123967
6069 123924
6070 124370
6071 124893
6072 124609
6073 124177
6074 124345
6075 124266
6076 124528
6077 124209
6078 124421
6079 124770
6080 125197
6081 124463
6082 124797
6083 125032
6084 125080
6085 125296
6086 125132
6087 125195
6088 125188
6089 125525
