H11890
GateTime 10
GateNumber 0
SN 30430302
0 207157
1 206712
2 206910
3 206895
4 206874
5 206419
6 207076
7 207240
8 206810
9 206999
10 206737
11 207039
12 206718
13 207009
14 206789
15 206504
16 206635
17 207030
18 206650
19 207001
20 206842
21 206891
22 206852
23 206778
24 206858
25 206852
26 206468
27 206933
28 206966
29 206214
30 206854
31 206808
32 206565
33 206885
34 206677
35 206840
36 206590
37 206601
38 206735
39 206589
40 206841
41 206755
42 206254
43 207077
44 206814
45 206894
46 207168
47 206866
48 207148
49 207257
50 206261
51 207162
52 207146
53 206754
54 207155
55 207170
56 206545
57 206331
58 207010
59 206731
60 207020
61 207041
62 207177
63 207202
64 206678
65 206799
66 206843
67 206600
68 206778
69 206964
70 206704
71 206916
72 207081
73 207205
74 206844
75 206775
76 207159
77 207176
78 207053
79 206639
80 206736
81 206819
82 207003
83 206846
84 206485
85 206773
86 207107
87 206828
88 206987
89 207169
90 206893
91 206944
92 207084
93 206916
94 206366
95 206418
96 206921
97 206702
98 206571
99 206452
100 206978
101 206877
102 206484
103 206562
104 206933
105 207005
106 206919
107 206587
108 206909
109 206586
110 206704
111 206415
112 206709
113 207051
114 206972
115 206331
116 206808
117 206883
118 206720
119 206765
120 206529
121 206906
122 206606
123 206792
124 206893
125 207163
126 206930
127 206927
128 206902
129 206123
130 206654
131 206689
132 206412
133 206649
134 206620
135 206863
136 207337
137 206716
138 206724
139 206193
140 206853
141 206840
142 206540
143 207236
144 206870
145 206268
146 206149
147 206792
148 206742
149 206419
150 207158
151 206711
152 206362
153 206262
154 207002
155 206893
156 206447
157 206347
158 206702
159 206935
160 206918
161 206378
162 206618
163 206913
164 207074
165 207254
166 206727
167 206561
168 206867
169 206596
170 207441
171 206541
172 206174
173 206958
174 207019
175 206607
176 206573
177 206980
178 206704
179 207229
180 206627
181 206920
182 206763
183 206822
184 206506
185 207238
186 206552
187 206912
188 206863
189 206843
190 206565
191 206982
192 206990
193 206623
194 206185
195 206621
196 206373
197 207320
198 206397
199 206855
200 206678
201 206306
202 206679
203 206322
204 206053
205 206772
206 206531
207 206274
208 206839
209 206621
210 206589
211 206541
212 205898
213 205918
214 206813
215 206267
216 206366
217 206840
218 206353
219 206502
220 206722
221 206038
222 206727
223 206655
224 206567
225 206885
226 206324
227 206045
228 206008
229 206766
230 206228
231 206611
232 206717
233 206247
234 206316
235 206142
236 206445
237 206812
238 206417
239 206111
240 206760
241 206600
242 206016
243 206035
244 206363
245 206526
246 206387
247 206042
248 206351
249 206632
250 205986
251 205751
252 206000
253 206325
254 206551
255 206302
256 205927
257 206216
258 206461
259 206860
260 205826
261 206506
262 205936
263 206288
264 206106
265 206812
266 206338
267 206465
268 206367
269 206205
270 206175
271 206717
272 206430
273 206370
274 206206
275 206367
276 206296
277 206418
278 206325
279 206204
280 206183
281 206093
282 205855
283 206245
284 205740
285 206171
286 206793
287 206387
288 205743
289 206303
290 206327
291 206118
292 206630
293 206483
294 206333
295 206514
296 207002
297 206313
298 207067
299 206365
300 206265
301 206534
302 206402
303 205778
304 206519
305 206027
306 206399
307 206604
308 206960
309 205843
310 206731
311 206284
312 206309
313 206385
314 206479
315 206287
316 206056
317 206164
318 205836
319 206177
320 206943
321 206613
322 205689
323 206095
324 206055
325 206073
326 206159
327 206885
328 206356
329 206619
330 206602
331 206585
332 206423
333 206046
334 206136
335 205982
336 206327
337 205972
338 206075
339 206604
340 205836
341 206056
342 206527
343 206343
344 206662
345 206167
346 205966
347 206242
348 205716
349 206082
350 205976
351 206013
352 206645
353 206127
354 206261
355 206273
356 206269
357 206020
358 205812
359 205835
360 205566
361 206563
362 205714
363 206225
364 206332
365 205808
366 206520
367 205776
368 206186
369 205678
370 206286
371 206820
372 206484
373 205620
374 206210
375 205874
376 206260
377 206348
378 206456
379 205712
380 206161
381 206326
382 206412
383 206319
384 206009
385 206098
386 205973
387 206006
388 206251
389 205998
390 205935
391 206168
392 206065
393 206562
394 207170
395 206324
396 206139
397 206517
398 206405
399 205834
400 206166
401 205855
402 206213
403 206059
404 206161
405 206148
406 206187
407 206026
408 206299
409 206071
410 205966
411 206905
412 205694
413 206467
414 206662
415 205923
416 206141
417 206285
418 206451
419 206986
420 206400
421 205971
422 205923
423 206214
424 206033
425 206383
426 205592
427 206070
428 206704
429 206210
430 206361
431 206016
432 206034
433 205722
434 206579
435 206119
436 206383
437 205911
438 206228
439 206479
440 206369
441 206179
442 206138
443 205904
444 205944
445 206479
446 206112
447 206394
448 206604
449 206037
450 205863
451 205954
452 206364
453 206260
454 206093
455 205760
456 205747
457 206121
458 206434
459 205928
460 206160
461 206301
462 206571
463 206184
464 206302
465 205530
466 206420
467 206546
468 205910
469 206475
470 206515
471 206262
472 206128
473 206317
474 206154
475 206130
476 206591
477 206323
478 206602
479 206182
480 206373
481 206292
482 206282
483 206928
484 206490
485 205686
486 206595
487 205989
488 206448
489 206361
490 206054
491 206140
492 206199
493 205977
494 206603
495 206391
496 206071
497 206264
498 206481
499 206016
500 206478
501 206073
502 206364
503 206490
504 206380
505 206057
506 206078
507 206444
508 206762
509 206428
510 206094
511 205837
512 206509
513 206128
514 206292
515 205931
516 206506
517 206331
518 206841
519 206196
520 205783
521 206147
522 205994
523 206035
524 206161
525 205725
526 205978
527 205733
528 205658
529 205734
530 206008
531 206078
532 205758
533 206005
534 205866
535 206119
536 206395
537 205706
538 206000
539 205338
540 205781
541 205455
542 205751
543 206049
544 206839
545 206211
546 205637
547 206407
548 206269
549 205714
550 206188
551 205935
552 206117
553 206081
554 205700
555 205973
556 205890
557 205652
558 205817
559 205988
560 206038
561 206022
562 206081
563 205926
564 205932
565 205966
566 206091
567 206047
568 205677
569 205578
570 206105
571 205497
572 206151
573 206280
574 205702
575 206651
576 205832
577 206064
578 206034
579 206309
580 206328
581 205643
582 206041
583 205883
584 206161
585 205846
586 205968
587 206191
588 206137
589 206147
590 206638
591 206109
592 206482
593 206116
594 206470
595 205910
596 206018
597 205938
598 206041
599 206335
600 206167
601 205901
602 205822
603 206195
604 205931
605 206001
606 205720
607 206194
608 206069
609 206284
610 205575
611 205951
612 205703
613 206239
614 205876
615 206058
616 206256
617 206609
618 206463
619 205964
620 206168
621 205528
622 206214
623 205978
624 205901
625 205983
626 205771
627 206315
628 206027
629 205909
630 206160
631 205928
632 205676
633 205735
634 206293
635 205610
636 206157
637 205978
638 205877
639 205722
640 205887
641 205657
642 206008
643 206024
644 205939
645 205754
646 205992
647 205174
648 205549
649 206052
650 205815
651 205975
652 205750
653 205770
654 205266
655 205879
656 206062
657 206194
658 205519
659 205827
660 205945
661 205500
662 205879
663 205436
664 206126
665 205702
666 206130
667 205705
668 206280
669 206020
670 205519
671 205838
672 205712
673 206041
674 206068
675 206326
676 205551
677 205925
678 206164
679 206497
680 205994
681 205906
682 205796
683 205970
684 205667
685 206409
686 206161
687 206498
688 205984
689 205701
690 205708
691 205526
692 205918
693 205866
694 205445
695 206457
696 205732
697 205190
698 206188
699 205045
700 206192
701 205808
702 206300
703 206028
704 205916
705 206065
706 205783
707 206038
708 205924
709 205831
710 205796
711 205625
712 205933
713 206040
714 205658
715 206114
716 205868
717 205825
718 205934
719 205338
720 205431
721 205485
722 206388
723 205780
724 206382
725 205977
726 206632
727 205836
728 206453
729 206129
730 205953
731 205827
732 205987
733 206350
734 206368
735 206760
736 206166
737 206080
738 206137
739 206334
740 206211
741 206671
742 206432
743 206039
744 206447
745 206729
746 206182
747 206112
748 206750
749 206116
750 206823
751 206181
752 206435
753 206291
754 206173
755 206361
756 206856
757 206593
758 206133
759 206146
760 206275
761 206541
762 206677
763 206320
764 206364
765 205953
766 206323
767 206444
768 206413
769 206364
770 206380
771 206169
772 205991
773 206412
774 205594
775 205917
776 205989
777 205871
778 205942
779 205874
780 206034
781 205643
782 205829
783 205601
784 205757
785 205948
786 205951
787 206255
788 206593
789 205760
790 206236
791 206091
792 205597
793 205772
794 206008
795 206267
796 205708
797 205954
798 206493
799 206073
800 206164
801 206407
802 205684
803 205844
804 206150
805 206265
806 206259
807 206110
808 205798
809 206381
810 205987
811 206262
812 205717
813 205964
814 206476
815 206431
816 206559
817 206491
818 206776
819 206220
820 206318
821 206113
822 206668
823 205980
824 206235
825 206119
826 206279
827 206081
828 206486
829 205730
830 206564
831 206120
832 206457
833 206497
834 206393
835 206722
836 206489
837 206160
838 206187
839 206444
840 206222
841 205971
842 206016
843 205903
844 206203
845 206042
846 206567
847 205894
848 206553
849 206108
850 206181
851 206609
852 206257
853 206350
854 206172
855 206270
856 206133
857 205688
858 206504
859 206722
860 206357
861 206353
862 206030
863 206783
864 206052
865 206429
866 206190
867 206332
868 206135
869 206079
870 205820
871 206413
872 206279
873 206271
874 206193
875 206430
876 206474
877 206282
878 206459
879 206324
880 205908
881 206753
882 206498
883 206270
884 206591
885 206278
886 206343
887 206000
888 205776
889 206034
890 206201
891 206345
892 205727
893 206558
894 205514
895 206289
896 206169
897 206302
898 206418
899 205926
900 205981
901 206099
902 206740
903 205856
904 206047
905 206521
906 205903
907 205364
908 206143
909 206276
910 206326
911 205614
912 206075
913 205957
914 205861
915 205942
916 206339
917 206245
918 206053
919 206026
920 206074
921 206405
922 205579
923 205700
924 205929
925 205694
926 205847
927 205332
928 206158
929 206295
930 206329
931 205808
932 205988
933 206463
934 205759
935 205586
936 206050
937 205822
938 206262
939 206175
940 205878
941 205782
942 205808
943 205391
944 206064
945 205778
946 205723
947 205314
948 205544
949 205887
950 205701
951 205981
952 206013
953 205722
954 205808
955 205779
956 206401
957 205175
958 205810
959 206232
960 206167
961 206024
962 205785
963 205822
964 206094
965 205731
966 206165
967 205805
968 205412
969 206008
970 205206
971 205742
972 205870
973 205591
974 205836
975 206273
976 205918
977 205315
978 205830
979 205415
980 205249
981 205863
982 205479
983 205049
984 205849
985 205291
986 205521
987 206009
988 205388
989 205177
990 205418
991 205135
992 205918
993 205768
994 205337
995 205683
996 205408
997 205346
998 206172
999 206205
1000 205510
1001 205568
1002 205594
1003 205252
1004 205798
1005 205495
1006 206286
1007 205712
1008 205520
1009 204805
1010 205861
1011 205449
1012 205505
1013 205400
1014 205447
1015 205344
1016 205777
1017 205727
1018 205486
1019 205714
1020 205503
1021 205211
1022 205540
1023 205434
1024 205320
1025 205098
1026 205881
1027 205230
1028 205760
1029 205727
1030 205694
1031 206238
1032 205605
1033 205210
1034 205438
1035 205759
1036 205786
1037 205552
1038 205057
1039 205508
1040 205516
1041 205357
1042 205428
1043 205295
1044 205358
1045 205546
1046 205196
1047 205337
1048 205873
1049 205757
1050 205541
1051 205972
1052 205557
1053 205580
1054 205718
1055 205440
1056 205873
1057 205469
1058 205285
1059 205466
1060 205855
1061 205602
1062 205578
1063 205370
1064 205025
1065 205608
1066 205234
1067 205206
1068 205872
1069 205133
1070 205362
1071 205591
1072 205623
1073 205797
1074 205265
1075 205406
1076 205486
1077 205111
1078 205136
1079 205066
1080 205563
1081 205070
1082 205728
1083 205648
1084 205513
1085 205640
1086 205273
1087 205399
1088 204927
1089 205086
1090 205509
1091 205277
1092 205156
1093 205483
1094 205488
1095 205438
1096 205814
1097 205106
1098 205626
1099 205357
1100 205199
1101 205232
1102 205932
1103 205355
1104 205195
1105 205161
1106 205404
1107 205344
1108 205219
1109 205221
1110 205443
1111 204759
1112 204744
1113 205392
1114 205471
1115 205428
1116 205125
1117 205466
1118 205083
1119 205221
1120 204979
1121 205506
1122 204959
1123 205197
1124 205518
1125 205482
1126 205218
1127 205451
1128 205095
1129 205145
1130 205247
1131 205074
1132 205431
1133 205138
1134 204699
1135 205231
1136 205182
1137 205424
1138 205478
1139 205052
1140 204783
1141 205133
1142 204998
1143 205111
1144 204901
1145 205049
1146 205303
1147 205138
1148 205601
1149 204689
1150 204939
1151 204888
1152 205422
1153 205276
1154 205166
1155 205005
1156 205386
1157 204912
1158 205426
1159 204918
1160 204779
1161 205565
1162 205350
1163 205143
1164 205523
1165 205227
1166 204665
1167 204865
1168 204625
1169 205113
1170 204957
1171 204572
1172 204763
1173 204985
1174 205207
1175 204802
1176 204704
1177 205047
1178 204464
1179 204468
1180 204636
1181 205092
1182 204836
1183 205190
1184 204812
1185 204758
1186 204638
1187 204622
1188 204606
1189 204659
1190 204615
1191 204634
1192 204511
1193 204294
1194 204444
1195 205105
1196 204526
1197 204216
1198 204695
1199 204876
1200 204511
1201 204759
1202 204488
1203 204813
1204 204956
1205 204658
1206 204951
1207 204642
1208 205297
1209 204909
1210 204892
1211 204747
1212 204646
1213 204524
1214 204862
1215 204805
1216 204940
1217 204520
1218 204483
1219 205074
1220 204647
1221 204834
1222 204758
1223 205211
1224 204576
1225 204331
1226 204885
1227 204354
1228 204751
1229 204583
1230 203832
1231 204454
1232 204440
1233 204701
1234 204339
1235 204223
1236 203961
1237 204312
1238 204765
1239 204282
1240 204226
1241 203978
1242 204201
1243 204433
1244 204294
1245 204532
1246 204157
1247 204564
1248 204395
1249 204677
1250 204624
1251 204272
1252 204478
1253 204510
1254 204279
1255 204641
1256 204495
1257 204137
1258 204892
1259 204216
1260 204234
1261 203647
1262 204501
1263 204564
1264 204068
1265 204574
1266 204286
1267 204583
1268 204545
1269 204506
1270 204540
1271 204578
1272 204153
1273 204030
1274 204216
1275 203934
1276 203680
1277 204773
1278 204457
1279 203858
1280 204445
1281 204899
1282 204030
1283 205034
1284 204568
1285 203769
1286 204401
1287 204672
1288 204176
1289 204353
1290 204862
1291 204474
1292 204328
1293 204316
1294 203939
1295 204507
1296 204756
1297 204070
1298 204067
1299 204238
1300 204272
1301 203890
1302 203890
1303 203674
1304 204351
1305 204407
1306 203763
1307 204408
1308 203708
1309 203817
1310 204767
1311 203706
1312 204032
1313 204352
1314 204248
1315 203753
1316 204068
1317 203913
1318 203639
1319 204852
1320 203976
1321 204050
1322 203782
1323 204251
1324 203796
1325 204193
1326 203916
1327 204102
1328 203909
1329 204055
1330 204469
1331 204016
1332 203740
1333 204280
1334 203538
1335 203875
1336 203681
1337 204056
1338 203492
1339 204058
1340 203716
1341 203525
1342 203312
1343 203731
1344 203959
1345 204225
1346 203890
1347 203788
1348 204139
1349 203577
1350 203299
1351 203793
1352 203670
1353 203839
1354 203888
1355 203731
1356 203299
1357 203558
1358 204290
1359 203894
1360 203665
1361 203805
1362 203365
1363 203922
1364 204513
1365 203667
1366 203596
1367 203169
1368 203547
1369 203695
1370 203644
1371 203890
1372 203911
1373 203938
1374 203348
1375 203720
1376 203690
1377 203822
1378 203558
1379 203686
1380 203550
1381 203627
1382 203402
1383 203611
1384 204074
1385 203532
1386 203933
1387 203754
1388 203189
1389 203097
1390 204006
1391 204207
1392 203378
1393 204011
1394 203714
1395 203808
1396 203818
1397 203341
1398 203648
1399 204053
1400 203603
1401 203967
1402 203586
1403 203318
1404 203483
1405 204280
1406 204141
1407 203894
1408 203965
1409 203846
1410 203353
1411 203683
1412 203676
1413 203967
1414 203701
1415 203681
1416 203378
1417 203999
1418 203869
1419 203565
1420 203647
1421 203822
1422 203701
1423 203679
1424 203622
1425 203892
1426 203469
1427 204061
1428 204216
1429 204150
1430 203812
1431 203910
1432 203542
1433 203873
1434 203504
1435 204591
1436 203936
1437 203910
1438 203773
1439 203665
1440 204126
1441 203472
1442 204037
1443 203948
1444 203920
1445 203697
1446 204355
1447 204088
1448 203988
1449 204397
1450 204570
1451 204049
1452 203922
1453 204121
1454 204049
1455 204444
1456 204290
1457 204315
1458 203916
1459 204195
1460 204141
1461 204640
1462 203850
1463 204142
1464 204456
1465 204260
1466 203720
1467 204260
1468 204116
1469 204076
1470 204007
1471 204235
1472 203790
1473 204113
1474 204400
1475 204147
1476 204087
1477 204107
1478 204440
1479 204253
1480 204388
1481 203917
1482 204086
1483 203779
1484 204359
1485 204193
1486 204448
1487 204380
1488 204155
1489 204251
1490 203864
1491 203568
1492 204668
1493 204616
1494 204122
1495 204254
1496 204114
1497 204573
1498 204325
1499 204909
1500 204509
1501 203898
1502 204340
1503 204012
1504 203964
1505 204262
1506 204244
1507 204211
1508 204232
1509 204065
1510 203743
1511 204396
1512 204377
1513 203874
1514 203954
1515 204133
1516 204438
1517 204787
1518 204023
1519 204877
1520 204112
1521 204685
1522 204324
1523 204021
1524 204406
1525 204239
1526 203672
1527 204113
1528 203802
1529 204277
1530 203942
1531 204195
1532 204125
1533 204492
1534 204226
1535 204396
1536 204060
1537 203988
1538 204204
1539 204478
1540 204524
1541 204652
1542 204113
1543 204565
1544 203964
1545 204316
1546 204429
1547 204315
1548 204303
1549 204158
1550 204814
1551 204591
1552 204536
1553 204196
1554 204622
1555 204528
1556 204059
1557 204206
1558 203892
1559 204407
1560 204477
1561 204225
1562 204469
1563 204813
1564 204560
1565 204340
1566 204793
1567 204819
1568 204554
1569 204780
1570 204609
1571 204984
1572 205304
1573 204775
1574 204508
1575 204507
1576 204566
1577 205026
1578 204826
1579 205018
1580 204895
1581 205051
1582 204440
1583 204899
1584 204691
1585 204361
1586 204400
1587 205055
1588 204929
1589 204466
1590 205150
1591 204764
1592 204690
1593 204626
1594 204267
1595 204463
1596 204939
1597 204750
1598 204846
1599 204735
1600 205201
1601 205094
1602 204807
1603 204816
1604 204934
1605 204486
1606 204508
1607 204710
1608 204765
1609 204803
1610 205201
1611 204989
1612 205273
1613 205010
1614 204588
1615 205038
1616 204849
1617 205242
1618 205305
1619 204696
1620 204685
1621 204650
1622 204885
1623 205289
1624 205544
1625 205014
1626 204871
1627 204729
1628 204912
1629 205109
1630 204869
1631 205005
1632 204870
1633 204670
1634 205121
1635 204741
1636 204743
1637 204913
1638 205033
1639 205036
1640 204800
1641 204888
1642 205015
1643 204796
1644 205544
1645 205224
1646 205458
1647 205906
1648 204884
1649 205075
1650 205749
1651 205049
1652 204970
1653 205865
1654 204477
1655 205646
1656 205172
1657 205448
1658 205069
1659 205459
1660 205059
1661 205329
1662 205247
1663 205095
1664 205719
1665 204897
1666 205038
1667 204670
1668 205066
1669 205162
1670 205041
1671 205406
1672 204888
1673 205135
1674 204867
1675 204896
1676 205037
1677 205400
1678 204574
1679 205230
1680 205268
1681 204963
1682 204811
1683 204807
1684 204512
1685 204927
1686 204848
1687 205349
1688 205034
1689 204927
1690 205526
1691 205548
1692 204967
1693 205013
1694 205352
1695 205273
1696 205281
1697 205369
1698 205203
1699 205370
1700 205592
1701 205500
1702 205644
1703 205367
1704 204967
1705 205575
1706 205360
1707 205287
1708 205561
1709 205491
1710 205047
1711 205243
1712 205661
1713 205394
1714 206116
1715 204905
1716 205375
1717 205055
1718 205202
1719 204992
1720 205419
1721 204990
1722 205685
1723 205424
1724 205540
1725 205359
1726 204824
1727 205443
1728 205205
1729 205032
1730 205172
1731 205036
1732 204868
1733 205541
1734 205151
1735 205025
1736 205616
1737 205242
1738 205607
1739 205404
1740 205376
1741 205738
1742 204941
1743 205290
1744 205102
1745 205559
1746 205440
1747 205539
1748 205104
1749 205188
1750 205176
1751 205112
1752 204755
1753 205430
1754 205870
1755 205350
1756 204850
1757 205579
1758 205008
1759 205479
1760 204633
1761 205283
1762 204727
1763 205676
1764 205573
1765 205243
1766 205377
1767 205573
1768 205376
1769 205544
1770 205335
1771 205418
1772 205363
1773 205563
1774 205490
1775 205286
1776 205153
1777 205343
1778 205096
1779 205681
1780 205313
1781 205909
1782 205305
1783 205803
1784 205666
1785 204986
1786 205516
1787 205197
1788 204545
1789 205425
1790 205007
1791 205072
1792 205225
1793 205376
1794 205765
1795 205721
1796 205781
1797 205309
1798 205847
1799 205228
1800 205411
1801 205157
1802 205236
1803 205076
1804 205424
1805 205534
1806 205325
1807 205342
1808 205493
1809 205235
1810 205449
1811 205477
1812 205123
1813 205093
1814 205148
1815 205214
1816 205763
1817 206391
1818 205735
1819 205275
1820 205574
1821 205153
1822 205318
1823 205476
1824 205468
1825 205627
1826 205213
1827 205675
1828 205526
1829 206133
1830 205124
1831 205203
1832 205161
1833 205933
1834 205440
1835 205312
1836 205429
1837 205651
1838 205831
1839 205367
1840 206272
1841 205395
1842 205375
1843 205703
1844 205174
1845 205739
1846 205525
1847 205471
1848 205435
1849 205551
1850 205858
1851 205353
1852 205637
1853 205841
1854 205116
1855 205933
1856 205958
1857 205460
1858 205831
1859 205352
1860 205613
1861 205541
1862 205506
1863 205833
1864 205652
1865 206086
1866 205549
1867 205688
1868 205933
1869 205604
1870 205698
1871 205770
1872 205535
1873 205545
1874 205843
1875 206005
1876 205858
1877 205758
1878 206172
1879 205938
1880 205755
1881 206168
1882 206048
1883 205501
1884 205401
1885 206283
1886 205696
1887 205837
1888 205839
1889 205728
1890 205570
1891 205722
1892 205366
1893 205563
1894 205837
1895 205432
1896 205205
1897 205760
1898 205607
1899 205525
1900 205416
1901 205055
1902 205590
1903 205722
1904 205844
1905 205634
1906 205588
1907 205535
1908 205619
1909 205813
1910 205682
1911 205830
1912 205824
1913 205843
1914 205833
1915 205224
1916 205153
1917 205514
1918 205752
1919 205817
1920 205652
1921 205017
1922 205633
1923 205508
1924 205442
1925 205849
1926 205448
1927 205457
1928 205083
1929 205691
1930 205677
1931 205363
1932 205425
1933 205358
1934 205592
1935 205026
1936 205785
1937 205623
1938 205807
1939 204954
1940 205680
1941 205530
1942 205091
1943 205051
1944 205629
1945 204983
1946 205619
1947 205384
1948 205450
1949 205171
1950 205179
1951 205204
1952 205366
1953 205646
1954 205119
1955 205441
1956 204962
1957 205122
1958 205134
1959 204506
1960 204836
1961 204850
1962 204738
1963 205192
1964 205121
1965 205166
1966 205526
1967 204967
1968 205447
1969 205537
1970 205156
1971 205453
1972 205680
1973 205176
1974 205369
1975 204895
1976 205021
1977 205186
1978 205018
1979 205226
1980 205562
1981 205152
1982 205182
1983 204471
1984 205206
1985 204957
1986 204782
1987 205163
1988 205552
1989 205352
1990 205260
1991 205391
1992 205596
1993 205203
1994 205475
1995 205447
1996 204761
1997 205088
1998 205482
1999 205577
2000 205643
2001 204783
2002 205379
2003 205055
2004 204926
2005 204624
2006 204988
2007 205060
2008 204605
2009 204772
2010 205328
2011 204918
2012 205064
2013 205101
2014 204803
2015 205819
2016 205232
2017 205396
2018 205503
2019 204806
2020 205368
2021 205074
2022 204979
2023 204842
2024 204710
2025 204790
2026 205478
2027 205019
2028 204789
2029 205128
2030 205041
2031 205387
2032 205102
2033 205124
2034 205242
2035 204713
2036 204761
2037 205210
2038 205076
2039 205037
2040 204741
2041 205102
2042 205539
2043 204643
2044 204983
2045 205006
2046 204685
2047 205358
2048 204968
2049 205047
2050 205047
2051 204553
2052 205190
2053 204335
2054 204773
2055 204910
2056 205009
2057 205027
2058 205285
2059 204694
2060 205486
2061 205704
2062 204878
2063 205049
2064 205121
2065 205006
2066 205175
2067 205657
2068 204624
2069 205278
2070 205172
2071 204598
2072 205539
2073 204964
2074 205212
2075 204984
2076 205047
2077 205110
2078 205133
2079 204905
2080 204797
2081 205014
2082 205390
2083 205038
2084 205345
2085 205237
2086 204935
2087 205331
2088 205151
2089 204962
2090 205422
2091 205039
2092 205305
2093 205575
2094 205805
2095 205626
2096 205499
2097 205263
2098 205498
2099 205536
2100 205268
2101 205540
2102 205332
2103 205116
2104 205533
2105 204748
2106 204830
2107 205190
2108 205020
2109 204949
2110 204744
2111 204410
2112 205187
2113 204959
2114 204890
2115 204684
2116 204830
2117 204777
2118 204824
2119 205108
2120 204750
2121 204289
2122 204726
2123 204834
2124 204634
2125 204465
2126 204782
2127 205043
2128 204636
2129 204621
2130 205022
2131 204974
2132 204680
2133 204964
2134 204232
2135 204954
2136 204594
2137 204358
2138 204551
2139 204550
2140 203855
2141 204322
2142 204769
2143 204693
2144 204587
2145 204956
2146 204602
2147 204747
2148 204476
2149 204730
2150 204606
2151 204758
2152 204872
2153 204941
2154 204425
2155 204753
2156 205440
2157 205145
2158 204636
2159 204741
2160 205134
2161 204928
2162 204858
2163 205172
2164 204926
2165 204555
2166 203999
2167 204554
2168 204667
2169 204939
2170 204863
2171 205098
2172 204476
2173 204353
2174 204944
2175 204728
2176 204686
2177 204720
2178 204689
2179 204883
2180 205118
2181 204051
2182 204439
2183 204569
2184 204404
2185 204965
2186 204814
2187 204613
2188 204652
2189 204433
2190 204738
2191 204686
2192 204918
2193 204471
2194 204261
2195 204631
2196 204939
2197 204905
2198 204284
2199 204654
2200 204599
2201 204579
2202 205108
2203 204382
2204 204931
2205 204607
2206 204251
2207 204803
2208 204774
2209 204483
2210 204677
2211 204599
2212 204518
2213 204424
2214 204718
2215 204217
2216 204298
2217 204387
2218 204955
2219 204723
2220 204559
2221 204949
2222 204207
2223 205047
2224 204267
2225 204246
2226 204578
2227 204305
2228 204689
2229 204248
2230 204396
2231 204385
2232 204178
2233 203755
2234 204268
2235 204224
2236 204475
2237 204461
2238 204510
2239 204166
2240 204415
2241 203931
2242 204168
2243 204580
2244 204380
2245 203762
2246 204443
2247 204323
2248 203790
2249 204248
2250 204298
2251 204684
2252 204417
2253 204213
2254 204571
2255 204610
2256 204366
2257 204356
2258 204428
2259 204697
2260 204345
2261 203889
2262 203804
2263 204588
2264 204017
2265 204292
2266 204259
2267 204036
2268 204303
2269 204323
2270 204193
2271 204465
2272 204172
2273 204331
2274 204569
2275 203953
2276 204204
2277 204270
2278 204529
2279 204066
2280 204300
2281 204148
2282 204028
2283 204000
2284 204138
2285 204053
2286 204169
2287 204481
2288 204414
2289 203809
2290 203990
2291 204103
2292 203748
2293 204553
2294 204044
2295 204550
2296 204427
2297 203795
2298 203940
2299 204082
2300 204226
2301 203639
2302 204205
2303 204131
2304 203815
2305 203737
2306 203927
2307 203776
2308 204090
2309 204165
2310 204065
2311 204409
2312 203951
2313 203685
2314 203643
2315 204319
2316 203746
2317 203863
2318 204361
2319 204232
2320 204135
2321 203826
2322 204305
2323 203658
2324 204276
2325 204310
2326 203757
2327 204136
2328 203834
2329 204345
2330 204236
2331 203587
2332 203949
2333 204355
2334 203789
2335 203975
2336 204560
2337 204388
2338 203910
2339 204144
2340 203910
2341 203661
2342 204095
2343 203900
2344 203824
2345 203798
2346 204077
2347 203748
2348 203703
2349 203806
2350 203613
2351 204360
2352 203935
2353 203819
2354 204162
2355 203687
2356 203441
2357 203153
2358 203735
2359 203623
2360 203716
2361 203939
2362 203519
2363 203680
2364 203775
2365 203931
2366 204318
2367 203908
2368 203358
2369 203668
2370 203897
2371 204406
2372 203565
2373 203617
2374 204469
2375 203805
2376 203919
2377 203783
2378 203911
2379 203939
2380 203992
2381 203850
2382 203681
2383 203842
2384 203481
2385 203964
2386 203546
2387 203999
2388 203968
2389 204029
2390 203333
2391 203674
2392 204040
2393 203732
2394 203908
2395 203631
2396 203703
2397 204061
2398 203442
2399 203728
2400 203651
2401 203535
2402 204228
2403 203890
2404 203573
2405 203769
2406 203443
2407 203657
2408 203609
2409 204011
2410 203643
2411 204256
2412 203559
2413 203363
2414 203766
2415 204005
2416 203815
2417 204275
2418 203614
2419 203328
2420 203248
2421 204288
2422 204433
2423 203818
2424 203814
2425 203550
2426 203786
2427 203929
2428 203331
2429 203626
2430 203883
2431 203805
2432 203512
2433 204200
2434 204166
2435 204564
2436 203556
2437 204152
2438 203900
2439 204202
2440 203912
2441 203829
2442 203533
2443 203526
2444 203188
2445 204333
2446 203897
2447 203964
2448 203763
2449 203783
2450 203410
2451 203778
2452 203542
2453 204063
2454 204031
2455 204371
2456 203670
2457 203412
2458 203842
2459 204045
2460 204114
2461 204408
2462 203516
2463 203895
2464 203402
2465 204233
2466 203808
2467 204387
2468 204059
2469 204288
2470 203845
2471 204355
2472 203700
2473 204369
2474 203842
2475 204167
2476 204008
2477 204297
2478 204190
2479 204385
2480 204138
2481 204122
2482 204880
2483 204202
2484 204024
2485 204335
2486 204185
2487 203754
2488 204273
2489 204072
2490 204183
2491 203836
2492 204624
2493 204536
2494 204669
2495 204000
2496 203855
2497 204159
2498 204077
2499 203886
2500 204602
2501 204779
2502 204190
2503 204203
2504 204224
2505 204855
2506 204416
2507 204391
2508 203804
2509 204118
2510 204088
2511 204122
2512 203806
2513 204466
2514 204473
2515 203931
2516 203396
2517 204280
2518 204362
2519 204008
2520 204263
2521 203984
2522 204160
2523 204817
2524 204480
2525 204541
2526 204370
2527 204427
2528 204209
2529 204096
2530 204110
2531 204196
2532 204223
2533 204178
2534 204215
2535 204388
2536 204624
2537 205032
2538 204620
2539 204007
2540 204183
2541 204125
2542 204061
2543 204022
2544 204639
2545 203977
2546 204134
2547 203937
2548 204525
2549 204398
2550 204802
2551 204494
2552 204251
2553 203900
2554 204383
2555 204802
2556 204393
2557 204913
2558 204767
2559 204680
2560 204494
2561 204202
2562 204729
2563 204958
2564 204589
2565 204664
2566 205089
2567 204389
2568 204948
2569 204776
2570 204750
2571 204433
2572 204863
2573 204568
2574 204477
2575 204742
2576 204625
2577 204464
2578 204832
2579 204532
2580 204434
2581 204114
2582 204802
2583 204384
2584 204952
2585 204349
2586 204408
2587 204830
2588 204544
2589 204605
2590 204623
2591 205033
2592 204553
2593 204389
2594 204490
2595 205020
2596 204521
2597 204454
2598 204576
2599 204456
2600 204583
2601 204679
2602 204923
2603 204105
2604 204962
2605 204936
2606 204203
2607 204666
2608 204970
2609 204624
2610 204642
2611 204646
2612 204658
2613 205061
2614 204468
2615 204801
2616 205141
2617 204497
2618 204956
2619 204958
2620 204664
2621 204815
2622 204785
2623 205157
2624 204838
2625 204579
2626 204987
2627 204428
2628 204363
2629 204580
2630 204889
2631 204979
2632 204354
2633 204875
2634 204781
2635 204979
2636 204747
2637 204488
2638 204470
2639 204849
2640 205484
2641 204653
2642 204898
2643 204462
2644 204645
2645 204717
2646 205018
2647 204852
2648 204859
2649 205270
2650 204903
2651 204833
2652 204965
2653 205295
2654 204100
2655 205207
2656 204660
2657 204961
2658 204304
2659 204991
2660 204359
2661 204415
2662 204632
2663 204596
2664 204658
2665 204399
2666 204169
2667 204516
2668 204742
2669 204058
2670 204730
2671 204664
2672 204640
2673 204004
2674 205146
2675 204592
2676 204815
2677 204645
2678 204720
2679 204713
2680 204509
2681 204788
2682 204909
2683 204676
2684 205035
2685 204866
2686 204720
2687 204854
2688 204735
2689 204516
2690 204735
2691 204709
2692 204742
2693 204671
2694 204861
2695 204594
2696 204473
2697 204645
2698 204845
2699 204886
2700 204963
2701 203976
2702 204930
2703 204402
2704 205130
2705 204200
2706 204391
2707 204577
2708 204847
2709 204807
2710 204408
2711 204608
2712 204796
2713 204398
2714 205101
2715 204706
2716 204839
2717 205221
2718 204320
2719 204914
2720 204776
2721 204584
2722 204113
2723 204882
2724 204695
2725 204360
2726 204585
2727 204398
2728 204905
2729 204393
2730 204605
2731 204563
2732 205129
2733 204254
2734 205052
2735 204658
2736 204690
2737 205300
2738 204813
2739 204899
2740 204915
2741 204665
2742 204914
2743 205142
2744 204700
2745 204662
2746 204673
2747 205179
2748 205233
2749 204818
2750 205108
2751 205038
2752 204988
2753 205104
2754 205075
2755 205373
2756 204987
2757 204876
2758 204978
2759 204882
2760 205354
2761 205385
2762 205553
2763 204955
2764 204666
2765 205035
2766 204966
2767 205391
2768 205277
2769 205012
2770 205125
2771 205337
2772 205078
2773 204820
2774 205386
2775 205499
2776 204791
2777 205447
2778 204759
2779 205293
2780 205073
2781 205084
2782 204810
2783 204988
2784 205102
2785 204698
2786 204696
2787 205643
2788 204830
2789 204782
2790 205238
2791 205022
2792 205289
2793 205581
2794 204806
2795 205272
2796 205426
2797 205279
2798 205349
2799 205141
2800 205084
2801 205662
2802 204897
2803 205109
2804 204835
2805 204889
2806 205107
2807 205467
2808 205710
2809 205591
2810 205261
2811 205086
2812 205437
2813 205835
2814 205296
2815 205078
2816 205537
2817 205602
2818 205434
2819 205490
2820 205586
2821 205047
2822 205769
2823 204813
2824 205320
2825 205332
2826 205713
2827 205302
2828 205191
2829 205034
2830 205215
2831 205115
2832 205330
2833 205582
2834 205007
2835 205734
2836 205294
2837 205656
2838 205631
2839 205206
2840 205252
2841 205294
2842 205760
2843 205269
2844 205541
2845 205516
2846 205705
2847 205238
2848 205495
2849 205622
2850 205820
2851 205163
2852 205278
2853 205462
2854 205308
2855 205531
2856 205477
2857 204955
2858 204833
2859 205118
2860 205689
2861 205306
2862 205479
2863 205168
2864 205075
2865 205295
2866 205690
2867 205596
2868 205279
2869 205599
2870 205625
2871 205851
2872 205549
2873 205456
2874 205407
2875 205340
2876 205666
2877 205457
2878 205425
2879 205374
2880 205820
2881 205764
2882 205738
2883 205396
2884 204922
2885 205551
2886 205158
2887 205207
2888 205503
2889 205479
2890 205139
2891 205314
2892 205716
2893 205579
2894 205373
2895 205716
2896 205449
2897 205238
2898 205678
2899 204874
2900 205321
2901 204900
2902 204796
2903 205669
2904 205298
2905 205072
2906 205238
2907 204899
2908 204996
2909 205058
2910 205462
2911 205183
2912 205355
2913 205681
2914 205279
2915 204890
2916 205378
2917 204792
2918 205034
2919 204903
2920 205056
2921 205414
2922 204798
2923 205286
2924 205301
2925 205212
2926 204710
2927 205033
2928 204877
2929 205582
2930 205506
2931 205151
2932 205311
2933 205591
2934 205310
2935 205690
2936 204615
2937 205638
2938 205291
2939 205238
2940 205329
2941 205281
2942 205070
2943 205324
2944 205701
2945 205424
2946 205167
2947 205595
2948 205539
2949 205602
2950 205064
2951 205362
2952 205481
2953 205569
2954 205780
2955 205142
2956 205394
2957 205165
2958 204658
2959 205294
2960 204777
2961 205320
2962 205419
2963 205181
2964 204938
2965 205350
2966 204794
2967 205020
2968 205489
2969 205351
2970 205414
2971 204769
2972 205009
2973 205142
2974 205179
2975 204837
2976 204635
2977 205239
2978 205373
2979 204915
2980 204708
2981 205270
2982 205591
2983 204882
2984 205104
2985 205464
2986 205304
2987 205195
2988 204943
2989 204914
2990 205493
2991 205180
2992 205709
2993 205718
2994 205504
2995 205771
2996 205457
2997 205748
2998 206014
2999 205762
3000 205335
3001 205738
3002 205268
3003 205146
3004 205576
3005 205490
3006 205442
3007 205329
3008 205861
3009 205227
3010 205318
3011 205039
3012 205500
3013 205484
3014 205083
3015 204638
3016 205185
3017 205341
3018 204472
3019 204836
3020 205197
3021 205104
3022 205454
3023 205037
3024 205071
3025 204791
3026 205143
3027 205427
3028 204991
3029 204783
3030 204683
3031 205017
3032 204909
3033 204722
3034 205301
3035 204825
3036 205248
3037 205369
3038 205056
3039 204753
3040 204871
3041 204615
3042 204894
3043 204611
3044 205235
3045 205303
3046 204816
3047 204800
3048 204662
3049 204428
3050 204299
3051 204651
3052 204132
3053 203972
3054 204629
3055 203899
3056 204742
3057 204543
3058 203677
3059 204766
3060 204567
3061 204483
3062 204685
3063 204250
3064 204085
3065 204441
3066 204435
3067 204188
3068 204646
3069 204726
3070 203731
3071 204736
3072 203992
3073 204208
3074 204697
3075 203882
3076 204417
3077 204541
3078 204283
3079 204377
3080 204352
3081 204280
3082 204401
3083 204069
3084 204135
3085 204264
3086 204216
3087 204415
3088 204234
3089 204222
3090 204261
3091 203857
3092 204202
3093 204721
3094 204299
3095 204409
3096 204124
3097 204192
3098 204507
3099 204307
3100 204149
3101 204175
3102 204546
3103 203924
3104 204130
3105 204388
3106 204407
3107 203886
3108 204423
3109 204513
3110 204124
3111 204195
3112 203934
3113 204049
3114 204750
3115 204311
3116 205002
3117 204360
3118 204053
3119 204035
3120 204176
3121 204624
3122 204580
3123 204647
3124 204899
3125 204450
3126 204376
3127 204473
3128 204616
3129 205129
3130 204373
3131 204362
3132 204607
3133 204411
3134 204638
3135 204779
3136 204649
3137 204423
3138 204392
3139 204995
3140 204560
3141 204649
3142 204388
3143 204390
3144 204368
3145 204245
3146 204514
3147 204536
3148 204444
3149 204430
3150 204159
3151 204636
3152 204421
3153 204591
3154 204479
3155 204512
3156 204640
3157 204513
3158 204954
3159 204887
3160 204233
3161 204582
3162 204297
3163 204091
3164 204297
3165 204194
3166 204841
3167 204585
3168 204594
3169 204484
3170 204684
3171 204263
3172 204639
3173 204434
3174 204449
3175 204453
3176 204165
3177 204386
3178 203889
3179 204482
3180 204280
3181 204606
3182 203746
3183 203682
3184 204367
3185 204409
3186 204151
3187 204121
3188 204083
3189 204051
3190 204109
3191 203798
3192 203993
3193 204416
3194 204465
3195 204005
3196 204704
3197 204344
3198 204258
3199 204281
3200 204143
3201 204380
3202 204124
3203 204829
3204 204187
3205 204085
3206 204053
3207 204111
3208 204460
3209 204005
3210 204310
3211 203989
3212 204338
3213 204346
3214 204423
3215 204333
3216 204245
3217 204087
3218 204694
3219 203848
3220 203949
3221 203753
3222 204061
3223 203832
3224 203819
3225 203843
3226 204338
3227 204700
3228 204357
3229 204236
3230 203904
3231 203989
3232 203834
3233 203565
3234 204129
3235 203851
3236 203841
3237 203769
3238 204324
3239 204541
3240 203650
3241 204482
3242 204304
3243 204357
3244 203701
3245 203959
3246 203998
3247 203836
3248 204120
3249 203525
3250 203831
3251 203803
3252 203555
3253 204172
3254 203994
3255 203750
3256 204229
3257 203943
3258 203497
3259 203519
3260 203327
3261 203864
3262 204593
3263 203786
3264 204430
3265 203946
3266 204447
3267 204544
3268 203900
3269 203785
3270 204436
3271 203860
3272 203698
3273 204009
3274 203388
3275 203848
3276 203478
3277 203808
3278 204565
3279 204198
3280 203919
3281 204027
3282 204116
3283 204013
3284 203969
3285 203682
3286 204278
3287 204070
3288 204055
3289 204201
3290 203537
3291 204227
3292 203989
3293 203503
3294 203864
3295 203155
3296 203698
3297 203763
3298 202869
3299 203650
3300 203495
3301 203768
3302 203499
3303 204026
3304 204183
3305 204083
3306 204319
3307 203972
3308 203461
3309 203665
3310 203859
3311 203989
3312 203197
3313 203945
3314 203785
3315 203976
3316 203906
3317 203962
3318 203642
3319 203873
3320 203946
3321 203711
3322 203674
3323 203915
3324 203781
3325 203582
3326 204012
3327 203905
3328 203858
3329 204048
3330 203775
3331 203909
3332 203979
3333 203909
3334 204003
3335 203854
3336 204119
3337 203685
3338 203522
3339 203823
3340 204138
3341 203676
3342 204029
3343 203513
3344 203523
3345 203651
3346 204162
3347 204479
3348 204019
3349 203924
3350 203395
3351 204195
3352 204031
3353 203850
3354 204158
3355 203607
3356 203822
3357 204071
3358 203795
3359 203779
3360 203365
3361 203980
3362 203577
3363 203533
3364 204038
3365 203644
3366 203396
3367 203562
3368 203791
3369 204006
3370 204171
3371 203689
3372 203572
3373 203324
3374 203129
3375 203621
3376 203352
3377 203460
3378 203483
3379 203614
3380 203857
3381 203701
3382 203572
3383 203587
3384 203679
3385 204082
3386 203890
3387 203692
3388 204024
3389 203992
3390 203904
3391 203848
3392 203230
3393 203271
3394 204105
3395 203936
3396 203409
3397 203980
3398 203831
3399 203963
3400 204247
3401 203593
3402 203891
3403 203746
3404 203915
3405 203993
3406 203934
3407 203561
3408 203754
3409 203601
3410 203992
3411 203614
3412 203907
3413 203637
3414 203710
3415 204290
3416 204120
3417 203606
3418 203357
3419 204241
3420 203692
3421 204300
3422 204176
3423 203887
3424 203737
3425 204103
3426 204179
3427 203825
3428 204104
3429 204022
3430 203658
3431 203806
3432 203815
3433 204148
3434 203359
3435 204137
3436 204155
3437 203823
3438 204283
3439 203999
3440 204175
3441 204611
3442 204558
3443 204041
3444 204662
3445 204365
3446 204269
3447 204394
3448 204489
3449 204548
3450 204257
3451 204516
3452 204174
3453 204734
3454 204253
3455 204880
3456 204764
3457 204676
3458 204421
3459 204422
3460 204739
3461 204511
3462 204754
3463 204174
3464 204295
3465 204785
3466 204279
3467 204634
3468 204046
3469 204193
3470 204832
3471 204169
3472 204174
3473 204084
3474 204134
3475 204274
3476 204521
3477 204733
3478 204289
3479 204215
3480 204145
3481 204426
3482 204375
3483 204660
3484 204477
3485 204560
3486 204416
3487 204766
3488 204555
3489 204509
3490 204345
3491 203931
3492 204259
3493 204256
3494 204242
3495 204068
3496 204566
3497 204677
3498 204102
3499 204580
3500 204597
3501 204431
3502 204426
3503 204403
3504 203712
3505 204754
3506 204244
3507 204232
3508 204956
3509 204588
3510 204529
3511 204176
3512 204519
3513 204554
3514 204679
3515 205093
3516 204584
3517 204589
3518 204224
3519 204335
3520 205316
3521 204452
3522 204900
3523 204969
3524 204772
3525 204872
3526 204906
3527 204457
3528 205090
3529 204440
3530 204687
3531 204966
3532 204571
3533 204634
3534 204757
3535 204882
3536 205000
3537 204352
3538 204913
3539 204063
3540 204168
3541 204619
3542 204457
3543 205396
3544 204290
3545 204666
3546 204675
3547 204880
3548 204717
3549 204549
3550 204816
3551 204664
3552 205181
3553 204010
3554 204639
3555 204928
3556 204517
3557 204902
3558 204914
3559 204222
3560 205000
3561 204821
3562 204830
3563 204607
3564 204756
3565 205137
3566 205003
3567 204911
3568 205777
3569 205004
3570 204625
3571 205637
3572 204612
3573 205540
3574 204934
3575 204735
3576 205053
3577 205197
3578 205920
3579 205245
3580 205263
3581 205604
3582 205450
3583 205743
3584 205565
3585 206024
3586 205510
3587 205163
3588 205504
3589 205271
3590 205393
3591 205727
3592 206167
3593 205362
3594 205462
3595 205355
3596 205085
3597 205620
3598 205509
3599 205380
3600 205097
3601 205503
3602 205221
3603 205032
3604 205183
3605 205135
3606 205619
3607 205916
3608 205045
3609 205515
3610 205943
3611 205362
3612 205465
3613 205215
3614 205176
3615 205882
3616 205572
3617 205501
3618 205122
3619 205107
3620 205151
3621 205355
3622 205817
3623 205536
3624 206052
3625 205231
3626 205249
3627 205183
3628 205463
3629 205559
3630 205413
3631 206093
3632 205498
3633 205470
3634 205249
3635 205663
3636 205572
3637 205670
3638 205339
3639 206041
3640 205625
3641 205936
3642 205183
3643 205577
3644 205521
3645 205431
3646 204986
3647 205945
3648 205311
3649 205115
3650 205216
3651 204936
3652 205535
3653 205525
3654 205478
3655 205849
3656 205770
3657 205341
3658 205218
3659 205345
3660 205028
3661 205527
3662 206083
3663 206009
3664 205919
3665 205880
3666 205438
3667 205973
3668 205894
3669 206012
3670 205831
3671 206031
3672 205277
3673 205658
3674 206069
3675 205652
3676 205856
3677 205788
3678 205547
3679 205456
3680 206070
3681 205647
3682 205587
3683 205598
3684 206109
3685 205933
3686 205838
3687 205639
3688 206092
3689 205768
3690 205966
3691 205932
3692 205489
3693 205545
3694 206204
3695 205624
3696 206033
3697 206136
3698 205650
3699 205472
3700 205559
3701 205804
3702 205868
3703 205966
3704 205986
3705 206020
3706 205818
3707 206216
3708 206255
3709 205904
3710 205450
3711 205973
3712 205976
3713 205636
3714 206050
3715 205737
3716 206001
3717 206016
3718 205915
3719 206746
3720 206353
3721 206072
3722 206184
3723 206470
3724 205059
3725 206185
3726 205967
3727 206008
3728 206074
3729 206277
3730 206469
3731 206507
3732 205967
3733 206165
3734 206428
3735 206406
3736 206048
3737 206402
3738 206368
3739 206687
3740 206457
3741 205944
3742 206442
3743 206470
3744 206780
3745 206605
3746 206592
3747 206782
3748 206763
3749 206826
3750 206123
3751 206832
3752 206260
3753 206606
3754 207035
3755 206670
3756 206493
3757 206514
3758 206748
3759 206231
3760 206264
3761 206728
3762 206169
3763 206428
3764 206341
3765 207132
3766 206779
3767 206435
3768 206928
3769 206844
3770 206480
3771 206497
3772 206733
3773 206755
3774 206555
3775 206540
3776 206715
3777 207062
3778 206482
3779 206475
3780 206818
3781 206644
3782 206857
3783 207081
3784 206457
3785 206710
3786 206688
3787 206606
3788 206579
3789 206824
3790 206459
3791 207112
3792 206476
3793 206886
3794 206494
3795 206999
3796 206623
3797 205959
3798 206941
3799 206972
3800 206541
3801 206712
3802 206116
3803 206864
3804 206486
3805 206302
3806 206457
3807 206269
3808 206163
3809 206871
3810 206322
3811 206428
3812 206810
3813 206752
3814 206960
3815 207277
3816 207023
3817 206767
3818 207273
3819 206717
3820 206672
3821 206911
3822 207199
3823 206537
3824 207076
3825 206638
3826 206555
3827 206606
3828 207020
3829 206644
3830 206273
3831 206841
3832 206507
3833 206896
3834 206333
3835 207009
3836 207237
3837 206952
3838 207233
3839 206697
3840 206691
3841 207020
3842 207097
3843 206960
3844 207233
3845 206447
3846 206682
3847 206809
3848 206810
3849 207157
3850 206843
3851 207013
3852 206495
3853 206712
3854 206847
3855 206662
3856 206288
3857 206527
3858 206574
3859 207049
3860 207340
3861 206592
3862 206470
3863 206684
3864 206683
3865 207352
3866 207259
3867 206832
3868 207021
3869 206593
3870 206654
3871 206482
3872 206974
3873 206575
3874 206837
3875 207229
3876 206841
3877 206669
3878 206845
3879 206763
3880 206777
3881 206817
3882 207101
3883 206840
3884 206943
3885 206722
3886 206975
3887 206516
3888 207151
3889 206834
3890 206959
3891 206656
3892 206610
3893 206652
3894 206680
3895 206757
3896 206317
3897 206317
3898 206211
3899 206856
3900 206913
3901 206362
3902 206713
3903 206824
3904 206588
3905 206532
3906 206292
3907 206860
3908 206227
3909 206684
3910 206652
3911 206450
3912 206379
3913 205895
3914 206422
3915 206634
3916 206694
3917 206865
3918 206090
3919 206801
3920 206121
3921 205887
3922 206458
3923 206456
3924 206668
3925 206340
3926 206307
3927 207340
3928 206698
3929 206603
3930 206371
3931 206056
3932 206754
3933 206629
3934 206252
3935 206284
3936 205868
3937 206515
3938 206888
3939 206182
3940 206836
3941 206628
3942 206693
3943 206353
3944 206492
3945 206183
3946 206170
3947 206250
3948 205963
3949 206475
3950 206501
3951 205664
3952 206002
3953 206102
3954 205993
3955 206393
3956 206194
3957 206593
3958 206246
3959 206577
3960 206630
3961 206451
3962 206086
3963 206531
3964 206333
3965 206242
3966 205842
3967 206329
3968 206094
3969 205052
3970 206044
3971 206142
3972 205916
3973 206283
3974 206094
3975 206011
3976 206243
3977 206762
3978 206216
3979 205926
3980 206189
3981 205976
3982 205842
3983 205430
3984 205220
3985 205635
3986 205621
3987 206231
3988 206054
3989 205796
3990 206064
3991 205868
3992 206212
3993 205889
3994 205930
3995 205369
3996 205739
3997 205425
3998 205669
3999 205626
4000 205578
4001 205699
4002 206219
4003 206007
4004 205672
4005 205448
4006 206171
4007 205378
4008 205516
4009 206242
4010 205736
4011 205055
4012 205595
4013 205331
4014 205782
4015 205936
4016 205177
4017 205900
4018 204983
4019 205878
4020 205712
4021 206010
4022 205403
4023 205763
4024 206188
4025 205810
4026 205180
4027 205944
4028 205471
4029 205520
4030 206215
4031 205782
4032 205680
4033 205963
4034 206265
4035 205832
4036 206313
4037 205836
4038 205687
4039 205604
4040 205926
4041 206452
4042 205962
4043 206206
4044 205475
4045 205979
4046 205763
4047 205775
4048 205942
4049 206359
4050 205788
4051 205824
4052 205761
4053 205866
4054 205964
4055 206120
4056 205482
4057 205704
4058 206196
4059 206048
4060 205637
4061 205913
4062 205699
4063 206426
4064 206069
4065 205744
4066 205566
4067 206446
4068 206161
4069 206016
4070 205838
4071 205502
4072 205986
4073 205659
4074 205227
4075 205989
4076 205534
4077 205462
4078 205727
4079 205762
4080 206117
4081 206031
4082 205641
4083 205806
4084 205836
4085 205597
4086 205254
4087 205640
4088 205519
4089 205892
4090 205489
4091 205129
4092 205832
4093 206078
4094 205924
4095 206037
4096 205743
4097 205723
4098 205650
4099 205764
4100 205762
4101 205399
4102 205328
4103 205809
4104 205369
4105 205644
4106 205847
4107 205714
4108 205787
4109 205356
4110 205706
4111 205906
4112 205373
4113 205631
4114 205035
4115 205356
4116 205373
4117 205607
4118 205573
4119 205788
4120 205812
4121 205035
4122 205213
4123 205847
4124 205234
4125 206006
4126 205721
4127 205174
4128 205844
4129 205500
4130 205835
4131 205392
4132 205620
4133 205644
4134 206170
4135 205595
4136 205835
4137 205985
4138 205330
4139 205941
4140 205563
4141 205158
4142 205305
4143 205868
4144 205485
4145 205370
4146 205631
4147 205854
4148 205296
4149 205749
4150 205921
4151 205545
4152 205992
4153 205136
4154 205462
4155 206026
4156 205477
4157 205368
4158 205493
4159 205520
4160 205555
4161 205190
4162 205677
4163 205776
4164 205102
4165 205310
4166 206018
4167 205318
4168 205587
4169 205366
4170 205562
4171 205490
4172 205306
4173 205709
4174 205383
4175 205440
4176 205160
4177 205331
4178 205658
4179 205215
4180 205262
4181 205668
4182 205043
4183 205235
4184 205134
4185 205369
4186 205768
4187 205868
4188 205086
4189 205142
4190 204824
4191 205518
4192 205207
4193 204909
4194 205073
4195 205274
4196 204976
4197 205264
4198 205161
4199 205146
4200 204549
4201 205031
4202 205142
4203 204876
4204 204811
4205 205509
4206 205334
4207 205465
4208 204983
4209 205073
4210 205251
4211 204968
4212 205135
4213 205200
4214 205382
4215 205427
4216 204645
4217 205343
4218 205247
4219 204880
4220 205020
4221 205052
4222 205085
4223 205201
4224 205240
4225 205469
4226 205583
4227 205021
4228 205434
4229 205369
4230 205243
4231 205164
4232 204696
4233 205439
4234 204916
4235 204831
4236 205388
4237 204867
4238 205110
4239 205174
4240 205081
4241 204618
4242 205616
4243 204618
4244 205045
4245 204478
4246 204981
4247 205668
4248 204907
4249 204969
4250 205404
4251 205175
4252 205035
4253 205092
4254 204962
4255 204558
4256 205139
4257 205180
4258 205209
4259 204987
4260 205700
4261 205161
4262 205395
4263 205612
4264 205540
4265 204858
4266 204763
4267 204607
4268 204865
4269 205392
4270 205402
4271 205035
4272 205115
4273 205433
4274 205264
4275 205244
4276 204472
4277 205186
4278 204578
4279 205075
4280 204977
4281 204840
4282 205136
4283 204963
4284 205117
4285 204788
4286 204823
4287 205581
4288 205406
4289 204719
4290 205562
4291 205549
4292 204359
4293 204929
4294 205319
4295 205414
4296 204511
4297 205250
4298 204971
4299 204866
4300 205076
4301 204644
4302 205445
4303 205397
4304 204671
4305 205092
4306 205295
4307 204849
4308 205062
4309 204119
4310 205032
4311 205061
4312 205095
4313 205058
4314 204529
4315 204751
4316 204853
4317 205255
4318 204728
4319 205129
4320 204886
4321 205259
4322 204741
4323 204657
4324 204784
4325 205233
4326 205192
4327 204832
4328 205054
4329 204913
4330 204711
4331 204729
4332 204893
4333 205522
4334 205688
4335 205013
4336 204839
4337 204803
4338 204806
4339 205073
4340 205005
4341 204678
4342 204630
4343 205063
4344 204840
4345 205275
4346 205077
4347 204864
4348 204940
4349 204518
4350 205125
4351 205010
4352 205346
4353 204769
4354 205377
4355 204803
4356 205358
4357 205333
4358 204826
4359 204796
4360 204736
4361 205081
4362 205614
4363 204628
4364 205360
4365 204478
4366 204836
4367 205368
4368 204842
4369 205206
4370 204781
4371 204869
4372 204869
4373 204600
4374 204855
4375 204884
4376 204733
4377 204445
4378 204505
4379 204886
4380 204907
4381 204777
4382 205339
4383 205300
4384 204794
4385 204673
4386 205078
4387 204945
4388 204964
4389 205260
4390 205117
4391 204946
4392 205055
4393 204921
4394 204941
4395 204463
4396 205241
4397 205446
4398 205069
4399 205124
4400 204737
4401 205090
4402 204836
4403 204758
4404 205116
4405 205137
4406 204908
4407 205137
4408 204702
4409 204957
4410 205384
4411 204997
4412 204933
4413 205264
4414 205599
4415 205204
4416 205170
4417 205098
4418 205277
4419 205212
4420 205592
4421 205151
4422 204909
4423 205352
4424 205732
4425 204945
4426 205416
4427 205348
4428 205208
4429 205050
4430 204957
4431 205402
4432 205315
4433 205053
4434 205128
4435 205527
4436 205538
4437 205670
4438 205532
4439 205660
4440 205061
4441 205309
4442 205530
4443 205189
4444 205216
4445 205204
4446 205219
4447 205329
4448 205253
4449 205598
4450 205718
4451 205263
4452 205872
4453 204719
4454 205518
4455 205909
4456 205278
4457 205746
4458 205777
4459 205683
4460 205093
4461 205589
4462 205468
4463 205573
4464 205655
4465 205602
4466 205573
4467 205863
4468 205759
4469 206181
4470 205995
4471 206068
4472 205808
4473 205794
4474 206032
4475 205853
4476 206392
4477 205796
4478 205752
4479 205531
4480 206071
4481 205161
4482 206167
4483 205598
4484 205503
4485 205610
4486 205863
4487 205786
4488 205690
4489 205746
4490 205393
4491 205795
4492 205747
4493 206465
4494 205931
4495 205873
4496 206210
4497 205456
4498 206093
4499 206001
4500 206320
4501 206337
4502 206045
4503 206089
4504 205911
4505 206817
4506 206312
4507 206323
4508 205994
4509 206138
4510 206184
4511 205947
4512 205671
4513 205813
4514 206280
4515 206336
4516 206030
4517 206153
4518 205815
4519 206208
4520 206149
4521 206704
4522 207093
4523 206329
4524 205907
4525 205743
4526 206032
4527 205867
4528 205982
4529 206263
4530 205723
4531 206244
4532 206196
4533 206159
4534 206068
4535 205947
4536 206049
4537 205867
4538 205713
4539 205463
4540 205989
4541 206152
4542 205782
4543 205932
4544 206042
4545 206133
4546 206304
4547 206003
4548 205907
4549 206328
4550 206228
4551 206058
4552 206010
4553 205987
4554 206277
4555 205699
4556 206041
4557 205640
4558 205961
4559 206118
4560 205640
4561 205867
4562 206184
4563 205856
4564 206562
4565 206418
4566 205699
4567 206087
4568 206274
4569 206067
4570 206075
4571 206252
4572 206211
4573 206446
4574 205666
4575 205957
4576 206233
4577 205740
4578 206525
4579 206508
4580 205799
4581 205996
4582 206132
4583 206376
4584 206744
4585 206335
4586 206248
4587 206944
4588 206214
4589 206013
4590 205880
4591 206225
4592 206470
4593 206004
4594 206460
4595 206053
4596 206551
4597 206366
4598 206390
4599 206944
4600 206407
4601 206277
4602 206950
4603 206471
4604 206459
4605 206495
4606 206829
4607 206031
4608 206646
4609 206271
4610 206437
4611 206437
4612 206564
4613 206778
4614 206154
4615 205915
4616 206623
4617 206410
4618 206241
4619 206627
4620 206580
4621 206340
4622 206322
4623 207088
4624 206478
4625 206458
4626 206305
4627 206681
4628 206464
4629 206169
4630 206099
4631 206110
4632 206263
4633 206060
4634 205698
4635 206166
4636 206742
4637 206301
4638 206528
4639 205983
4640 206160
4641 206526
4642 206561
4643 206147
4644 206483
4645 206589
4646 206416
4647 206617
4648 206558
4649 205919
4650 206463
4651 205966
4652 206678
4653 206354
4654 206548
4655 206019
4656 206241
4657 206752
4658 206597
4659 205950
4660 206599
4661 206074
4662 206329
4663 206527
4664 206305
4665 205918
4666 206084
4667 206242
4668 206347
4669 206131
4670 205920
4671 206102
4672 205922
4673 206425
4674 206403
4675 206341
4676 206341
4677 206459
4678 206317
4679 206773
4680 206274
4681 206452
4682 206364
4683 206292
4684 206237
4685 206687
4686 205924
4687 206464
4688 206550
4689 206407
4690 206160
4691 206736
4692 206550
4693 206274
4694 206388
4695 206570
4696 206420
4697 206550
4698 206501
4699 206707
4700 206190
4701 206676
4702 206568
4703 206581
4704 206595
4705 206907
4706 206968
4707 206760
4708 206239
4709 206563
4710 206760
4711 206133
4712 207471
4713 206350
4714 206397
4715 206356
4716 206389
4717 206663
4718 206618
4719 206634
4720 206640
4721 206650
4722 206231
4723 206531
4724 206662
4725 207090
4726 206025
4727 205999
4728 206418
4729 206357
4730 206751
4731 206450
4732 206839
4733 206861
4734 206375
4735 206436
4736 206740
4737 206510
4738 206652
4739 206543
4740 206472
4741 206070
4742 206371
4743 206511
4744 206663
4745 206144
4746 206667
4747 206494
4748 206804
4749 206559
4750 206799
4751 206597
4752 206462
4753 207178
4754 206843
4755 207381
4756 206630
4757 206811
4758 207252
4759 207372
4760 207077
4761 207115
4762 207074
4763 207096
4764 206631
4765 207551
4766 207305
4767 206802
4768 207379
4769 206839
4770 207058
4771 206813
4772 206765
4773 207173
4774 207426
4775 207186
4776 207561
4777 206672
4778 207111
4779 207120
4780 207188
4781 207001
4782 207548
4783 207719
4784 207068
4785 206880
4786 207267
4787 207086
4788 206961
4789 206870
4790 207308
4791 207491
4792 207241
4793 207137
4794 206606
4795 207101
4796 207621
4797 207318
4798 207388
4799 208072
4800 207753
4801 207103
4802 207131
4803 207163
4804 207139
4805 207236
4806 206850
4807 207329
4808 207756
4809 207372
4810 207192
4811 207227
4812 207596
4813 207090
4814 207326
4815 207633
4816 207144
4817 207028
4818 206567
4819 207500
4820 207167
4821 207325
4822 207417
4823 207275
4824 207375
4825 207532
4826 207329
4827 207078
4828 207230
4829 207229
4830 206738
4831 207364
4832 207676
4833 207397
4834 207175
4835 207044
4836 207040
4837 207731
4838 207654
4839 207664
4840 207672
4841 207426
4842 207419
4843 207335
4844 207347
4845 207423
4846 207166
4847 207489
4848 207077
4849 207465
4850 207589
4851 207671
4852 207385
4853 207187
4854 207357
4855 207179
4856 207292
4857 207479
4858 207795
4859 207235
4860 207307
4861 207033
4862 207310
4863 207037
4864 207314
4865 207530
4866 207403
4867 207050
4868 207491
4869 207409
4870 207394
4871 207568
4872 207454
4873 207698
4874 207661
4875 208078
4876 207738
4877 207185
4878 208309
4879 207430
4880 207737
4881 207771
4882 207359
4883 207825
4884 207405
4885 207179
4886 207689
4887 207314
4888 207376
4889 208206
4890 207357
4891 207276
4892 207450
4893 207127
4894 207148
4895 207973
4896 207398
4897 207416
4898 207418
4899 207527
4900 207100
4901 207487
4902 207484
4903 207803
4904 207344
4905 207909
4906 207676
4907 207147
4908 207057
4909 207413
4910 207386
4911 207262
4912 207593
4913 207006
4914 207236
4915 207130
4916 207303
4917 207323
4918 207230
4919 207242
4920 206717
4921 207159
4922 207182
4923 206937
4924 207701
4925 207639
4926 207047
4927 207192
4928 207026
4929 206641
4930 207423
4931 207318
4932 207087
4933 207020
4934 207142
4935 207293
4936 207314
4937 207243
4938 207683
4939 207462
4940 207129
4941 207066
4942 207099
4943 206997
4944 207554
4945 207054
4946 207211
4947 207301
4948 207262
4949 207410
4950 207409
4951 207265
4952 207223
4953 207188
4954 207235
4955 207136
4956 207164
4957 206505
4958 207767
4959 207084
4960 207505
4961 207334
4962 207029
4963 207273
4964 207267
4965 207286
4966 207363
4967 207282
4968 207870
4969 207552
4970 207141
4971 207160
4972 207173
4973 207363
4974 207248
4975 207054
4976 207393
4977 206878
4978 207016
4979 207336
4980 207285
4981 207100
4982 207556
4983 207178
4984 207062
4985 207276
4986 207165
4987 207754
4988 207434
4989 207962
4990 207728
4991 207367
4992 207363
4993 207601
4994 207330
4995 207375
4996 207975
4997 207770
4998 207949
4999 207898
5000 207514
5001 207475
5002 207748
5003 207613
5004 207462
5005 207351
5006 207955
5007 207769
5008 207394
5009 207660
5010 207363
5011 207207
5012 206757
5013 207072
5014 207300
5015 207174
5016 206765
5017 207153
5018 207444
5019 207375
5020 207227
5021 206888
5022 206813
5023 207474
5024 207068
5025 207619
5026 206929
5027 207411
5028 207805
5029 206981
5030 207480
5031 206974
5032 207578
5033 207552
5034 207064
5035 206971
5036 206885
5037 207352
5038 206688
5039 206694
5040 207503
5041 206830
5042 207102
5043 206712
5044 207370
5045 206951
5046 207671
5047 207507
5048 206870
5049 207045
5050 207278
5051 207366
5052 207303
5053 207401
5054 207192
5055 207557
5056 207235
5057 207307
5058 207238
5059 207186
5060 207524
5061 207258
5062 207070
5063 207284
5064 207497
5065 207160
5066 207371
5067 207176
5068 207202
5069 207098
5070 207825
5071 207092
5072 207063
5073 207459
5074 207275
5075 207326
5076 207279
5077 207730
5078 206936
5079 207537
5080 207324
5081 206906
5082 207241
5083 206964
5084 207460
5085 206656
5086 207691
5087 207069
5088 207490
5089 207131
5090 207318
5091 207435
5092 207480
5093 207149
5094 206941
5095 207039
5096 206928
5097 206954
5098 207286
5099 206665
5100 207295
5101 206985
5102 207139
5103 207129
5104 206972
5105 207749
5106 207345
5107 207532
5108 207270
5109 207357
5110 206937
5111 207323
5112 207313
5113 207645
5114 206631
5115 206877
5116 207191
5117 206945
5118 206896
5119 206601
5120 207101
5121 206957
5122 206793
5123 206961
5124 206917
5125 206841
5126 207283
5127 206499
5128 207148
5129 206945
5130 206514
5131 207326
5132 207542
5133 207178
5134 207054
5135 207250
5136 207126
5137 206821
5138 207225
5139 207523
5140 207076
5141 207233
5142 207214
5143 206830
5144 207556
5145 207190
5146 207111
5147 206937
5148 207886
5149 207272
5150 207448
5151 207449
5152 207094
5153 206871
5154 207303
5155 207236
5156 207562
5157 207424
5158 207467
5159 207556
5160 207317
5161 207501
5162 207587
5163 207026
5164 207013
5165 207005
5166 207347
5167 207165
5168 207360
5169 207130
5170 207561
5171 207343
5172 206905
5173 207239
5174 207867
5175 207159
5176 207399
5177 206934
5178 207404
5179 207384
5180 207618
5181 207149
5182 207218
5183 207104
5184 207417
5185 206971
5186 206955
5187 207185
5188 207253
5189 207252
5190 206805
5191 206914
5192 206559
5193 207028
5194 206936
5195 207016
5196 207194
5197 206955
5198 206957
5199 206498
5200 207038
5201 207501
5202 206881
5203 206700
5204 207471
5205 206854
5206 207675
5207 207043
5208 207592
5209 206763
5210 206841
5211 207473
5212 207703
5213 207129
5214 206686
5215 207222
5216 207454
5217 207103
5218 207204
5219 207222
5220 207072
5221 206992
5222 206916
5223 206848
5224 206451
5225 206349
5226 207047
5227 206922
5228 206808
5229 206725
5230 206597
5231 206731
5232 206441
5233 206990
5234 207068
5235 207257
5236 207280
5237 207071
5238 206880
5239 206318
5240 206826
5241 206579
5242 206894
5243 206818
5244 206721
5245 207156
5246 207090
5247 207080
5248 206816
5249 207086
5250 206710
5251 206420
5252 207123
5253 206978
5254 206838
5255 206757
5256 206754
5257 206882
5258 207105
5259 206789
5260 206647
5261 207143
5262 206808
5263 206799
5264 206415
5265 206907
5266 206711
5267 207210
5268 206503
5269 206585
5270 206619
5271 206607
5272 206859
5273 206271
5274 206985
5275 206584
5276 206908
5277 206632
5278 207022
5279 206577
5280 206744
5281 206226
5282 206581
5283 206967
5284 206643
5285 206664
5286 206485
5287 206165
5288 206589
5289 206476
5290 206201
5291 206475
5292 205849
5293 206610
5294 206515
5295 206538
5296 206578
5297 206503
5298 206554
5299 206327
5300 206056
5301 206210
5302 206518
5303 207031
5304 206220
5305 206171
5306 206291
5307 206378
5308 207046
5309 206465
5310 206536
5311 206483
5312 206225
5313 206508
5314 206593
5315 206211
5316 206647
5317 206576
5318 206554
5319 206259
5320 206392
5321 205897
5322 206529
5323 206775
5324 206319
5325 205795
5326 206111
5327 206443
5328 206076
5329 206476
5330 206486
5331 206606
5332 206071
5333 206052
5334 206244
5335 206529
5336 206530
5337 206253
5338 206551
5339 205919
5340 205917
5341 206662
5342 205695
5343 206739
5344 206610
5345 206421
5346 206328
5347 206518
5348 206584
5349 206151
5350 205968
5351 205803
5352 206287
5353 205792
5354 205714
5355 205819
5356 206091
5357 205995
5358 206211
5359 206022
5360 205841
5361 205556
5362 206002
5363 205948
5364 205963
5365 205636
5366 205907
5367 206449
5368 205650
5369 205823
5370 206003
5371 205925
5372 206117
5373 206217
5374 206234
5375 205762
5376 205849
5377 206160
5378 205749
5379 205950
5380 205889
5381 205745
5382 205933
5383 205615
5384 205998
5385 205759
5386 205506
5387 205805
5388 205894
5389 206232
5390 205634
5391 206120
5392 205955
5393 206168
5394 206095
5395 206464
5396 206244
5397 205510
5398 206222
5399 205978
5400 205748
5401 206525
5402 205981
5403 205673
5404 205880
5405 205444
5406 205387
5407 205773
5408 205330
5409 205848
5410 206169
5411 205357
5412 205800
5413 205663
5414 206500
5415 205378
5416 205997
5417 205688
5418 205400
5419 205719
5420 205574
5421 206109
5422 205838
5423 206175
5424 205895
5425 206021
5426 206281
5427 205375
5428 206135
5429 205776
5430 205497
5431 206059
5432 205921
5433 205716
5434 205821
5435 205491
5436 205455
5437 205382
5438 205735
5439 205337
5440 205535
5441 205849
5442 206102
5443 206092
5444 205866
5445 205692
5446 205855
5447 205895
5448 206078
5449 205545
5450 205810
5451 206072
5452 205864
5453 206288
5454 205969
5455 205593
5456 205964
5457 205581
5458 205898
5459 205281
5460 205479
5461 205914
5462 205804
5463 205983
5464 205575
5465 206463
5466 205518
5467 205413
5468 205666
5469 205888
5470 205367
5471 205434
5472 205245
5473 205911
5474 205702
5475 205867
5476 205221
5477 205528
5478 205609
5479 206068
5480 205885
5481 205918
5482 205459
5483 205382
5484 205381
5485 205533
5486 205601
5487 205547
5488 206068
5489 205482
5490 205900
5491 205493
5492 205723
5493 206097
5494 205643
5495 205722
5496 205484
5497 204979
5498 205584
5499 205782
5500 205365
5501 205341
5502 205400
5503 205613
5504 205883
5505 205614
5506 206276
5507 205993
5508 205762
5509 205682
5510 205855
5511 205655
5512 205387
5513 205696
5514 206217
5515 205848
5516 205767
5517 205943
5518 206080
5519 205914
5520 206193
5521 205844
5522 206229
5523 205805
5524 205624
5525 205565
5526 205599
5527 205975
5528 205266
5529 206028
5530 206469
5531 205612
5532 205951
5533 206356
5534 205708
5535 205713
5536 206047
5537 205857
5538 205817
5539 206085
5540 206260
5541 205766
5542 205982
5543 206518
5544 206039
5545 205842
5546 205890
5547 206368
5548 206330
5549 205405
5550 206001
5551 205901
5552 206039
5553 206454
5554 206347
5555 206129
5556 205486
5557 205923
5558 206660
5559 206034
5560 206222
5561 205702
5562 205730
5563 205887
5564 205889
5565 205854
5566 205861
5567 206064
5568 206371
5569 205992
5570 205938
5571 205856
5572 206285
5573 206617
5574 205868
5575 205775
5576 206067
5577 206145
5578 205733
5579 205794
5580 206357
5581 206050
5582 205760
5583 205637
5584 206239
5585 206170
5586 205753
5587 205663
5588 205705
5589 205701
5590 205694
5591 205921
5592 205819
5593 205725
5594 205969
5595 205876
5596 205907
5597 206637
5598 205505
5599 206118
5600 205756
5601 206117
5602 205423
5603 205919
5604 206028
5605 206376
5606 206509
5607 205819
5608 205925
5609 205422
5610 206085
5611 206234
5612 206143
5613 205798
5614 205888
5615 205915
5616 205928
5617 206148
5618 206312
5619 206105
5620 206106
5621 205896
5622 206317
5623 206091
5624 205914
5625 205920
5626 205972
5627 205884
5628 206319
5629 206200
5630 205591
5631 205479
5632 205927
5633 206281
5634 205884
5635 205912
5636 205624
5637 205468
5638 205775
5639 206039
5640 206111
5641 205774
5642 205822
5643 205662
5644 206315
5645 206047
5646 206256
5647 206092
5648 206205
5649 206483
5650 205293
5651 206182
5652 206017
5653 205564
5654 205641
5655 205545
5656 205282
5657 205937
5658 205936
5659 205960
5660 205768
5661 205465
5662 205768
5663 205447
5664 206210
5665 205873
5666 205924
5667 205716
5668 205768
5669 205746
5670 205823
5671 205830
5672 206067
5673 205615
5674 205919
5675 205665
5676 205537
5677 205643
5678 205835
5679 205925
5680 205918
5681 205848
5682 205380
5683 205157
5684 205047
5685 205820
5686 205946
5687 205974
5688 205686
5689 205411
5690 205112
5691 205590
5692 205922
5693 205070
5694 205648
5695 205669
5696 205866
5697 205468
5698 205904
5699 205079
5700 204891
5701 205639
5702 205126
5703 205910
5704 205462
5705 205427
5706 205568
5707 205292
5708 205691
5709 205056
5710 205312
5711 204848
5712 205183
5713 205478
5714 205676
5715 205535
5716 205663
5717 205152
5718 205699
5719 205256
5720 205242
5721 205761
5722 205306
5723 205446
5724 205507
5725 205503
5726 205744
5727 204937
5728 205296
5729 204979
5730 205160
5731 205249
5732 205609
5733 205881
5734 205202
5735 205402
5736 205745
5737 205667
5738 205550
5739 205468
5740 205044
5741 205875
5742 205942
5743 205646
5744 206242
5745 205316
5746 205718
5747 205405
5748 205532
5749 205715
5750 205228
5751 205762
5752 205621
5753 206164
5754 205822
5755 205848
5756 205158
5757 205262
5758 205363
5759 205518
5760 205946
5761 205033
5762 205418
5763 205606
5764 205284
5765 205538
5766 205561
5767 205665
5768 205313
5769 205152
5770 205258
5771 205106
5772 205333
5773 205153
5774 205667
5775 205188
5776 204625
5777 205393
5778 205584
5779 205558
5780 204820
5781 205536
5782 205255
5783 205334
5784 205048
5785 205345
5786 205706
5787 204602
5788 205425
5789 205379
5790 205150
5791 204828
5792 205316
5793 204958
5794 205614
5795 205268
5796 205437
5797 205359
5798 205760
5799 205458
5800 204867
5801 205635
5802 205351
5803 205219
5804 205894
5805 205655
5806 205268
5807 205980
5808 205143
5809 204952
5810 204916
5811 205580
5812 205201
5813 205628
5814 205219
5815 205976
5816 205317
5817 205079
5818 205578
5819 205209
5820 205111
5821 205474
5822 205052
5823 205551
5824 205825
5825 205381
5826 205539
5827 204917
5828 205373
5829 205370
5830 206008
5831 205224
5832 205715
5833 205168
5834 205027
5835 205428
5836 205564
5837 204863
5838 205525
5839 205817
5840 205491
5841 205579
5842 205334
5843 205575
5844 205761
5845 205532
5846 205556
5847 205424
5848 205876
5849 205396
5850 205585
5851 205317
5852 205963
5853 205719
5854 205624
5855 205572
5856 205667
5857 205251
5858 205798
5859 205568
5860 205991
5861 205228
5862 205913
5863 205126
5864 205459
5865 205590
5866 205354
5867 205754
5868 205375
5869 205354
5870 205867
5871 205448
5872 205811
5873 205443
5874 205410
5875 205235
5876 205519
5877 205870
5878 205221
5879 205717
5880 205961
5881 205372
5882 206509
5883 205746
5884 206065
5885 205147
5886 206099
5887 205282
5888 206038
5889 205590
5890 205558
5891 206018
5892 205389
5893 205911
5894 205505
5895 205695
5896 205787
5897 205614
5898 205370
5899 206157
5900 205863
5901 205338
5902 205428
5903 205727
5904 205801
5905 205670
5906 205469
5907 205509
5908 205856
5909 205248
5910 205403
5911 205531
5912 205706
5913 205010
5914 205737
5915 205325
5916 205116
5917 205554
5918 205593
5919 205447
5920 205616
5921 205575
5922 205603
5923 205859
5924 205777
5925 205755
5926 205759
5927 205533
5928 205539
5929 205546
5930 204925
5931 205262
5932 205128
5933 205150
5934 205709
5935 205343
5936 205246
5937 206050
5938 204857
5939 204792
5940 205354
5941 205199
5942 205125
5943 205307
5944 205347
5945 205084
5946 205813
5947 205374
5948 205317
5949 204810
5950 205246
5951 204953
5952 205235
5953 205303
5954 204912
5955 204986
5956 205361
5957 205366
5958 205104
5959 205291
5960 205597
5961 205688
5962 205286
5963 205723
5964 204580
5965 205499
5966 205239
5967 205469
5968 204961
5969 204966
5970 205233
5971 205156
5972 205203
5973 204925
5974 205153
5975 205089
5976 205209
5977 204656
5978 205332
5979 205296
5980 204629
5981 204714
5982 204608
5983 205231
5984 205213
5985 205241
5986 204816
5987 205017
5988 205154
5989 204899
5990 205381
5991 204844
5992 204758
5993 205254
5994 205465
5995 205208
5996 204320
5997 205197
5998 205096
5999 204438
6000 204712
6001 204780
6002 204765
6003 205145
6004 204916
6005 204803
6006 205016
6007 204986
6008 204871
6009 204591
6010 205175
6011 205034
6012 204904
6013 204792
6014 205018
6015 205113
6016 205019
6017 204893
6018 204737
6019 204542
6020 204635
6021 204785
6022 204580
6023 204036
6024 204726
6025 204587
6026 205342
6027 205394
6028 205041
6029 204712
6030 204560
6031 204775
6032 204982
6033 204376
6034 204821
6035 204630
6036 204591
6037 204776
6038 204562
6039 204670
6040 204402
6041 204983
6042 204607
6043 204753
6044 204145
6045 205075
6046 204776
6047 204610
6048 204813
6049 204800
6050 204903
6051 204653
6052 204502
6053 204663
6054 204205
6055 204927
6056 204959
6057 205046
6058 203922
6059 204901
6060 204147
6061 204649
6062 204169
6063 204249
6064 204489
6065 204468
6066 205087
6067 204644
6068 204024
6069 204509
6070 204538
6071 204562
6072 204789
6073 205055
6074 204961
6075 204291
6076 204349
6077 204296
6078 204560
6079 204333
6080 204910
6081 204293
6082 204850
6083 204796
6084 203997
6085 204769
6086 204583
6087 204855
6088 204713
6089 204467
6090 204903
6091 204525
6092 204475
6093 204366
6094 204527
6095 204246
6096 204781
6097 204544
6098 204557
6099 203954
6100 204056
6101 204287
6102 204137
6103 204732
6104 204686
6105 204523
6106 204548
6107 204164
6108 204340
6109 204773
6110 204566
6111 204078
6112 204372
6113 204146
6114 203970
6115 204402
6116 204473
6117 204694
6118 204386
6119 204428
6120 204318
6121 204350
6122 204839
6123 204893
6124 204879
6125 204119
6126 204369
6127 204225
6128 204476
6129 204581
6130 204317
6131 204235
6132 203974
6133 204594
6134 204345
6135 204269
6136 204201
6137 204071
6138 204146
6139 204541
6140 204420
6141 204317
6142 204397
6143 204847
6144 204574
6145 204649
6146 204122
6147 204571
6148 204417
6149 203826
6150 204285
6151 203911
6152 204222
6153 204106
6154 203967
6155 204035
6156 204264
6157 203596
6158 204388
6159 204360
6160 204213
6161 204716
6162 203792
6163 204302
6164 204351
6165 204035
6166 204490
6167 203552
6168 204063
6169 203937
6170 204006
6171 203812
6172 203925
6173 203510
6174 204339
6175 203949
6176 204052
6177 203906
6178 204161
6179 203512
6180 204373
6181 203924
6182 203964
6183 204057
6184 204286
6185 204030
6186 203941
6187 203551
6188 203794
6189 204271
6190 203382
6191 204069
6192 203422
6193 204125
6194 204139
6195 203636
6196 204596
6197 203928
6198 204064
6199 203818
6200 203184
6201 203800
6202 203811
6203 203802
6204 203885
6205 203977
6206 203659
6207 203995
6208 204049
6209 203500
6210 203783
6211 204255
6212 203800
6213 203320
6214 203445
6215 203865
6216 204089
6217 203219
6218 203645
6219 203315
6220 204047
6221 203877
6222 203551
6223 202966
6224 203693
6225 203909
6226 203749
6227 203058
6228 203517
6229 203867
6230 203432
6231 203497
6232 203407
6233 204027
6234 203878
6235 203829
6236 203824
6237 203639
6238 203249
6239 203762
6240 203415
6241 203633
6242 203160
6243 203522
6244 203668
6245 203739
6246 203351
6247 203755
6248 203486
6249 203757
6250 203504
6251 202934
6252 203046
6253 203940
6254 204070
6255 203338
6256 203230
6257 203349
6258 203543
6259 203352
6260 204154
6261 203907
6262 203854
6263 203257
6264 203464
6265 203351
6266 203248
6267 203323
6268 203690
6269 203542
6270 203617
6271 203554
6272 203028
6273 203390
6274 203521
6275 203254
6276 203077
6277 203363
6278 203485
6279 203403
6280 203698
6281 203699
6282 203471
6283 203687
6284 203332
6285 203263
6286 203160
6287 203224
6288 203200
6289 203538
6290 202940
6291 203107
6292 203310
6293 203034
6294 203479
6295 203181
6296 203166
6297 203116
6298 203113
6299 203369
6300 203500
6301 203306
6302 203461
6303 203011
6304 203335
6305 203242
6306 203271
6307 203535
6308 202969
6309 203055
6310 202817
6311 203301
6312 203215
6313 203351
6314 203173
6315 203365
6316 203224
6317 202803
6318 203147
6319 203195
6320 203405
6321 202644
6322 203176
6323 202900
6324 203644
6325 203284
6326 203102
6327 202414
6328 203424
6329 203190
6330 203382
6331 202671
6332 202895
6333 203317
6334 203053
6335 203306
6336 203096
6337 202803
6338 202716
6339 203417
6340 203625
6341 202977
6342 203040
6343 203479
6344 202577
6345 203488
6346 203105
6347 202781
6348 203318
6349 202951
6350 203138
6351 203608
6352 203144
6353 203143
6354 203055
6355 202440
6356 202908
6357 203012
6358 202847
6359 203162
6360 203123
6361 202539
6362 203028
6363 203313
6364 202934
6365 202989
6366 203274
6367 202978
6368 203656
6369 202764
6370 202726
6371 202930
6372 202761
6373 202655
6374 203430
6375 202923
6376 202319
6377 202669
6378 203115
6379 203019
6380 203013
6381 202796
6382 202854
6383 202920
6384 202650
6385 203114
6386 202779
6387 202981
6388 203017
6389 202680
6390 202508
6391 202504
6392 203210
6393 203080
6394 203056
6395 202768
6396 202690
6397 203031
6398 202991
6399 203278
6400 203181
6401 203112
6402 202916
6403 202752
6404 202760
6405 203050
6406 202985
6407 202522
6408 202918
6409 203391
6410 202815
6411 202804
6412 203154
6413 202741
6414 203087
6415 203291
6416 203017
6417 203423
6418 203250
6419 203570
6420 203366
6421 203355
6422 202880
6423 203314
6424 203288
6425 202780
6426 202731
6427 202805
6428 202916
6429 203104
6430 203063
6431 203091
6432 203736
6433 203087
6434 202805
6435 203266
6436 203289
6437 203329
6438 203107
6439 203278
6440 203875
6441 203254
6442 203531
6443 203135
6444 203116
6445 203105
6446 203534
6447 203122
6448 203313
6449 203150
6450 202985
6451 203211
6452 203160
6453 202902
6454 202890
6455 203047
6456 203667
6457 203457
6458 203447
6459 203246
6460 203552
6461 203244
6462 203592
6463 203124
6464 203410
6465 203598
6466 203192
6467 203116
6468 203288
6469 203497
6470 203376
6471 203462
6472 203591
6473 203551
6474 203557
6475 203072
6476 202915
6477 203049
6478 203157
6479 203174
6480 203508
6481 203104
6482 203243
6483 203231
6484 203233
6485 203506
6486 203788
6487 203952
6488 203417
6489 202956
6490 203570
6491 203811
6492 203227
6493 203478
6494 203612
6495 203464
6496 203976
6497 203136
6498 204084
6499 203082
6500 203769
6501 203309
6502 203470
6503 203643
6504 203602
6505 203728
6506 203730
6507 203820
6508 203483
6509 203718
6510 203631
6511 203704
6512 204031
6513 203754
6514 203913
6515 203684
6516 203161
6517 203532
6518 203766
6519 203461
6520 203755
6521 204264
6522 203770
6523 203566
6524 203569
6525 203606
6526 203684
6527 202960
6528 203700
6529 204110
6530 203744
6531 203768
6532 204097
6533 203197
6534 203764
6535 203967
6536 203586
6537 203541
6538 203509
6539 203685
6540 203870
6541 203657
6542 204323
6543 204648
6544 203734
6545 203680
6546 203851
6547 203766
6548 203742
6549 203648
6550 203888
6551 203837
6552 203762
6553 203958
6554 203471
6555 204072
6556 203636
6557 203939
6558 203870
6559 204366
6560 203877
6561 203805
6562 203932
6563 204217
6564 204246
6565 204043
6566 203792
6567 203872
6568 204084
6569 203551
6570 204005
6571 203796
6572 204344
6573 204454
6574 204539
6575 204368
6576 203952
6577 204610
6578 204399
6579 204033
6580 204249
6581 204122
6582 203725
6583 204158
6584 204325
6585 204069
6586 204364
6587 204486
6588 203492
6589 203814
6590 204510
6591 204395
6592 203803
6593 204725
6594 203950
6595 204272
6596 204278
6597 205155
6598 204307
6599 204519
6600 203859
6601 203939
6602 203901
6603 204311
6604 204036
6605 204136
6606 204172
6607 204204
6608 204186
6609 204754
6610 204159
6611 204153
6612 203950
6613 204218
6614 204105
6615 204302
6616 204644
6617 204836
6618 204182
6619 204865
6620 204475
6621 204355
6622 204617
6623 204391
6624 204447
6625 204574
6626 204235
6627 204439
6628 204317
6629 203968
6630 204271
6631 204581
6632 204766
6633 204473
6634 205122
6635 204374
6636 204340
6637 204553
6638 204003
6639 204347
6640 204654
6641 204657
6642 204880
6643 204109
6644 204334
6645 204633
6646 204427
6647 203932
6648 204232
6649 204290
6650 204733
6651 204394
6652 204986
6653 204633
6654 204625
6655 204623
6656 204463
6657 204243
6658 204851
6659 204783
6660 204864
6661 204868
6662 204565
6663 204596
6664 204721
6665 204861
6666 204464
6667 204974
6668 204911
6669 204589
6670 204911
6671 204640
6672 204837
6673 205142
6674 205143
6675 204651
6676 205156
6677 204722
6678 204357
6679 205253
6680 204762
6681 205142
6682 204434
6683 204542
6684 204985
6685 204411
6686 204369
6687 204672
6688 204853
6689 204717
6690 204439
6691 204831
6692 204656
6693 204590
6694 204674
6695 205117
6696 204373
6697 204205
6698 204514
6699 204579
6700 204708
6701 204764
6702 204381
6703 204340
6704 205180
6705 204752
6706 205251
6707 205060
6708 204768
6709 205490
6710 204950
6711 204318
6712 204927
6713 204669
6714 204974
6715 204671
6716 205091
6717 204524
6718 204888
6719 205314
6720 204647
6721 204769
6722 204212
6723 204633
6724 204958
6725 204567
6726 205004
6727 204791
6728 204756
6729 205294
6730 204926
6731 204518
6732 204750
6733 204781
6734 205316
6735 205030
6736 204915
6737 204639
6738 205448
6739 205473
6740 205113
6741 205286
6742 204744
6743 205070
6744 205520
6745 205250
6746 205215
6747 205395
6748 205550
6749 204812
6750 204934
6751 205237
6752 205589
6753 204799
6754 205348
6755 205167
6756 205362
6757 205736
6758 205294
6759 205189
6760 205045
6761 205128
6762 205122
6763 204587
6764 205111
