H11890
GateTime 10
GateNumber 0
SN 30430302
0 201237
1 201893
2 200990
3 201340
4 201139
5 200960
6 201527
7 201051
8 201242
9 201223
10 201229
11 201893
12 201720
13 201696
14 201690
15 201413
16 201484
17 201604
18 201362
19 201428
20 201355
21 201568
22 201714
23 201064
24 201458
25 201368
26 201098
27 201409
28 201248
29 201857
30 201487
31 201946
32 201484
33 201824
34 201372
35 201285
36 201663
37 201456
38 201811
39 201514
40 201359
41 201060
42 201244
43 200944
44 201717
45 201405
46 201083
47 201330
48 201172
49 201300
50 201356
51 201246
52 202000
53 201325
54 201015
55 201632
56 201055
57 201078
58 201554
59 201079
60 201868
61 201100
62 201187
63 201203
64 201758
65 201362
66 200876
67 201371
68 201184
69 200972
70 201079
71 201064
72 200967
73 201448
74 200998
75 201817
76 201246
77 200911
78 201511
79 201334
80 201041
81 201421
82 200876
83 201382
84 200946
85 201256
86 200790
87 201341
88 201012
89 200956
90 201068
91 201342
92 201484
93 200472
94 201007
95 200867
96 201002
97 201669
98 201207
99 200969
100 201464
101 201425
102 200967
103 201231
104 201688
105 201494
106 201631
107 201922
108 201744
109 201764
110 201788
111 201865
112 202017
113 201773
114 202173
115 201874
116 202510
117 202063
118 201338
119 201993
120 201870
121 202477
122 201845
123 202399
124 202100
125 201988
126 202700
127 202335
128 202444
129 202658
130 202322
131 202152
132 202051
133 202501
134 202250
135 202687
136 202219
137 202424
138 202765
139 202596
140 203220
141 202636
142 202841
143 202650
144 202380
145 203077
146 203288
147 202586
148 203229
149 203392
150 203673
151 203442
152 203647
153 204231
154 203777
155 203967
156 203778
157 204098
158 204294
159 205178
160 204436
161 204439
162 205413
163 205404
164 205375
165 205601
166 206003
167 206169
168 206287
169 206874
170 206801
171 207534
172 207702
173 208098
174 208523
175 208301
176 209258
177 208954
178 209303
179 209818
180 209958
181 209767
182 210244
183 210505
184 210754
185 211111
186 210591
187 210231
188 210585
189 210947
190 211088
191 210201
192 210604
193 210177
194 210028
195 210365
196 209843
197 209534
198 209187
199 209121
200 208813
201 208570
202 208278
203 208022
204 207906
205 207246
206 207328
207 207243
208 207675
209 207045
210 206880
211 206696
212 205557
213 205955
214 206167
215 205959
216 205160
217 205408
218 205185
219 204728
220 204544
221 204834
222 204522
223 204219
224 203891
225 204408
226 204124
227 204196
228 203623
229 203007
230 203098
231 202876
232 203371
233 202944
234 202699
235 202816
236 203013
237 201927
238 202763
239 202285
240 202045
241 202338
242 202768
243 201885
244 201976
245 202510
246 202041
247 202009
248 201985
249 201376
250 201601
251 201463
252 201510
253 201550
254 201434
255 201409
256 201552
257 200580
258 201367
259 201408
260 200514
261 200970
262 200622
263 200858
264 200969
265 200814
266 201126
267 200550
268 200246
269 200407
270 200308
271 200590
272 200420
273 200480
274 200646
275 200138
276 200253
277 200056
278 200349
279 200432
280 200363
281 200037
282 200106
283 200622
284 199992
285 200048
286 200677
287 200417
288 200989
289 200031
290 200294
291 200105
292 200669
293 200290
294 200087
295 200343
296 200220
297 200234
298 199624
299 200715
300 200107
301 199980
302 199969
303 199957
304 199946
305 200298
306 200002
307 200102
308 200159
309 200464
310 199624
311 200044
312 199936
313 200389
314 199840
315 199880
316 200009
317 200693
318 200266
319 200208
320 200426
321 200408
322 200390
323 200393
324 200035
325 200213
326 200009
327 200144
328 200291
329 200326
330 199754
331 200246
332 200250
333 199883
334 200360
335 200185
336 199920
337 200222
338 199837
339 199495
340 200051
341 200163
342 199545
343 199685
344 199475
345 199858
346 199293
347 199526
348 200299
349 199324
350 199148
351 199810
352 200118
353 199685
354 199499
355 199671
356 199274
357 199742
358 199940
359 199965
360 199962
361 199180
362 199194
363 199400
364 199127
365 199713
366 199389
367 199692
368 200162
369 199773
370 199945
371 199365
372 199699
373 199382
374 199935
375 199564
376 200247
377 199752
378 200106
379 199415
380 199911
381 199926
382 199783
383 199956
384 200257
385 199794
386 199699
387 200217
388 199431
389 199844
390 200012
391 199548
392 199606
393 199462
394 199863
395 199531
396 199628
397 199995
398 199450
399 199371
400 199625
401 199377
402 199211
403 199297
404 199473
405 199698
406 199620
407 200054
408 199565
409 199422
410 199780
411 199290
412 199417
413 199277
414 199211
415 199278
416 199804
417 199372
418 200193
419 198945
420 200091
421 200050
422 199135
423 199646
424 199356
425 199490
426 199017
427 199596
428 199366
429 199613
430 199407
431 199274
432 199750
433 199664
434 199244
435 198980
436 199392
437 199467
438 199347
439 199476
440 199688
441 199931
442 199162
443 199102
444 199369
445 199692
446 199266
447 199068
448 199323
449 199650
450 199998
451 199820
452 199696
453 199618
454 199937
455 199597
456 199622
457 199323
458 199206
459 199816
460 199720
461 199533
462 199650
463 199538
464 199603
465 199774
466 199930
467 199960
468 199633
469 199497
470 199362
471 200080
472 199968
473 199850
474 199827
475 199363
476 200163
477 199518
478 199860
479 200024
480 199302
481 200621
482 199987
483 199681
484 199996
485 200555
486 199915
487 200255
488 199684
489 200072
490 200049
491 200456
492 200286
493 200346
494 199623
495 200163
496 200273
497 199890
498 200064
499 199860
500 200412
501 200132
502 200492
503 199787
504 199919
505 199742
506 200045
507 200648
508 200306
509 199909
510 200388
511 200279
512 200823
513 200180
514 200385
515 200415
516 200742
517 200408
518 200672
519 199973
520 200089
521 200815
522 200607
523 199996
524 200770
525 200431
526 200780
527 200971
528 200401
529 200061
530 200627
531 200512
532 200685
533 200666
534 200506
535 200680
536 201046
537 200251
538 200599
539 200586
540 200764
541 200175
542 200967
543 200907
544 201472
545 200991
546 201400
547 201278
548 200864
549 200431
550 200692
551 201251
552 201245
553 201182
554 201136
555 201168
556 201774
557 201332
558 201336
559 201376
560 201246
561 201188
562 201350
563 201414
564 201368
565 201371
566 201483
567 201707
568 201409
569 201292
570 201397
571 201940
572 201869
573 201947
574 201379
575 201580
576 201560
577 201571
578 201966
579 201866
580 201499
581 202035
582 201942
583 202110
584 202071
585 201586
586 201699
587 201829
588 201861
589 202511
590 202137
591 201872
592 202038
593 201925
594 202256
595 202564
596 201993
597 202471
598 202571
599 202343
600 202449
601 202597
602 202726
603 202941
604 202505
605 203087
606 202611
607 202660
608 202763
609 202298
610 203209
611 202972
612 202718
613 202499
614 202938
615 203096
616 202997
617 203406
618 203346
619 203749
620 203000
621 203164
622 203420
623 203623
624 203674
625 204283
626 203913
627 204189
628 203695
629 204413
630 203943
631 204660
632 203918
633 204235
634 204533
635 204955
636 204897
637 204930
638 205551
639 205377
640 205450
641 205519
642 205403
643 205392
644 205366
645 205724
646 205902
647 205883
648 206755
649 207075
650 205997
651 206328
652 207003
653 207216
654 207514
655 207410
656 208063
657 208161
658 208291
659 208322
660 208690
661 209109
662 209563
663 209890
664 209593
665 209649
666 210050
667 210587
668 210702
669 211113
670 210885
671 211323
672 211891
673 212150
674 212967
675 213066
676 212973
677 213285
678 212906
679 213592
680 214025
681 214342
682 213903
683 214200
684 213763
685 213633
686 213953
687 214511
688 214033
689 213491
690 213317
691 213581
692 213256
693 212906
694 212341
695 212373
696 211944
697 211334
698 210727
699 210955
700 210624
701 209948
702 209972
703 209336
704 209590
705 208923
706 208882
707 208017
708 208079
709 207992
710 207774
711 207734
712 206916
713 207199
714 207000
715 206712
716 206886
717 206669
718 206321
719 206808
720 206471
721 206548
722 205494
723 205393
724 205635
725 205398
726 206442
727 205749
728 205444
729 205011
730 205314
731 205185
732 205231
733 204920
734 205039
735 205250
736 204796
737 205087
738 204713
739 205001
740 204689
741 204185
742 204550
743 205158
744 204281
745 203910
746 204143
747 204569
748 204576
749 204728
750 205147
751 204548
752 204168
753 204436
754 203637
755 204311
756 204187
757 204577
758 204491
759 204478
760 204669
761 204465
762 204274
763 204410
764 204263
765 204164
766 204476
767 203945
768 204310
769 204328
770 203569
771 204329
772 204153
773 203945
774 203932
775 203799
776 204049
777 204126
778 204333
779 204376
780 203848
781 204222
782 203999
783 204352
784 203953
785 204232
786 203459
787 204074
788 204541
789 203584
790 203891
791 203814
792 203510
793 203853
794 204090
795 203916
796 203636
797 204327
798 203746
799 203397
800 203772
801 204127
802 203825
803 204260
804 204227
805 203805
806 204137
807 203602
808 203810
809 203927
810 204093
811 203693
812 204312
813 204104
814 204547
815 203960
816 204517
817 203626
818 204135
819 203947
820 203810
821 204049
822 204076
823 204161
824 204110
825 204055
826 203800
827 203858
828 203938
829 203554
830 204002
831 203685
832 204307
833 203922
834 203841
835 204051
836 203671
837 203898
838 204188
839 203775
840 203655
841 203978
842 203432
843 203893
844 204190
845 203744
846 204169
847 203767
848 203864
849 204009
850 203985
851 204411
852 204277
853 204352
854 204037
855 203873
856 203640
857 203955
858 204102
859 204153
860 203678
861 203821
862 203707
863 203531
864 203398
865 203775
866 203837
867 203833
868 203624
869 203294
870 203687
871 203934
872 203713
873 203274
874 203594
875 204009
876 203947
877 203822
878 203757
879 204098
880 203893
881 204115
882 203962
883 203752
884 204098
885 203789
886 204373
887 204296
888 204250
889 203655
890 204009
891 203921
892 203836
893 203882
894 203701
895 203828
896 204163
897 203628
898 204061
899 204039
900 203104
901 203793
902 204154
903 203626
904 203528
905 203219
906 203719
907 204248
908 204256
909 203637
910 203732
911 203598
912 203588
913 203831
914 203876
915 203787
916 203845
917 204203
918 204441
919 203895
920 203620
921 203293
922 203928
923 203761
924 204286
925 203809
926 204101
927 203960
928 203937
929 203778
930 204044
931 203376
932 204163
933 204198
934 203370
935 203770
936 204185
937 204091
938 203501
939 203986
940 203668
941 204176
942 204069
943 203766
944 204064
945 204010
946 203527
947 204011
948 203774
949 204103
950 204048
951 204505
952 204041
953 203756
954 203820
955 204243
956 203877
957 203138
958 203584
959 204319
960 203999
961 203998
962 204419
963 203497
964 203975
965 204148
966 203783
967 203589
968 203802
969 203542
970 203906
971 203409
972 204248
973 203787
974 204182
975 203589
976 203852
977 204127
978 203841
979 203537
980 204136
981 203859
982 203494
983 203555
984 203469
985 203703
986 203714
987 204134
988 203545
989 203308
990 204087
991 203252
992 203836
993 203298
994 204012
995 203526
996 203751
997 203240
998 203547
999 203392
1000 203220
1001 203829
1002 204133
1003 203574
1004 203486
1005 203680
1006 203524
1007 203913
1008 203539
1009 203458
1010 203872
1011 203767
1012 203401
1013 203494
1014 203327
1015 203495
1016 203367
1017 203061
1018 203091
1019 203262
1020 203736
1021 203281
1022 203483
1023 203150
1024 203192
1025 202882
1026 203094
1027 203280
1028 203371
1029 202949
1030 203468
1031 203449
1032 202889
1033 203460
1034 203114
1035 203042
1036 203196
1037 203152
1038 203257
1039 202915
1040 203124
1041 203293
1042 203063
1043 203311
1044 202957
1045 203197
1046 202721
1047 203239
1048 203200
1049 203608
1050 203006
1051 202721
1052 203059
1053 203197
1054 202814
1055 203029
1056 203360
1057 203035
1058 203402
1059 202679
1060 203121
1061 202437
1062 202961
1063 202745
1064 202681
1065 203284
1066 202845
1067 203031
1068 203151
1069 202879
1070 203198
1071 202662
1072 203464
1073 203428
1074 202901
1075 203207
1076 203245
1077 203051
1078 203110
1079 203417
1080 202866
1081 202975
1082 202690
1083 203156
1084 203674
1085 203259
1086 202923
1087 202993
1088 203172
1089 203013
1090 202810
1091 203185
1092 203249
1093 202932
1094 203230
1095 203323
1096 202937
1097 203205
1098 203112
1099 202694
1100 203460
1101 203209
1102 203587
1103 203099
1104 203282
1105 203477
1106 203318
1107 202875
1108 203947
1109 202875
1110 203327
1111 203153
1112 203689
1113 203453
1114 203059
1115 203582
1116 203709
1117 202964
1118 203596
1119 203253
1120 203483
1121 203085
1122 203371
1123 203604
1124 203532
1125 203355
1126 203814
1127 203394
1128 203424
1129 203528
1130 204096
1131 204025
1132 204039
1133 203781
1134 204382
1135 204425
1136 204699
1137 204363
1138 204626
1139 204121
1140 204361
1141 204376
1142 204914
1143 204474
1144 204170
1145 205294
1146 204634
1147 205574
1148 204882
1149 204735
1150 205335
1151 205323
1152 205067
1153 205454
1154 205285
1155 205425
1156 205566
1157 205664
1158 205734
1159 205907
1160 206726
1161 206823
1162 206810
1163 206819
1164 206559
1165 207427
1166 207868
1167 208243
1168 207967
1169 208471
1170 209409
1171 208485
1172 209107
1173 209826
1174 210201
1175 210228
1176 210871
1177 211052
1178 211258
1179 211295
1180 211880
1181 211819
1182 212184
1183 211857
1184 212654
1185 211874
1186 212804
1187 212603
1188 212580
1189 212700
1190 212701
1191 212238
1192 212714
1193 212079
1194 212145
1195 211931
1196 212016
1197 212228
1198 211518
1199 210926
1200 210903
1201 210366
1202 209881
1203 209564
1204 209910
1205 209598
1206 208844
1207 208815
1208 208477
1209 208179
1210 208151
1211 207827
1212 207717
1213 207378
1214 207278
1215 206918
1216 207079
1217 206569
1218 206105
1219 206248
1220 206166
1221 205381
1222 205220
1223 205175
1224 205039
1225 204693
1226 204978
1227 204485
1228 204306
1229 204349
1230 204321
1231 203998
1232 203937
1233 203823
1234 203497
1235 203740
1236 203469
1237 203196
1238 203066
1239 203192
1240 202674
1241 203340
1242 203115
1243 203180
1244 202899
1245 203033
1246 203422
1247 202583
1248 202886
1249 202037
1250 202422
1251 202273
1252 201677
1253 202403
1254 202228
1255 201774
1256 202125
1257 201677
1258 202457
1259 202149
1260 201642
1261 201297
1262 201594
1263 201716
1264 201326
1265 201445
1266 201387
1267 201598
1268 201190
1269 201289
1270 201261
1271 201223
1272 201741
1273 201394
1274 200721
1275 201090
1276 201013
1277 201207
1278 201417
1279 201042
1280 200640
1281 200712
1282 200894
1283 200873
1284 200289
1285 200774
1286 201029
1287 200754
1288 200819
1289 200352
1290 200723
1291 200619
1292 200668
1293 200089
1294 200308
1295 199938
1296 200664
1297 200238
1298 200889
1299 200584
1300 200292
1301 200592
1302 200786
1303 200781
1304 200329
1305 200172
1306 200395
1307 200196
1308 200205
1309 199767
1310 200500
1311 200063
1312 200434
1313 200102
1314 200613
1315 200076
1316 200068
1317 200045
1318 200128
1319 199914
1320 200326
1321 200555
1322 200393
1323 200163
1324 199798
1325 199954
1326 199775
1327 200025
1328 199843
1329 200252
1330 199360
1331 200249
1332 200274
1333 199971
1334 199882
