H11890
GateTime 10
GateNumber 0
SN 30430302
0 208880
1 209114
2 208640
3 208376
4 209136
5 209276
6 208092
7 208932
8 208630
9 208771
10 208435
11 208607
12 208274
13 208919
14 208385
15 208692
16 208721
17 209214
18 209045
19 209015
20 208636
21 208656
22 208916
23 208761
24 208354
25 209009
26 208366
27 208574
28 208751
29 209369
30 208144
31 208878
32 208529
33 207994
34 208726
35 208947
36 208878
37 209240
38 209144
39 208455
40 208755
41 208731
42 209062
43 207924
44 208724
45 209009
46 208621
47 208752
48 208722
49 208752
50 208688
51 208720
52 209016
53 209115
54 208535
55 208621
56 209203
57 209022
58 208468
59 208503
60 208574
61 208867
62 208693
63 208534
64 208652
65 208646
66 208917
67 208612
68 209140
69 209039
70 208690
71 208435
72 209099
73 209311
74 208689
75 208831
76 208575
77 208857
78 208847
79 208691
80 208724
81 208692
82 209270
83 208846
84 209017
85 208908
86 208852
87 208449
88 208661
89 208427
90 209349
91 209016
92 208923
93 208701
94 208741
95 209029
96 208882
97 209365
98 209122
99 208516
100 208934
101 209282
102 208908
103 208925
104 208914
105 208563
106 209098
107 209401
108 208939
109 209373
110 209186
111 209213
112 209031
113 209405
114 209059
115 209279
116 209437
117 209106
118 208868
119 208724
120 208854
121 209018
122 208960
123 209412
124 209443
125 209444
126 208658
127 209498
128 209572
129 209015
130 209193
131 208591
132 209117
133 209495
134 209228
135 209238
136 208844
137 209277
138 208754
139 209061
140 209294
141 208951
142 208587
143 209405
144 208979
145 209098
146 209009
147 209066
148 209163
149 208898
150 209008
151 208971
152 208972
153 208780
154 208683
155 208522
156 208878
157 208649
158 208968
159 209223
160 209118
161 208581
162 208433
163 208660
164 208932
165 208663
166 208945
167 208832
168 208828
169 209301
170 208965
171 208605
172 208975
173 208585
174 208874
175 208830
176 208868
177 208940
178 208541
179 208626
180 208183
181 208411
182 208885
183 209003
184 208658
185 207990
186 208545
187 208647
188 208117
189 208448
190 208998
191 208537
192 208712
193 208920
194 208331
195 208310
196 208654
197 208472
198 208393
199 208607
200 208865
201 208446
202 208372
203 208633
204 208597
205 208974
206 208910
207 208788
208 209122
209 208536
210 209067
211 208690
212 208266
213 208960
214 209133
215 208207
216 209150
217 208658
218 208507
219 208838
220 208808
221 208687
222 208071
223 208505
224 209068
225 208952
226 208747
227 208770
228 209257
229 208900
230 208362
231 208343
232 208690
233 208842
234 209026
235 208968
236 208757
237 208806
238 208691
239 208688
240 208814
241 208616
242 208429
243 208599
244 208647
245 209188
246 208868
247 209356
248 208475
249 208908
250 208691
251 209263
252 208737
253 209058
254 209434
255 209260
256 209047
257 209048
258 208657
259 208987
260 209398
261 208985
262 209381
263 208950
264 209173
265 208943
266 208759
267 209234
268 209110
269 209487
270 208692
271 208864
272 209225
273 209841
274 209493
275 209245
276 208866
277 209504
278 209609
279 209174
280 209801
281 209052
282 209514
283 209164
284 209537
285 209599
286 209554
287 209316
288 209651
289 209865
290 209590
291 209528
292 209416
293 209683
294 209191
295 209264
296 209672
297 210157
298 209593
299 209248
300 210068
301 209519
302 209809
303 210013
304 209743
305 209424
306 209755
307 210450
308 209479
309 209893
310 209416
311 209972
312 209640
313 210556
314 210441
315 210388
316 210316
317 210438
318 210444
319 210223
320 210759
321 210958
322 210140
323 211071
324 211238
325 210852
326 211290
327 211054
328 210851
329 211706
330 211565
331 211012
332 211279
333 211517
334 211875
335 211704
336 211372
337 211811
338 211835
339 211974
340 212553
341 212203
342 212205
343 212486
344 212672
345 212672
346 212412
347 213333
348 213100
349 213542
350 213412
351 213733
352 214391
353 214681
354 214719
355 214731
356 215503
357 216022
358 216041
359 216777
360 217091
361 217154
362 217348
363 218235
364 218435
365 218650
366 219136
367 219040
368 219586
369 219851
370 219930
371 220500
372 220116
373 220140
374 220333
375 219963
376 219941
377 219979
378 219772
379 219704
380 219113
381 218805
382 218564
383 218908
384 218072
385 217248
386 217613
387 216825
388 216939
389 216656
390 216347
391 215242
392 215188
393 215307
394 215169
395 214493
396 214791
397 214798
398 213839
399 213475
400 213451
401 213251
402 212454
403 212617
404 212302
405 212614
406 212216
407 212228
408 211872
409 211811
410 211847
411 211989
412 211453
413 211471
414 211512
415 211496
416 211352
417 211188
418 210905
419 210643
420 211135
421 210947
422 210643
423 210626
424 210849
425 211239
426 210441
427 210245
428 210506
429 210398
430 210282
431 209750
432 209933
433 210624
434 209848
435 210322
436 210587
437 210248
438 210090
439 210069
440 209761
441 210361
442 209664
443 209138
444 210206
445 210034
446 209851
447 210051
448 209286
449 209718
450 209946
451 209415
452 209310
453 209808
454 209635
455 209696
456 209558
457 209623
458 209373
459 209835
460 209625
461 209479
462 209542
463 209521
464 209252
465 209590
466 209493
467 209488
468 209317
469 208935
470 208983
471 209367
472 209399
473 209415
474 209250
475 209036
476 209118
477 208931
478 209070
479 209133
480 209158
481 208425
482 209353
483 208759
484 208793
485 208834
486 209038
487 208438
488 208895
489 208763
490 209041
491 208113
492 209015
493 209224
494 209010
495 208498
496 208972
497 208539
498 208716
499 208654
500 208602
501 208706
502 209403
503 208900
504 209158
505 208876
506 208772
507 208750
508 209000
509 208990
510 209001
511 209048
512 208620
513 208969
514 208782
515 208535
516 208845
517 208885
518 208835
519 208736
520 208807
521 209352
522 208629
523 208895
524 208667
525 208671
526 209108
527 208809
528 208896
529 209159
530 208938
531 208876
532 208932
533 208468
534 208579
535 209288
536 209006
537 209009
538 209488
539 209669
540 209395
541 209150
542 209148
543 209427
544 209283
545 208952
546 209276
547 209248
548 208831
549 209542
550 208947
551 209257
552 208814
553 209833
554 208888
555 208804
556 208942
557 208727
558 208839
559 208923
560 208676
561 208663
562 209176
563 209506
564 208758
565 209034
566 208996
567 209068
568 208838
569 209355
570 209340
571 208892
572 209403
573 209080
574 209087
575 208570
576 209037
577 209086
578 208840
579 208418
580 209157
581 209092
582 208562
583 208986
584 209148
585 209203
586 209464
587 209494
588 209038
589 209335
590 209549
591 208819
592 209774
593 209727
594 209363
595 209329
596 209069
597 208975
598 209348
599 208991
600 209831
601 208544
602 209011
603 209090
604 208914
605 208905
606 209410
607 209239
608 209065
609 209166
610 209275
611 209044
612 208888
613 209199
614 209157
615 209325
616 208996
617 208914
618 209154
619 209492
620 208859
621 208776
622 209103
623 209041
624 208868
625 208792
626 209468
627 209002
628 209426
629 209336
630 208746
631 209207
632 208996
633 208674
634 209270
635 208563
636 208663
637 208780
638 208744
639 209392
640 209151
641 209302
642 209006
643 209469
644 209047
645 209492
646 209205
647 209780
648 208481
649 209009
650 209096
651 209086
652 209256
653 208791
654 209252
655 209328
656 208874
657 209090
658 209380
659 209670
660 209082
661 209007
662 209261
663 208772
664 209224
665 209018
666 209200
667 209208
668 209224
669 209731
670 209147
671 209074
672 209278
673 209254
674 209704
675 208925
676 209602
677 209489
678 209786
679 209451
680 209638
681 209577
682 209531
683 209907
684 209660
685 209718
686 209641
687 209413
688 209324
689 209558
690 209744
691 209772
692 210275
693 209594
694 209746
695 209775
696 209704
697 209432
698 210323
699 209672
700 209582
701 209560
702 209713
703 209537
704 209825
705 209163
706 209433
707 209531
708 209677
709 209712
710 209145
711 209118
712 209431
713 209682
714 209553
715 209300
716 210030
717 209387
718 209370
719 209761
720 209478
721 209122
722 209903
723 209720
724 209293
725 209093
726 209308
727 209856
728 209621
729 209643
730 209952
731 209639
732 209432
733 209281
734 209628
735 208990
736 209527
737 209752
738 209439
739 208921
740 209857
741 209463
742 209745
743 209627
744 209425
745 209739
746 209184
747 209762
748 209678
749 209267
750 209867
751 209627
752 209581
753 209624
754 209770
755 209697
756 209992
757 210227
758 210037
759 209608
760 209782
761 209815
762 209739
763 209780
764 209790
765 210373
766 209832
767 209693
768 210017
769 209663
770 210129
771 210021
772 209739
773 209944
774 209900
775 209342
776 209629
777 209514
778 209217
779 210223
780 210023
781 210160
782 210013
783 210052
784 210186
785 210285
786 209529
787 209382
788 210372
789 209914
790 210264
791 210547
792 210362
793 210090
794 210316
795 210793
796 210402
797 210667
798 210728
799 210404
800 210535
801 210121
802 210545
803 210706
804 210105
805 210484
806 210864
807 210679
808 210187
809 210602
810 210597
811 210980
812 210901
813 210861
814 211138
815 211159
816 211048
817 211846
818 211470
819 212005
820 211662
821 211718
822 211802
823 211897
824 211806
825 212408
826 212344
827 212100
828 212239
829 212410
830 212638
831 212886
832 213123
833 212924
834 213344
835 214208
836 213631
837 214195
838 214035
839 214394
840 214343
841 215248
842 215469
843 215747
844 215659
845 215834
846 216273
847 216040
848 216470
849 216709
850 217484
851 217436
852 217186
853 217640
854 217935
855 218574
856 218489
857 218865
858 218787
859 219593
860 219438
861 219113
862 218906
863 219250
864 219153
865 218617
866 218754
867 218651
868 218223
869 218150
870 217383
871 216782
872 217284
873 216241
874 216158
875 216454
876 215906
877 215657
878 215238
879 215115
880 214777
881 214576
882 214855
883 214157
884 213983
885 214088
886 213968
887 213381
888 213381
889 213091
890 212635
891 213075
892 212902
893 212386
894 212292
895 212661
896 212577
897 212307
898 212663
899 212443
900 212371
901 212087
902 211521
903 211167
904 212099
905 211191
906 211776
907 211094
908 210970
909 211229
910 211565
911 211378
912 210723
913 211148
914 210883
915 210653
916 210953
917 210395
918 211722
919 211159
920 210589
921 211387
922 211025
923 211266
924 210319
925 210676
926 210961
927 210588
928 210098
929 210690
930 210408
931 210894
932 211243
933 210745
934 210478
935 210907
936 210523
937 210917
938 210380
939 210899
940 210557
941 210472
942 210228
943 210573
944 210617
945 210404
946 210339
947 210497
948 210599
949 210715
950 210621
951 210264
952 210673
953 210603
954 210710
955 210602
956 210778
957 210636
958 210381
959 210830
960 210425
961 210571
962 210085
963 210471
964 210298
965 210219
966 210175
967 210646
968 209959
969 210490
970 209943
971 210877
972 209620
973 210372
974 210279
975 210119
976 209939
977 210116
978 210294
979 210126
980 210152
981 210598
982 210062
983 210101
984 210117
985 209760
986 210264
987 210082
988 210512
989 209578
990 210349
991 210303
992 210389
993 209817
994 210566
995 210631
996 209839
997 209740
998 210039
999 209975
1000 210334
1001 210106
1002 209980
1003 210146
1004 209954
1005 210106
1006 210360
1007 210280
1008 210156
1009 209980
1010 209963
1011 209984
1012 209896
1013 210393
1014 210604
1015 210069
1016 210492
1017 210101
1018 210411
1019 210692
1020 209994
1021 210034
1022 210614
1023 209967
1024 210116
1025 210595
1026 210016
1027 210122
1028 210016
1029 210616
1030 210529
1031 210592
1032 210567
1033 210554
1034 209887
1035 209679
1036 210169
1037 209925
1038 210220
1039 209889
1040 209953
1041 209932
1042 210579
1043 209973
1044 210774
1045 210169
1046 210368
1047 210346
1048 210741
1049 210438
1050 210272
1051 210194
1052 210000
1053 210116
1054 210266
1055 210420
1056 210170
1057 210592
1058 211089
1059 210066
1060 210253
1061 210522
1062 210356
1063 210563
1064 210576
1065 210496
1066 210801
1067 210484
1068 210134
1069 210338
1070 210534
1071 210784
1072 210004
1073 210067
1074 211005
1075 210184
1076 210262
1077 210801
1078 210341
1079 210346
1080 210690
1081 210367
1082 210675
1083 210652
1084 210774
1085 210705
1086 210698
1087 210520
1088 210578
1089 211128
1090 210694
1091 210495
1092 211093
1093 210343
1094 210427
1095 210630
1096 210407
1097 210552
1098 211091
1099 211020
1100 210882
1101 210670
1102 210529
1103 210576
1104 210650
1105 210571
1106 210555
1107 210337
1108 210609
1109 210707
1110 210014
1111 210535
1112 210717
1113 210769
1114 210831
1115 210740
1116 210598
1117 210763
1118 211103
1119 210278
1120 210465
1121 210562
1122 210632
1123 210927
1124 210217
1125 211178
1126 211643
1127 211090
1128 210647
1129 211135
1130 210842
1131 210732
1132 211144
1133 210258
1134 210689
1135 210345
1136 210285
1137 210632
1138 210531
1139 210664
1140 210527
1141 210315
1142 210564
1143 210729
1144 210598
1145 210413
1146 209867
1147 210757
1148 210283
1149 210994
1150 210719
1151 210730
1152 210563
1153 211111
1154 210655
1155 210595
1156 210802
1157 210690
1158 210440
1159 210087
1160 210896
1161 210578
1162 210364
1163 210522
1164 210228
1165 210595
1166 210467
1167 210377
1168 210370
1169 210729
1170 210725
1171 210181
1172 210340
1173 210644
1174 210452
1175 210714
1176 210780
1177 210595
1178 210273
1179 210280
1180 210382
1181 210833
1182 210375
1183 210361
1184 211361
1185 210421
1186 210460
1187 210053
1188 210768
1189 210055
1190 210049
1191 210336
1192 210287
1193 209854
1194 210587
1195 210396
1196 210057
1197 210044
1198 210405
1199 210441
1200 210505
1201 210320
1202 210529
1203 210546
1204 210369
1205 210762
1206 210156
1207 209783
1208 210099
1209 210618
1210 210001
1211 210657
1212 210562
1213 210507
1214 210161
1215 210995
1216 210423
1217 210487
1218 210517
1219 210737
1220 209997
1221 210214
1222 210284
1223 210395
1224 210114
1225 210423
1226 210062
1227 210485
1228 210527
1229 210427
1230 210069
1231 210413
1232 210672
1233 210533
1234 209891
1235 210539
1236 210897
1237 209658
1238 211006
1239 210154
1240 210566
1241 210262
1242 210443
1243 210212
1244 210358
1245 210259
1246 210566
1247 210563
1248 210424
1249 210220
1250 210240
1251 210322
1252 210298
1253 210406
1254 210639
1255 210371
1256 210807
1257 210334
1258 210733
1259 210554
1260 210379
1261 210793
1262 210946
1263 210364
1264 210653
1265 210222
1266 210353
1267 210819
1268 210856
1269 210213
1270 211384
1271 210568
1272 210294
1273 210172
1274 210780
1275 210351
1276 209963
1277 210227
1278 210333
1279 209966
1280 210130
1281 210524
1282 210289
1283 210182
1284 210502
1285 210322
1286 210364
1287 210570
1288 210509
1289 210408
1290 210439
1291 210132
1292 210386
1293 210612
1294 210385
1295 210290
1296 210576
1297 210365
1298 210631
1299 210330
1300 210416
1301 210683
1302 210326
1303 210820
1304 210388
1305 210813
1306 210699
1307 210192
1308 211117
1309 210374
1310 210607
1311 210217
1312 210809
1313 210217
1314 211173
1315 210792
1316 210364
1317 210719
1318 211044
1319 211046
1320 210751
1321 210631
1322 210566
1323 210673
1324 211177
1325 211495
1326 211208
1327 211600
1328 210863
1329 211283
1330 212006
1331 211369
1332 211477
1333 211336
1334 211189
1335 211688
1336 211631
1337 211887
1338 211831
1339 211971
1340 212471
1341 211876
1342 212458
1343 212038
1344 212950
1345 212538
1346 212326
1347 212853
1348 212347
1349 213069
1350 213796
1351 212981
1352 213663
1353 213655
1354 214009
1355 214432
1356 213855
1357 214896
1358 214769
1359 215184
1360 215064
1361 215242
1362 216048
1363 215863
1364 215989
1365 216534
1366 216759
1367 217650
1368 217300
1369 217437
1370 217482
1371 217353
1372 217973
1373 218002
1374 217771
1375 217277
1376 217761
1377 217870
1378 217291
1379 217126
1380 217025
1381 216704
1382 216714
1383 216830
1384 216177
1385 216023
1386 215743
1387 215749
1388 214770
1389 215085
1390 214885
1391 214445
1392 213598
1393 214600
1394 213341
1395 213989
1396 212898
1397 213421
1398 212942
1399 212576
1400 212410
1401 212691
1402 212979
1403 211956
1404 211949
1405 212059
1406 212374
1407 211722
1408 211194
1409 211678
1410 211547
1411 211618
1412 211586
1413 211102
1414 210652
1415 211220
1416 210949
1417 211151
1418 210579
1419 210736
1420 210575
1421 210346
1422 210489
1423 210866
1424 210300
1425 210541
1426 210063
1427 209969
1428 210287
1429 210540
1430 210167
1431 209695
1432 209851
1433 209739
1434 210331
1435 210302
1436 209857
1437 209917
1438 209543
1439 209810
1440 210043
1441 209267
1442 210442
1443 209068
1444 210114
1445 208888
1446 209305
1447 209522
1448 209735
1449 209706
1450 209372
1451 208977
1452 209436
1453 209312
1454 209284
1455 209215
1456 209255
1457 209426
1458 209488
1459 209956
1460 209152
1461 209194
1462 210184
1463 209065
1464 209415
1465 208841
1466 209415
1467 209445
1468 209257
1469 209467
1470 209161
1471 209370
1472 208829
1473 209587
1474 209178
1475 209070
1476 209640
1477 208827
1478 209237
1479 208398
1480 209023
1481 209435
1482 209103
1483 208751
1484 209102
1485 209368
1486 208745
1487 209113
1488 208773
1489 208863
1490 208635
1491 209002
1492 208905
1493 209030
1494 208892
1495 209348
1496 208217
1497 208958
1498 208729
1499 208763
1500 208623
1501 208651
1502 208862
1503 208696
1504 208766
1505 208765
1506 208370
1507 208626
1508 208219
1509 208702
1510 208615
1511 209026
1512 208768
1513 208550
1514 208615
1515 208599
1516 208840
1517 208682
1518 208440
1519 208327
1520 208725
1521 208057
1522 208939
1523 208684
1524 208709
1525 208562
1526 208358
1527 208368
1528 208664
1529 208229
1530 208279
1531 208533
1532 208697
1533 208857
1534 208686
1535 208323
1536 208438
1537 208725
1538 208437
1539 208134
1540 208041
1541 208212
1542 209089
1543 208408
1544 208266
