H11890
GateTime 10
GateNumber 0
SN 30430302
0 207738
1 207429
2 207375
3 207182
4 207439
5 207294
6 207830
7 207556
8 207704
9 207193
10 207240
11 207263
12 207722
13 207808
14 207225
15 207505
16 207244
17 207365
18 207416
19 207371
20 207268
21 207449
22 207582
23 207577
24 206980
25 207344
26 207343
27 207039
28 207125
29 207173
30 207310
31 207505
32 206966
33 207417
34 207052
35 207175
36 207427
37 207329
38 207827
39 207366
40 207188
41 207076
42 207489
43 207248
44 207531
45 207081
46 206984
47 207412
48 206928
49 206917
50 207467
51 206970
52 206587
53 207194
54 207338
55 207181
56 207081
57 207079
58 206650
59 207293
60 207145
61 206514
62 207243
63 206891
64 207031
65 206850
66 207366
67 206862
68 207213
69 207638
70 206966
71 207081
72 206656
73 207366
74 206854
75 206569
76 206646
77 207070
78 206856
79 206668
80 207106
81 207086
82 207087
83 206809
84 207182
85 206969
86 206956
87 206929
88 207200
89 206900
90 206462
91 206977
92 207076
93 207427
94 207011
95 206774
96 206417
97 206960
98 207067
99 207013
100 206940
101 206934
102 206638
103 206990
104 206735
105 206685
106 206955
107 206681
108 206797
109 206683
110 206665
111 206793
112 205866
113 206638
114 206280
115 206552
116 206890
117 206529
118 206860
119 207202
120 206765
121 206304
122 206859
123 206896
124 206515
125 206546
126 206017
127 206638
128 206526
129 206201
130 206947
131 206279
132 206424
133 206299
134 206212
135 206800
136 206360
137 205955
138 206325
139 206268
140 206344
141 206817
142 206429
143 206482
144 206411
145 206680
146 206508
147 206743
148 206571
149 206914
150 206591
151 206754
152 206357
153 206404
154 206243
155 206986
156 206563
157 206218
158 207073
159 206664
160 206327
161 206315
162 206681
163 206320
164 206800
165 206476
166 206612
167 206143
168 205898
169 206236
170 206628
171 206573
172 205906
173 206699
174 206132
175 206347
176 206457
177 206015
178 205709
179 206528
180 206373
181 206837
182 205995
183 205835
184 205716
185 205969
186 206512
187 206425
188 206050
189 205968
190 206270
191 205622
192 205949
193 205784
194 205848
195 206506
196 206379
197 206486
198 205743
199 206020
200 206248
201 205936
202 205936
203 205684
204 206324
205 206085
206 206237
207 206560
208 205508
209 206278
210 205984
211 206331
212 206003
213 205988
214 206126
215 205793
216 205766
217 206386
218 206169
219 205925
220 205520
221 205448
222 205811
223 205799
224 206131
225 205764
226 206597
227 205739
228 205794
229 206049
230 205827
231 205617
232 205900
233 205784
234 205757
235 205364
236 205795
237 205540
238 205708
239 205954
240 205403
241 205754
242 205319
243 205724
244 205093
245 205486
246 205523
247 205539
248 205398
249 205978
250 205559
251 205074
252 205673
253 205603
254 205696
255 205243
256 205519
257 205280
258 205444
259 204897
260 205614
261 205029
262 204921
263 206103
264 205446
265 205634
266 205469
267 205487
268 205399
269 205460
270 205354
271 204820
272 205209
273 205530
274 204929
275 204826
276 205546
277 205537
278 205433
279 205040
280 205419
281 205193
282 205271
283 205823
284 205662
285 205523
286 205125
287 205935
288 205153
289 205408
290 205230
291 205565
292 205600
293 205480
294 205299
295 204964
296 204966
297 205145
298 205313
299 205073
300 205529
301 205283
302 204843
303 204944
304 205918
305 204745
306 204788
307 204957
308 205297
309 205287
310 204477
311 204963
312 205161
313 205010
314 204372
315 205876
316 204595
317 204968
318 204872
319 205275
320 205025
321 204804
322 205309
323 205049
324 204912
325 204735
326 204669
327 204694
328 205144
329 204584
330 204840
331 204885
332 204135
333 204548
334 204963
335 205108
336 204714
337 204522
338 204743
339 204879
340 204802
341 204818
342 204325
343 205006
344 204793
345 204508
346 204836
347 204555
348 204402
349 204490
350 204947
351 204241
352 204361
353 204814
354 205108
355 204930
356 204114
357 204615
358 204351
359 204547
360 204029
361 204370
362 204622
363 204509
364 204623
365 204685
366 204229
367 204603
368 204578
369 204309
370 204574
371 204476
372 204232
373 204448
374 204658
375 204716
376 204442
377 204232
378 204557
379 204825
380 204126
381 204374
382 204649
383 204653
384 204947
385 204623
386 204593
387 204808
388 204904
389 204657
390 204466
391 204533
392 204657
393 204260
394 204387
395 204346
396 204810
397 204754
398 204471
399 204838
400 204545
401 204525
402 205087
403 204542
404 204382
405 204814
406 204220
407 204518
408 204489
409 204797
410 205138
411 204634
412 204503
413 204651
414 204447
415 204206
416 204822
417 205008
418 204776
419 204440
420 204794
421 204326
422 204495
423 204028
424 204580
425 204380
426 204988
427 204466
428 204235
429 204516
430 204577
431 203859
432 204787
433 204720
434 204501
435 204616
436 204386
437 204841
438 204071
439 204140
440 203970
441 204386
442 204365
443 204481
444 204282
445 204531
446 204371
447 204394
448 204444
449 204775
450 204653
451 204739
452 204436
453 204648
454 204676
455 204127
456 204052
457 204513
458 203807
459 204421
460 204364
461 204653
462 204171
463 204266
464 204313
465 205053
466 204502
467 204272
468 204352
469 204322
470 204310
471 204358
472 204545
473 204488
474 204231
475 204136
476 204419
477 204151
478 204479
479 204156
480 203967
481 204434
482 204432
483 204444
484 204607
485 204537
486 204942
487 204722
488 204427
489 204328
490 204436
491 204694
492 204418
493 204080
494 204243
495 204352
496 204490
497 204648
498 204700
499 204624
500 204222
501 204507
502 204597
503 204247
504 204825
505 204444
506 204093
507 203815
508 204200
509 203833
510 204563
511 203469
512 204133
513 203672
514 203842
515 204594
516 204074
517 204325
518 204499
519 203906
520 204203
521 203948
522 203930
523 204725
524 203980
525 203757
526 203202
527 203305
528 204134
529 203766
530 203730
531 203671
532 203469
533 203205
534 203990
535 203349
536 204028
537 204042
538 203880
539 203968
540 203522
541 203920
542 203930
543 203633
544 203343
545 203814
546 203797
547 203567
548 204368
549 203561
550 204157
551 203872
552 203947
553 203908
554 203890
555 203684
556 203952
557 204111
558 203786
559 203754
560 203802
561 203526
562 204118
563 203653
564 203494
565 203448
566 203276
567 203591
568 204772
569 203608
570 203761
571 203565
572 203626
573 203791
574 203421
575 203307
576 203705
577 203638
578 204000
579 203699
580 203433
581 203786
582 203736
583 203395
584 203305
585 203401
586 203145
587 203407
588 203470
589 203811
590 203261
591 203268
592 203069
593 203594
594 203646
595 203489
596 203345
597 203754
598 202996
599 203791
600 203102
601 203238
602 202849
603 203595
604 203420
605 203384
606 203389
607 203406
608 203331
609 203106
610 203479
611 202765
612 203415
613 203087
614 203151
615 203804
616 203603
617 203110
618 203123
619 203739
620 203351
621 203476
622 202832
623 202994
624 203402
625 202743
626 202571
627 202935
628 203099
629 202792
630 203674
631 203451
632 203459
633 203118
634 202980
635 202622
636 203292
637 203295
638 203199
639 203075
640 203554
641 203120
642 202756
643 203297
644 203747
645 203332
646 203605
647 203241
648 203167
649 203339
650 203348
651 202869
652 203374
653 202925
654 202867
655 202462
656 203097
657 202853
658 203209
659 203383
660 202475
661 202736
662 202750
663 203228
664 202970
665 202884
666 202583
667 202867
668 203156
669 202752
670 202938
671 202925
672 202735
673 202478
674 202487
675 203054
676 202883
677 202732
678 202735
679 202682
680 202683
681 203192
682 202582
683 202387
684 203110
685 202553
686 202600
687 202690
688 202434
689 202674
690 203240
691 202912
692 203021
693 202855
694 202299
695 202742
696 203068
697 202373
698 202256
699 202756
700 202853
701 202921
702 202557
703 203187
704 202597
705 202364
706 202440
707 202554
708 202471
709 202493
710 203087
711 203233
712 202909
713 202934
714 202633
715 202528
716 202793
717 202370
718 202564
719 202194
720 202490
721 202290
722 202743
723 202822
724 202719
725 202997
726 203208
727 202703
728 202598
729 202628
730 202461
731 202225
732 203003
733 202061
734 202676
735 202470
736 202570
737 203111
738 202369
739 202862
740 202529
741 202519
742 202799
743 203070
744 202752
745 202826
746 202701
747 202932
748 202302
749 202652
750 202598
751 202338
752 202719
753 202294
754 202110
755 202535
756 202338
757 202516
758 202647
759 202358
760 202068
761 202264
762 202339
763 202264
764 201499
765 202106
766 202167
767 202663
768 202188
769 203176
770 203273
771 202580
772 202912
773 202684
774 202608
775 202345
776 202303
777 202411
778 202349
779 202203
780 202094
781 202607
782 202356
783 202277
784 202280
785 202678
786 202266
787 202147
788 202352
789 202007
790 202756
791 202123
792 202764
793 202398
794 202744
795 202613
796 202879
797 202530
798 202268
799 202565
800 202325
801 202112
802 202177
803 201823
804 202468
805 201897
806 202103
807 201677
808 202308
809 202148
810 202418
811 202617
812 202339
813 202575
814 202730
815 202503
816 202224
817 202005
818 202543
819 202721
820 202652
821 202899
822 202194
823 202622
824 202001
825 202299
826 202616
827 202364
828 202065
829 202188
830 202345
831 201917
832 202602
833 202046
834 202211
835 202461
836 202216
837 202806
838 202439
839 202578
840 202413
841 202249
842 202101
843 202656
844 202561
845 202329
846 201905
847 202972
848 202100
849 202099
850 202420
851 201860
852 202473
853 202280
854 202709
855 202738
856 202594
857 202144
858 202705
859 202616
860 202377
861 202043
862 202555
863 202618
864 202446
865 202121
866 203094
867 202388
868 202402
869 201923
870 202638
871 202553
872 202059
873 202019
874 202687
875 202133
876 202174
877 201902
878 202206
879 201821
880 201848
881 202045
882 202536
883 202687
884 202227
885 202161
886 202167
887 201929
888 202278
889 202256
890 202214
891 202283
892 202306
893 202111
894 202446
895 202255
896 201782
897 202380
898 202269
899 202393
900 202234
901 201978
902 202974
903 202263
904 201961
905 202367
906 202004
907 202518
908 202266
909 202904
910 202357
911 202351
912 202607
913 202767
914 202402
915 202770
916 202316
917 202019
918 202221
919 202564
920 202351
921 202013
922 202171
923 202312
924 202385
925 202236
926 202128
927 202508
928 202538
929 202735
930 201969
931 202433
932 202179
933 201983
934 202316
935 202202
936 203188
937 202741
938 202300
939 202472
940 202514
941 202538
942 202748
943 202651
944 203188
945 202658
946 202687
947 202439
948 202277
949 202535
950 202269
951 202279
952 201779
953 202461
954 202359
955 202353
956 202421
957 202014
958 202043
959 202039
960 201660
961 202787
962 202634
963 202236
964 201800
965 202136
966 202712
967 202449
968 202531
969 202528
970 202550
971 202304
972 202229
973 202797
974 202106
975 202920
976 202332
977 202679
978 201970
979 202278
980 202689
981 202154
982 202440
983 202688
984 202296
985 202464
986 202649
987 202534
988 202223
989 202287
990 202996
991 202104
992 202251
993 202574
994 202362
995 202767
996 202253
997 202562
998 202433
999 202356
1000 202434
1001 202518
1002 202315
1003 202561
1004 202899
1005 202565
1006 201980
1007 202967
1008 202757
1009 202335
1010 202550
1011 202142
1012 202767
1013 202553
1014 202358
1015 202567
1016 203144
1017 202550
1018 202693
1019 202960
1020 202317
1021 202721
1022 202329
1023 202752
1024 202992
1025 202806
1026 202463
1027 202398
1028 202993
1029 202901
1030 202333
1031 202672
1032 202872
1033 202605
1034 202381
1035 202919
1036 202425
1037 203267
1038 203025
1039 203136
1040 202657
1041 202742
1042 202966
1043 202839
1044 202780
1045 203132
1046 203421
1047 202703
1048 203238
1049 203085
1050 203012
1051 202937
1052 202515
1053 203320
1054 202468
1055 203361
1056 202838
1057 203460
1058 203135
1059 203192
1060 202580
1061 202909
1062 203274
1063 203200
1064 202976
1065 202945
1066 202709
1067 202880
1068 203275
1069 202733
1070 203228
1071 203156
1072 203286
1073 202391
1074 202976
1075 202831
1076 202952
1077 202969
1078 203049
1079 202406
1080 202682
1081 202669
1082 202115
1083 202564
1084 202334
1085 202720
1086 202652
1087 202673
1088 202822
1089 202213
1090 202738
1091 202471
1092 202713
1093 202589
1094 202737
1095 202340
1096 202305
1097 202735
1098 202490
1099 202144
1100 202988
1101 202413
1102 202491
1103 202970
1104 202491
1105 202710
1106 202771
1107 202847
1108 202144
1109 202462
1110 202605
1111 202464
1112 202819
1113 202125
1114 202861
1115 202459
1116 202881
1117 202311
1118 202565
1119 202123
1120 202336
1121 202441
1122 202811
1123 202666
1124 202345
1125 202549
1126 202916
1127 202198
1128 202253
1129 202602
1130 202903
1131 202558
1132 202402
1133 202650
1134 202281
1135 202720
1136 202953
1137 202779
1138 203026
1139 203007
1140 202472
1141 202682
1142 202569
1143 202664
1144 202617
1145 202532
1146 202757
1147 202180
1148 203191
1149 202622
1150 203027
1151 202545
1152 202798
1153 202950
1154 202932
1155 202458
1156 202782
1157 202460
1158 202895
1159 202614
1160 202932
1161 202804
1162 202777
1163 202993
1164 202612
1165 202674
1166 202734
1167 202205
1168 203167
1169 202703
1170 203171
1171 202732
1172 202357
1173 202856
1174 202866
1175 202632
1176 202750
1177 202651
1178 202441
1179 202732
1180 203079
1181 202941
1182 202537
1183 202693
1184 202562
1185 203165
1186 202722
1187 203184
1188 202643
1189 202617
1190 202514
1191 203177
1192 202731
1193 202211
1194 202699
1195 202789
1196 202453
1197 202643
1198 201942
1199 202400
1200 202012
1201 202192
1202 202188
1203 201855
1204 201875
1205 202241
1206 202082
1207 202271
1208 201339
1209 202267
1210 201426
1211 202460
1212 201888
1213 201581
1214 201873
1215 202140
1216 201712
1217 202231
1218 202077
1219 202072
1220 202257
1221 202146
1222 202455
1223 202041
1224 202341
1225 202280
1226 202427
1227 201969
1228 202345
1229 202645
1230 202306
1231 201882
1232 202305
1233 202386
1234 202108
1235 201683
1236 202514
1237 202739
1238 202557
1239 202161
1240 202260
1241 201985
1242 202181
1243 202538
1244 202082
1245 201466
1246 201981
1247 201897
1248 201623
1249 202244
1250 202448
1251 202382
1252 202102
1253 202210
1254 202336
1255 202372
1256 201894
1257 202151
1258 202468
1259 201946
1260 202172
1261 202091
1262 202813
1263 201761
1264 201474
1265 202195
1266 201898
1267 201900
1268 202286
1269 201383
1270 201467
1271 202025
1272 201888
1273 202308
1274 202315
1275 202144
1276 201932
1277 202091
1278 202139
1279 202030
1280 201873
1281 201529
1282 201963
1283 202946
1284 201359
1285 201714
1286 201532
1287 201561
1288 202106
1289 202157
1290 202078
1291 201884
1292 201672
1293 202434
1294 201755
1295 202152
1296 202313
1297 201574
1298 202392
1299 201954
1300 201658
1301 201867
1302 201940
1303 202122
1304 202304
1305 202687
1306 201842
1307 202680
1308 202968
1309 202306
1310 202192
1311 201947
1312 202529
1313 202289
1314 201944
1315 201688
1316 201979
1317 202336
1318 202377
1319 202401
1320 202036
1321 202129
1322 202869
1323 202187
1324 202296
1325 202064
1326 201940
1327 202237
1328 202411
1329 202330
1330 202260
1331 202215
1332 202514
1333 202518
1334 202329
1335 202303
1336 202044
1337 201907
1338 202955
1339 202097
1340 202431
1341 202346
1342 202165
1343 202787
1344 202756
1345 202337
1346 202193
1347 202376
1348 202548
1349 202418
1350 202720
1351 202246
1352 202548
1353 203006
1354 202423
1355 202588
1356 202654
1357 202322
1358 202562
1359 202734
1360 202243
1361 202434
1362 203361
1363 202845
1364 202585
1365 202994
1366 202461
1367 202263
1368 203112
1369 202414
1370 202652
1371 202368
1372 202051
1373 202984
1374 202955
1375 202533
1376 202716
1377 202213
1378 202633
1379 203057
1380 202785
1381 202706
1382 202471
1383 202616
1384 202454
1385 202496
1386 202516
1387 202664
1388 202664
1389 202969
1390 202556
1391 202805
1392 202489
1393 203041
1394 203184
1395 202788
1396 202984
1397 203102
1398 202640
1399 203663
1400 203055
1401 202830
1402 203314
1403 203116
1404 203134
1405 203663
1406 202817
1407 203806
1408 203406
1409 202965
1410 202869
1411 202688
1412 202965
1413 202990
1414 203283
1415 203060
1416 203113
1417 202564
1418 203143
1419 203326
1420 203050
1421 203526
1422 203311
1423 203011
1424 202916
1425 202982
1426 203472
1427 203150
1428 203075
1429 203454
1430 203208
1431 203252
1432 203414
1433 203265
1434 203416
1435 202985
1436 203427
1437 203246
1438 203383
1439 203724
1440 203535
1441 204124
1442 203222
1443 203294
1444 203802
1445 203405
1446 203687
1447 203597
1448 203442
1449 203232
1450 203663
1451 203968
1452 203346
1453 203202
1454 203308
1455 203886
1456 203626
1457 203246
1458 203710
1459 203238
1460 203468
1461 203703
1462 203721
1463 203399
1464 203844
1465 203252
1466 203959
1467 203753
1468 203454
1469 204176
1470 203679
1471 203588
1472 203368
1473 203806
1474 204076
1475 203476
1476 203870
1477 203392
1478 203372
1479 203370
1480 203577
1481 203831
1482 203487
1483 203423
1484 203731
1485 203817
1486 203476
1487 203511
1488 203735
1489 203440
1490 203582
1491 203948
1492 204064
1493 204077
1494 203289
1495 203915
1496 204198
1497 203771
1498 203515
1499 204130
1500 203938
1501 203814
1502 203952
1503 204064
1504 204191
1505 203732
1506 203530
1507 203999
1508 204010
1509 203797
1510 204083
1511 203859
1512 204124
1513 203914
1514 203298
1515 203821
1516 204179
1517 204392
1518 203934
1519 204096
1520 204130
1521 204246
1522 204281
1523 204135
1524 204307
1525 204633
1526 203970
1527 204087
1528 204153
1529 204325
1530 204238
1531 204208
1532 204166
1533 204350
1534 204143
1535 204633
1536 204690
1537 204102
1538 204576
1539 204624
1540 204332
1541 204146
1542 204362
1543 204773
1544 204450
1545 204721
1546 204162
1547 203801
1548 204723
1549 204356
1550 204443
1551 204581
1552 203990
1553 204049
1554 204595
1555 204650
1556 204339
1557 204081
1558 204870
1559 204372
1560 204140
1561 204137
1562 205058
1563 204296
1564 204519
1565 205295
1566 204727
1567 204884
1568 204752
1569 204093
1570 204416
1571 204619
1572 204671
1573 204264
1574 205272
1575 204503
1576 204384
1577 204527
1578 204259
1579 204665
1580 204617
1581 204425
1582 204630
1583 204715
1584 204665
1585 204921
1586 204484
1587 204622
1588 204571
1589 204393
1590 204325
1591 204245
1592 204869
1593 204623
1594 204393
1595 204995
1596 204467
1597 204265
1598 204504
1599 205101
1600 204744
1601 204608
1602 204692
1603 205202
1604 205327
1605 204802
1606 205304
1607 204896
1608 205197
1609 204682
1610 204870
1611 204542
1612 204918
1613 205114
1614 205016
1615 205387
1616 204305
1617 204841
1618 204861
1619 205472
1620 204958
1621 204726
1622 204728
1623 204884
1624 204999
1625 204656
1626 204977
1627 205132
1628 205049
1629 204732
1630 204597
1631 205115
1632 204938
1633 205034
1634 204998
1635 205054
1636 205025
1637 205405
1638 205218
1639 204802
1640 204723
1641 205864
1642 205179
1643 205369
1644 204785
1645 205161
1646 205031
1647 205050
1648 205216
1649 204779
1650 205543
1651 205286
1652 205409
1653 204935
1654 204918
1655 205189
1656 205496
1657 205447
1658 204972
1659 205150
1660 205110
1661 205317
1662 205482
1663 205276
1664 205271
1665 204742
1666 205045
1667 205532
1668 204739
1669 205734
1670 205764
1671 204659
1672 205365
1673 205647
1674 205586
1675 205102
1676 205512
1677 205470
1678 205163
1679 205603
1680 205042
1681 205255
1682 205417
1683 205055
1684 205613
1685 205415
1686 204858
1687 205412
1688 205225
1689 205895
1690 205701
1691 205516
1692 205538
1693 205696
1694 206014
1695 205745
1696 204827
1697 205494
1698 205427
1699 205471
1700 205252
1701 205601
1702 205551
1703 205281
1704 205632
1705 204624
1706 206160
1707 205423
1708 205910
1709 205820
1710 205460
1711 205467
1712 205411
1713 205237
1714 205806
1715 205870
1716 206106
1717 205891
1718 206175
1719 205556
1720 206082
1721 205921
1722 206226
1723 205860
1724 206243
1725 206074
1726 205523
1727 205968
1728 205825
1729 205326
1730 205848
1731 205817
1732 205955
1733 205703
1734 205689
1735 205716
1736 206300
1737 205778
1738 205974
1739 205614
1740 205672
1741 206223
1742 205922
1743 205893
1744 206377
1745 206091
1746 206030
1747 205789
1748 205725
1749 206315
1750 206155
1751 206718
1752 206328
1753 205712
1754 206156
1755 205901
1756 206395
1757 206450
1758 205562
1759 206479
1760 206061
1761 206603
1762 206242
1763 207108
1764 206499
1765 206226
1766 206267
1767 206102
1768 206406
1769 206448
1770 206384
1771 206093
1772 206441
1773 206648
1774 206475
1775 205862
1776 206337
1777 206352
1778 206931
1779 206972
1780 206252
1781 206392
1782 206662
1783 206494
1784 206140
1785 206432
1786 207085
1787 206711
1788 206360
1789 206418
1790 206591
1791 206195
1792 205830
1793 206553
1794 206200
1795 206215
1796 206222
1797 207149
1798 206632
1799 207239
1800 207287
1801 207161
1802 206805
1803 206693
1804 206937
1805 206762
1806 207018
1807 206420
1808 206651
1809 207035
1810 206669
1811 205939
1812 206412
1813 206778
1814 206364
1815 207219
1816 207017
1817 206620
1818 207083
1819 207248
1820 206433
1821 206570
1822 207169
1823 207069
1824 207125
1825 206449
1826 206032
1827 206901
1828 206685
1829 206836
1830 206606
1831 206739
1832 207190
1833 207107
1834 207141
1835 206974
1836 206281
1837 206660
1838 206588
1839 206604
1840 206557
1841 207218
1842 206314
1843 206803
1844 207091
1845 207268
1846 206779
1847 206625
1848 206594
1849 206803
1850 206804
1851 207027
1852 206512
1853 206864
1854 206596
1855 207250
1856 206984
1857 207369
1858 206770
1859 206150
1860 207124
1861 206897
1862 206677
1863 206920
1864 206795
1865 206431
1866 207060
1867 207155
1868 206731
1869 206906
1870 206863
1871 207192
1872 206542
1873 207155
1874 207192
1875 206540
1876 206687
1877 207211
1878 206915
1879 206969
1880 206934
1881 206603
1882 206790
1883 206282
1884 207108
1885 206717
1886 206570
1887 206868
1888 207419
1889 206770
1890 207148
1891 207070
1892 206663
1893 206856
1894 206638
1895 206598
1896 207030
1897 207183
1898 207101
1899 206518
1900 207463
1901 207209
1902 206675
1903 207229
1904 206798
1905 206779
1906 206885
1907 206827
1908 207002
1909 206798
1910 206634
1911 206606
1912 206497
1913 206970
1914 206683
1915 206611
1916 206916
1917 206618
1918 207389
1919 206347
1920 206396
1921 206955
1922 206820
1923 206902
1924 206489
1925 206553
1926 206719
1927 207256
1928 206778
1929 206765
1930 206620
1931 206021
1932 206584
1933 206207
1934 206905
1935 206415
1936 206552
1937 206362
1938 206569
1939 206557
1940 206543
1941 206582
1942 206052
1943 206622
1944 206841
1945 207000
1946 206828
1947 206960
1948 206966
1949 206819
1950 206629
1951 206771
1952 206666
1953 206506
1954 207100
1955 206453
1956 206695
1957 206627
1958 206292
1959 206454
1960 206745
1961 207086
1962 206657
1963 206881
1964 207448
1965 206856
1966 206902
1967 206513
1968 207566
1969 207163
1970 207068
1971 206699
1972 206741
1973 206845
1974 206732
1975 206866
1976 206937
1977 207328
1978 206882
1979 206530
1980 206554
1981 206886
1982 206539
1983 206803
1984 206944
1985 206780
1986 206825
1987 206874
1988 207217
1989 206513
1990 206830
1991 206674
1992 206421
1993 206992
1994 206793
1995 206621
1996 206802
1997 206891
1998 206958
1999 207096
2000 206399
2001 206541
2002 206682
2003 206703
2004 206436
2005 206359
2006 207000
2007 206859
2008 206794
2009 206830
2010 206568
2011 206328
2012 206330
2013 206592
2014 206963
2015 206587
2016 206462
2017 206260
2018 205878
2019 206814
2020 206288
2021 206562
2022 206614
2023 207120
2024 206074
2025 206470
2026 206880
2027 206796
2028 206462
2029 206397
2030 206380
2031 206633
2032 206902
2033 206439
2034 206625
2035 206745
2036 206775
2037 206524
2038 206175
2039 206171
2040 206845
2041 205877
2042 206443
2043 206483
2044 206403
2045 206092
2046 206165
2047 207235
2048 206375
2049 206363
2050 206492
2051 206417
2052 206833
2053 206411
2054 206787
2055 206844
2056 206520
2057 206000
2058 206246
2059 206015
2060 206585
2061 206777
2062 206618
2063 206648
2064 206549
2065 206146
2066 206307
2067 206292
2068 206571
2069 207052
2070 206907
2071 206342
2072 206476
2073 206342
2074 206862
2075 207000
2076 206846
2077 206455
2078 206392
2079 206347
2080 206944
2081 206474
2082 206429
2083 206592
2084 206344
2085 205813
2086 206691
2087 206881
2088 206481
2089 206259
2090 206517
2091 206501
2092 206373
2093 206500
2094 206277
2095 206917
2096 206910
2097 206129
2098 205966
2099 206519
2100 206232
2101 206603
2102 206301
2103 206646
2104 206537
2105 206335
2106 206525
2107 206867
2108 206565
2109 206761
2110 206900
2111 206948
2112 205975
2113 206893
2114 206877
2115 206507
2116 206033
2117 206515
2118 206846
2119 206648
2120 206888
2121 206015
2122 206811
2123 206735
2124 206460
2125 206856
2126 206431
2127 207176
2128 206174
2129 206906
2130 206750
2131 206499
2132 207233
2133 206334
2134 206178
2135 207024
2136 207081
2137 207209
2138 206702
2139 206369
2140 206251
2141 207067
2142 206536
2143 206857
2144 206765
2145 207095
2146 207138
2147 206294
2148 206464
2149 207097
2150 206983
2151 206555
2152 206842
2153 206591
2154 206718
2155 206183
2156 207117
2157 206503
2158 206853
2159 206779
2160 207178
2161 206953
2162 207063
2163 207051
2164 206853
2165 206329
2166 207088
2167 207016
2168 206723
2169 207431
2170 206693
2171 206612
2172 206853
2173 206872
2174 207015
2175 206892
2176 206277
2177 206480
2178 206823
2179 206698
2180 206397
2181 207248
2182 206889
2183 207255
2184 206835
2185 206865
2186 206518
2187 206806
2188 206999
2189 206862
2190 207109
2191 206924
2192 206938
2193 206572
2194 207217
2195 206580
2196 207143
2197 207146
2198 207172
2199 206893
2200 206872
2201 206835
2202 206735
2203 206388
2204 206932
2205 206630
2206 206569
2207 206412
2208 206270
2209 206480
2210 206399
2211 206874
2212 206683
2213 206893
2214 206872
2215 206142
2216 207376
2217 206850
2218 206801
2219 206939
2220 206590
2221 206568
2222 206661
2223 206931
2224 206674
2225 206920
2226 206455
2227 206945
2228 207207
2229 206537
2230 207207
2231 207040
2232 206481
2233 207215
2234 206913
2235 207190
2236 206466
2237 206747
2238 206588
2239 206795
2240 206919
2241 206635
2242 207009
2243 207054
2244 206988
2245 207004
2246 206594
2247 206679
2248 207311
2249 206787
2250 206391
2251 206945
2252 207386
2253 206859
2254 207288
2255 207180
2256 207296
2257 207162
2258 207439
2259 207154
2260 207140
2261 206880
2262 207046
2263 206902
2264 206712
2265 207260
2266 207599
2267 207249
2268 207053
2269 207163
2270 206861
2271 207427
2272 206816
2273 207308
2274 207048
2275 207075
2276 206944
2277 206854
2278 207161
2279 206851
2280 207395
2281 206707
2282 206920
2283 207022
2284 207391
2285 206919
2286 207284
2287 207227
2288 207640
2289 206851
2290 207424
2291 207111
2292 206774
2293 207495
2294 207298
2295 206824
2296 207325
2297 206986
2298 206860
2299 206989
2300 207306
2301 206959
2302 206862
2303 206636
2304 206529
2305 206893
2306 207347
2307 207077
2308 206993
2309 207108
2310 207347
2311 207196
2312 207223
2313 207371
2314 206755
2315 206981
2316 206849
2317 207472
2318 207077
2319 207320
2320 206833
2321 206944
2322 206768
2323 207286
2324 207075
2325 207397
2326 206956
2327 206998
2328 207380
2329 207239
2330 207625
2331 206720
2332 206635
2333 207475
2334 207673
2335 207197
2336 207576
2337 207640
2338 207238
2339 207306
2340 207560
2341 207080
2342 207587
2343 206840
2344 206733
2345 207338
2346 207012
2347 207658
2348 207011
2349 206640
2350 207003
2351 206906
2352 207022
2353 207094
2354 207475
2355 207352
2356 207060
2357 207203
2358 207217
2359 207211
2360 207223
2361 206954
2362 207593
2363 206824
2364 207030
2365 207177
2366 207598
2367 206757
2368 207050
2369 207181
2370 206775
2371 206967
2372 207089
2373 207093
2374 206974
2375 207068
2376 207457
2377 207259
2378 207078
2379 207136
2380 207005
2381 207493
2382 207283
2383 207052
2384 207009
2385 207780
2386 207310
2387 207114
2388 206978
2389 207397
2390 207072
2391 206955
2392 207176
2393 207230
2394 206994
2395 206957
2396 207439
2397 207492
2398 207452
2399 206935
2400 207115
2401 207175
2402 207278
2403 207348
2404 207257
2405 206875
2406 206994
2407 207205
2408 207198
2409 207080
2410 207625
2411 206940
2412 206898
2413 207404
2414 207138
2415 206903
2416 208043
2417 207025
2418 207178
2419 207521
2420 206644
2421 207109
2422 206766
2423 207370
2424 207033
2425 206648
2426 206750
2427 206820
2428 206976
2429 206734
2430 206908
2431 207264
2432 207025
2433 206731
2434 206670
2435 207015
2436 206852
2437 207229
2438 207461
2439 207051
2440 206965
2441 206675
2442 207430
2443 207749
2444 207078
2445 207047
2446 207026
2447 206804
2448 207205
2449 206787
2450 207163
2451 207147
2452 206685
2453 207608
2454 207222
2455 206731
2456 206729
2457 206931
2458 207216
2459 206934
2460 207135
2461 206942
2462 206684
2463 206604
2464 206408
2465 207411
2466 207250
2467 206813
2468 207468
2469 207050
2470 206881
2471 206753
2472 207364
2473 207446
2474 207316
2475 207075
2476 207234
2477 206911
2478 206854
2479 206619
2480 207429
2481 206790
2482 206724
2483 206766
2484 207746
2485 206522
2486 206966
2487 206920
2488 207083
2489 207029
2490 207173
2491 207483
2492 207076
2493 206978
2494 207142
2495 207165
2496 207591
2497 207336
2498 207282
2499 206963
2500 207468
2501 206894
2502 207093
2503 206848
2504 207112
2505 206769
2506 207631
2507 206810
2508 207196
2509 207063
2510 207637
2511 206864
2512 206724
2513 206716
2514 206573
2515 207272
2516 207515
2517 206976
2518 207176
2519 207589
2520 206932
2521 207428
2522 207035
2523 207433
2524 207091
2525 207374
2526 207121
2527 207081
2528 207232
2529 207324
2530 207160
2531 207165
2532 207225
2533 207235
2534 207122
2535 207175
2536 206933
2537 207005
2538 207067
2539 207467
2540 207261
2541 207128
2542 206717
2543 207240
2544 207124
2545 207250
2546 207303
2547 207472
2548 207870
2549 207131
2550 207008
2551 207374
2552 207507
2553 206512
2554 207120
2555 206988
2556 207089
2557 207148
2558 207401
2559 207299
2560 207172
2561 207061
2562 207230
2563 206957
2564 207062
2565 207273
2566 206862
2567 206804
2568 207092
2569 206682
2570 206913
2571 207270
2572 207073
2573 206779
2574 207037
2575 207099
2576 207397
2577 206962
2578 207327
2579 207188
2580 206733
2581 207016
2582 206920
2583 206889
2584 207025
2585 207317
2586 206781
2587 206817
2588 207732
2589 207738
2590 206563
2591 207098
2592 207253
2593 206724
2594 207131
2595 207044
2596 207544
2597 207183
2598 207299
2599 207339
2600 207098
2601 207486
2602 207233
2603 207160
2604 207054
2605 207135
2606 207459
2607 206994
2608 207021
2609 207252
2610 207217
2611 206927
2612 206875
2613 207067
2614 207179
2615 206963
2616 206921
2617 206916
2618 206802
2619 206904
2620 206871
2621 207482
2622 207094
2623 206344
2624 206896
2625 207347
2626 206331
2627 207456
2628 207331
2629 206727
2630 207131
2631 207433
2632 207212
2633 207413
2634 206448
2635 206928
2636 207137
2637 206980
2638 207228
2639 206882
2640 206779
2641 207235
2642 207128
2643 206173
2644 206690
2645 207277
2646 206781
2647 206747
2648 207558
2649 206921
2650 206729
2651 206523
2652 207540
2653 206935
2654 207062
2655 207018
2656 206275
2657 206636
2658 207183
2659 207054
2660 207125
2661 206393
2662 206697
2663 206928
2664 206756
2665 206724
2666 206586
2667 206715
2668 206998
2669 206736
2670 206573
2671 206804
2672 206634
2673 207301
2674 206983
2675 206776
2676 206438
2677 206457
2678 206986
2679 206790
2680 206533
2681 207262
2682 206885
2683 206756
2684 207108
2685 206479
2686 207125
2687 206591
2688 206887
2689 207026
2690 206227
2691 206327
2692 206782
2693 206817
2694 206693
2695 206594
2696 206790
2697 207348
2698 206658
2699 206957
2700 206829
2701 207046
2702 207000
2703 206737
2704 206925
2705 206581
2706 207129
2707 206783
2708 206723
2709 206533
2710 206455
2711 206785
2712 206926
2713 206494
2714 206766
2715 206676
2716 207322
2717 206801
2718 206562
2719 206596
2720 207073
2721 206620
2722 206887
2723 206575
2724 206836
2725 207152
2726 206855
2727 206659
2728 207037
2729 206547
2730 206800
2731 206726
2732 206356
2733 206806
2734 206661
2735 206876
2736 205795
2737 206665
2738 207013
2739 207120
2740 206506
2741 206848
2742 206037
2743 206569
2744 206858
2745 207104
2746 206776
2747 206761
2748 206656
2749 206338
2750 206673
2751 206185
2752 206871
2753 206706
2754 206833
2755 206862
2756 206783
2757 206359
2758 206170
2759 206283
2760 206659
2761 206370
2762 206258
2763 206417
2764 206136
2765 206506
2766 206691
2767 206412
2768 206418
2769 206406
2770 206658
2771 206154
2772 206724
2773 206188
2774 206566
2775 206562
2776 206608
2777 206335
2778 206985
2779 206711
2780 206496
2781 206184
2782 206406
2783 206624
2784 206291
2785 206719
2786 206212
2787 206080
2788 206156
2789 206230
2790 206236
2791 206306
2792 206605
2793 206293
2794 206554
2795 206254
2796 206343
2797 206217
2798 206922
2799 206131
2800 206491
2801 206075
2802 206540
2803 206449
2804 206215
2805 206223
2806 206464
2807 206683
2808 205998
2809 206607
2810 205869
2811 206457
2812 206806
2813 206127
2814 206432
2815 206014
2816 206797
2817 206460
2818 206696
2819 206629
2820 206608
2821 206533
2822 206359
2823 206300
2824 206550
2825 206596
2826 206190
2827 206236
2828 206683
2829 206198
2830 206776
2831 206615
2832 206794
2833 206448
2834 206378
2835 206353
2836 206490
2837 206399
2838 206675
2839 206024
2840 206422
2841 206620
2842 206103
2843 206727
2844 206405
2845 206693
2846 206711
2847 206567
2848 206017
2849 206141
2850 205896
2851 206626
2852 206683
2853 206399
2854 206191
2855 206738
2856 206640
2857 206618
2858 206352
2859 206380
2860 206486
2861 206498
2862 206562
2863 206614
2864 206288
2865 206616
2866 206283
2867 206608
2868 206210
2869 206671
2870 206795
2871 206560
2872 206779
2873 206648
2874 206327
2875 206792
2876 206276
2877 206635
2878 206284
2879 206162
2880 206956
2881 206561
2882 206696
2883 206253
2884 206571
2885 206808
2886 206842
2887 206724
2888 206494
2889 206256
2890 207511
2891 206816
2892 206468
2893 206523
2894 206513
2895 206748
2896 206827
2897 205715
2898 206414
2899 206790
2900 206811
2901 206627
2902 206453
2903 206270
2904 206898
2905 206362
2906 206734
2907 206621
2908 206120
2909 206396
2910 206119
2911 206075
2912 206111
2913 206285
2914 206825
2915 206500
2916 206891
2917 206569
2918 206762
2919 206497
2920 206973
2921 206468
2922 206241
2923 206441
2924 206289
2925 206689
2926 207011
2927 206389
2928 206742
2929 206672
2930 206510
2931 206801
2932 206562
2933 206294
2934 206245
2935 206733
2936 206388
2937 206922
2938 206435
2939 206078
2940 206422
2941 206857
2942 206215
2943 206295
2944 206723
2945 206509
2946 206926
2947 206266
2948 206629
2949 206653
2950 206496
2951 206360
2952 206354
2953 206435
2954 206569
2955 205711
2956 206270
2957 206650
2958 206606
2959 206582
2960 206868
2961 206578
2962 206332
2963 206612
2964 206243
2965 206785
2966 206475
2967 206215
2968 206598
2969 206371
2970 206062
2971 206370
2972 206308
2973 206234
2974 206093
2975 205952
2976 206211
2977 206732
2978 206716
2979 206404
2980 206342
2981 206709
2982 206174
2983 207023
2984 206468
2985 206244
2986 206481
2987 206542
2988 206625
2989 205805
2990 206139
2991 206124
2992 206349
2993 206487
2994 206713
2995 206700
2996 205721
2997 206517
2998 206485
2999 206504
3000 205970
3001 206841
3002 206597
3003 206480
3004 206410
3005 205998
3006 206259
3007 206335
3008 205932
3009 205854
3010 205982
3011 206118
3012 206338
3013 205906
3014 206812
3015 206387
3016 206226
3017 206196
3018 206467
3019 206390
3020 206826
3021 206228
3022 206200
3023 206125
3024 205979
3025 206726
3026 206876
3027 206350
3028 206222
3029 206304
3030 206621
3031 206447
3032 206012
3033 206255
3034 206160
3035 206203
3036 205984
3037 206212
3038 206973
3039 206151
3040 206466
3041 206461
3042 206682
3043 206581
3044 206117
3045 205780
3046 206395
3047 206366
3048 205731
3049 206592
3050 206071
3051 206145
3052 206534
3053 206570
3054 205884
3055 205792
3056 206561
3057 206373
3058 206749
3059 206361
3060 206508
3061 206411
3062 206358
3063 206092
3064 206411
3065 206499
3066 206217
3067 206783
3068 206552
3069 206321
3070 205806
3071 206086
3072 205597
3073 206076
3074 206496
3075 206458
3076 205898
3077 206370
3078 205935
3079 205809
3080 206610
3081 206082
3082 205891
3083 205912
3084 205724
3085 206301
3086 206240
3087 205900
3088 206367
3089 206024
3090 206164
3091 205986
3092 206030
3093 206288
3094 206078
3095 205829
3096 206359
3097 205836
3098 205901
3099 206061
3100 205813
3101 205642
3102 205911
3103 205955
3104 205703
3105 205685
3106 205892
3107 205974
3108 205520
3109 205320
3110 206083
3111 206268
3112 205915
3113 205662
3114 205655
3115 205744
3116 205478
3117 205574
3118 206069
3119 206103
3120 205727
3121 205298
3122 206094
3123 205738
3124 205715
3125 205149
3126 206050
3127 205975
3128 205682
3129 205674
3130 205786
3131 205996
3132 206229
3133 205487
3134 206614
3135 206131
3136 206089
3137 205990
3138 205567
3139 205617
3140 205969
3141 205611
3142 206070
3143 205855
3144 205581
3145 205794
3146 205887
3147 205473
3148 205559
3149 205403
3150 205753
3151 206222
3152 206470
3153 205690
3154 205449
3155 206390
3156 205914
3157 205836
3158 205690
3159 205495
3160 205846
3161 205752
3162 205691
3163 205374
3164 205389
3165 206192
3166 205429
3167 205779
3168 205593
3169 205315
3170 206202
3171 205293
3172 205876
3173 206002
3174 205934
3175 205801
3176 205566
3177 205761
3178 205585
3179 205630
3180 205717
3181 205759
3182 206007
3183 205481
3184 205621
3185 205276
3186 205682
3187 205667
3188 205453
3189 204928
3190 205164
3191 205154
3192 205912
3193 205559
3194 204997
3195 205141
3196 205361
3197 206318
3198 205438
3199 205725
3200 205820
3201 205892
3202 205594
3203 204845
3204 205022
3205 205423
3206 205131
3207 205739
3208 205320
3209 205270
3210 205360
3211 205622
3212 205295
3213 205250
3214 204914
3215 204992
3216 205190
3217 205159
3218 205373
3219 205101
3220 205212
3221 205477
3222 205406
3223 205082
3224 205079
3225 205169
3226 205043
3227 205028
3228 205507
3229 205433
3230 204989
3231 204670
3232 204948
3233 205494
3234 204789
3235 204896
3236 204817
3237 205002
3238 204876
3239 204840
3240 204766
3241 204505
3242 204826
3243 204424
3244 205060
3245 204881
3246 204834
3247 204715
3248 204640
3249 205187
3250 204948
3251 204503
3252 204380
3253 205309
3254 204867
3255 204982
3256 204795
3257 204423
3258 204946
3259 204973
3260 204588
3261 204450
3262 204710
3263 205027
3264 204589
3265 205018
3266 204820
3267 204654
3268 204253
3269 204462
3270 203918
3271 204612
3272 204416
3273 204570
3274 204421
3275 204495
3276 204477
3277 204256
3278 204870
3279 204549
3280 204325
3281 204759
3282 204013
3283 204877
3284 204568
3285 204449
3286 204891
3287 204236
3288 204795
3289 204690
3290 205131
3291 204946
3292 204792
3293 204548
3294 204865
3295 204644
3296 204455
3297 204682
3298 204523
3299 204470
3300 204649
3301 204129
3302 204499
3303 204432
3304 204335
3305 204456
3306 204744
3307 204576
3308 204493
3309 204455
3310 204036
3311 204281
3312 203676
3313 204350
3314 204514
3315 203892
3316 204502
3317 204396
3318 204373
3319 204653
3320 204328
3321 204397
3322 204364
3323 204655
3324 204432
3325 203828
3326 204258
3327 204106
3328 204387
3329 204083
3330 204431
3331 204072
3332 204211
3333 204464
3334 204420
3335 203724
3336 204090
3337 204520
3338 203876
3339 203624
3340 204489
3341 204323
3342 204089
3343 204518
3344 204641
3345 204228
3346 204298
3347 204852
3348 204705
3349 204232
3350 204031
3351 204268
3352 204145
3353 204466
3354 204091
3355 204224
3356 203555
3357 204577
3358 203815
3359 204192
3360 204537
3361 204023
3362 204544
3363 203993
3364 204552
3365 203778
3366 204257
3367 203697
3368 203842
3369 204061
3370 204474
3371 204176
3372 203749
3373 204093
3374 204092
3375 203638
3376 204123
3377 204113
3378 203881
3379 204137
3380 203483
3381 203594
3382 203964
3383 203874
3384 204137
3385 204425
3386 203842
3387 204037
3388 203018
3389 204327
