H11890
GateTime 10
GateNumber 0
SN 30430302
0 63016
1 62698
2 63097
3 63551
4 62636
5 62862
6 62945
7 62830
8 62503
9 62642
10 62837
11 62558
12 62696
13 63038
14 62922
15 62581
16 62695
17 62741
18 62552
19 62385
20 62851
21 62494
22 62888
23 62661
24 62736
25 62900
26 62293
27 62659
28 62639
29 61816
30 62625
31 62708
32 62754
33 62436
34 62474
35 62643
36 62701
37 62357
38 62755
39 62622
40 62344
41 62439
42 62692
43 62732
44 62697
45 62825
46 62902
47 63164
48 62499
49 62993
50 62495
51 62654
52 62973
53 62657
54 63016
55 62844
56 62868
57 63089
58 63206
59 62556
60 62730
61 62757
62 63005
63 62563
64 62782
65 63012
66 63233
67 63000
68 62744
69 62837
70 63235
71 63093
72 62827
73 62961
74 62905
75 62849
76 62448
77 63200
78 62590
79 63206
80 63236
81 63336
82 62911
83 62391
84 63512
85 63168
86 62909
87 63698
88 63240
89 63093
90 63208
91 64007
92 63217
93 63487
94 63523
95 63038
96 63386
97 63286
98 63689
99 63088
100 63273
101 62826
102 63440
103 63351
104 63356
105 63075
106 63228
107 63168
108 63376
109 63150
110 62817
111 63230
112 63386
113 63332
114 63598
115 63265
116 63310
117 62999
118 63401
119 63042
120 62886
121 62758
122 62971
123 63035
124 63348
125 62558
126 63248
127 63143
128 62964
129 62643
130 62824
131 63014
132 63038
133 62936
134 62599
135 62695
136 63135
137 62849
138 63130
139 62688
140 62911
141 62803
142 62828
143 62946
144 62798
145 63481
146 63447
147 63422
148 63260
149 62563
150 63124
151 63118
152 62836
153 62730
154 63246
155 63517
156 63041
157 63503
158 63112
159 63284
160 62961
161 63499
162 63133
163 63462
164 63213
165 63207
166 63188
167 63580
168 63635
169 63305
170 63316
171 63595
172 63110
173 63437
174 63461
175 63423
176 63621
177 63331
178 63721
179 63662
180 63594
181 63579
182 63480
183 63505
184 63365
185 63824
186 63841
187 63559
188 63717
189 63770
190 63584
191 63754
192 63526
193 63704
194 63997
195 63769
196 63541
197 63096
198 63525
199 63796
200 63931
201 63675
202 63372
203 63640
204 63423
205 63770
206 63393
207 63361
208 63609
209 63771
210 63451
211 63334
212 63346
213 63302
214 63274
215 63177
216 63272
217 63889
218 63561
219 63226
220 63272
221 63492
222 63316
223 64084
224 63407
225 63440
226 63622
227 63497
228 63313
229 63402
230 63275
231 63767
232 63522
233 62829
234 63369
235 63524
236 63098
237 62919
238 63354
239 63104
240 63326
241 62947
242 63300
243 62831
244 62929
245 63020
246 62860
247 63152
248 63222
249 63286
250 63087
251 63273
252 63562
253 63216
254 63136
255 63396
256 63504
257 63605
258 63011
259 63446
260 63523
261 63438
262 63388
263 63629
264 63438
265 63369
266 63533
267 63459
268 63883
269 63346
270 63266
271 63568
272 63404
273 64009
274 63458
275 64062
276 63286
277 63551
278 63988
279 63571
280 63773
281 63516
282 63558
283 63848
284 64200
285 63512
286 63793
287 63688
288 63317
289 63668
290 63620
291 64089
292 63778
293 63743
294 63752
295 63621
296 63658
297 63586
298 64116
299 64131
300 63413
301 63776
302 63730
303 63537
304 63699
305 63454
306 63841
307 63434
308 63805
309 63616
310 63608
311 63890
312 63490
313 63524
314 63497
315 63575
316 63210
317 63239
318 63876
319 63316
320 63701
321 63278
322 63231
323 63384
324 63437
325 63943
326 63207
327 63768
328 63469
329 63598
330 63407
331 63310
332 63416
333 63469
334 63248
335 63029
336 63140
337 63489
338 62881
339 63772
340 63421
341 63459
342 63326
343 63136
344 63439
345 63492
346 63606
347 63364
348 63530
349 63201
350 63112
351 63386
352 63563
353 64083
354 63346
355 63740
356 63108
357 63457
358 63830
359 63909
360 63832
361 64156
362 64251
363 63706
364 64301
365 64096
366 64298
367 64193
368 64416
369 64225
370 64491
371 64208
372 64239
373 64230
374 64212
375 64225
376 64096
377 64177
378 63833
379 63970
380 64100
381 64480
382 64488
383 63838
384 64398
385 64119
386 64613
387 64429
388 64194
389 64040
390 64014
391 64257
392 63926
393 64132
394 63940
395 63834
396 63925
397 64185
398 64580
399 64005
400 64129
401 63851
402 64114
403 63965
404 64446
405 64196
406 63918
407 63703
408 64014
409 64223
410 63786
411 64125
412 63479
413 64111
414 64115
415 63914
416 63504
417 63631
418 63804
419 63685
420 64160
421 63967
422 63971
423 64251
424 63498
425 63776
426 63478
427 63872
428 63991
429 64069
430 63284
431 63474
432 63593
433 63768
434 63811
435 63606
436 63606
437 63648
438 63599
439 63403
440 63501
441 63399
442 63171
443 63397
444 63321
445 63274
446 63348
447 63348
448 63479
449 63583
450 63483
451 63739
452 63372
453 63273
454 63484
455 63572
456 63025
457 63556
458 63585
459 63354
460 63679
461 63196
462 63413
463 63694
464 63268
465 63441
466 63640
467 63323
468 63435
469 63063
470 63838
471 63754
472 63572
473 63646
474 63614
475 63248
476 63450
477 63137
478 63291
479 63526
480 63648
481 63690
482 63893
483 63553
484 63452
485 63093
486 63972
487 63428
488 63574
489 64041
490 63521
491 63262
492 63508
493 63412
494 63215
495 63369
496 64058
497 63252
498 63144
499 63272
500 62976
501 62996
502 63440
503 63399
504 62705
505 63049
506 62992
507 62874
508 63424
509 62725
510 63078
511 63312
512 63004
513 63228
514 62739
515 63073
516 62744
517 62639
518 62736
519 63271
520 62798
521 63029
522 62850
523 62592
524 62763
525 62854
526 62568
527 62805
528 62634
529 62636
530 62943
531 62519
532 62380
533 63070
534 63499
535 62223
536 62310
537 62458
538 62893
539 62424
540 62703
541 62480
542 62469
543 62216
544 62156
545 62376
546 62505
547 62555
548 62670
549 62596
550 62263
551 62477
552 62522
553 62218
554 62762
555 62225
556 62740
557 62660
558 62200
559 62419
560 62536
561 62963
562 62358
563 62500
564 62464
565 62692
566 62718
567 62615
568 62572
569 62508
570 62392
571 62984
572 62815
573 62333
574 62609
575 62373
576 62616
577 62533
578 62809
579 62670
580 62322
581 62569
582 63194
583 62539
584 62837
585 62711
586 62245
587 62781
588 63265
589 62964
590 62856
591 63058
592 62221
593 62933
594 62757
595 62304
596 62795
597 62537
598 62497
599 62345
600 62558
601 62735
602 62627
603 62569
604 63032
605 62107
606 62570
607 62352
608 62105
609 62302
610 62385
611 62275
612 62555
613 62088
614 62020
615 62406
616 62409
617 62228
618 62078
619 62553
620 62220
621 61933
622 62112
623 62279
624 62177
625 61947
626 62217
627 62399
628 62080
629 62118
630 62123
631 62069
632 62495
633 62254
634 62021
635 62041
636 61920
637 62405
638 61955
639 61880
640 61680
641 62044
642 62280
643 61677
644 61766
645 61833
646 61762
647 62284
648 61834
649 62499
650 62461
651 62339
652 62249
653 62263
654 62291
655 62075
656 62498
657 62102
658 62295
659 62269
660 62132
661 62368
662 62287
663 62336
664 62066
665 62240
666 62232
667 62681
668 62564
669 62562
670 62628
671 62650
672 62492
673 62681
674 62948
675 63093
676 62436
677 62192
678 62752
679 62526
680 62716
681 62604
682 62635
683 62751
684 63053
685 62411
686 62788
687 62650
688 62888
689 62720
690 62607
691 63283
692 62527
693 62883
694 62643
695 62895
696 63111
697 62622
698 62710
699 62904
700 62700
701 62976
702 62561
703 62866
704 62485
705 62686
706 62517
707 63053
708 62656
709 63115
710 62672
711 62757
712 62880
713 62848
714 62995
715 62201
716 62681
717 62452
718 62580
719 62225
720 62295
721 62338
722 62489
723 62564
724 62721
725 62145
726 62791
727 62430
728 62263
729 62135
730 62375
731 61897
732 62330
733 62014
734 62244
735 62103
736 61940
737 62165
738 62071
739 62302
740 62350
741 62014
742 62485
743 62242
744 62162
745 62624
746 62627
747 61959
748 61906
749 62255
750 62292
751 62255
752 62424
753 62176
754 62087
755 62220
756 61759
757 62214
758 62074
759 62350
760 62230
761 62342
762 62627
763 62532
764 62332
765 62451
766 62335
767 62248
768 62640
769 62513
770 62327
771 62308
772 62327
773 62320
774 62603
775 62183
776 62479
777 62570
778 62712
779 63183
780 62802
781 62311
782 62982
783 62979
784 62958
785 62572
786 62793
787 62785
788 62809
789 62412
790 62936
791 62176
792 62785
793 62209
794 62342
795 63067
796 62352
797 62680
798 62863
799 62419
800 62552
801 62581
802 62471
803 62358
804 62745
805 62431
806 62181
807 62569
808 62192
809 61994
810 62052
811 62055
812 62407
813 62256
814 61906
815 62508
816 62207
817 62090
818 62110
819 62257
820 62197
821 62257
822 61936
823 61916
824 61692
825 62049
826 62257
827 61909
828 62082
829 61951
830 62011
831 62062
832 61976
833 62007
834 61713
835 62580
836 61781
837 62000
838 62171
839 61827
840 61773
841 61900
842 61757
843 61937
844 61822
845 61948
846 61582
847 62320
848 61948
849 61993
850 62096
851 62014
852 62052
853 61777
854 61929
855 62004
856 61738
857 61519
858 61863
859 62106
860 62061
861 62361
862 62462
863 62426
864 62667
865 62026
866 62102
867 62982
868 62057
869 62213
870 62525
871 62424
872 62498
873 62562
874 62293
875 62243
876 62314
877 62673
878 62079
879 62684
880 62646
881 62352
882 63049
883 62253
884 62394
885 62661
886 62605
887 62919
888 62699
889 62502
890 62804
891 62780
892 62818
893 62491
894 62611
895 62512
896 62754
897 63156
898 62536
899 62359
900 62472
901 62620
902 62326
903 62763
904 62581
905 62323
906 62435
907 62271
908 62252
909 62525
910 62436
911 62700
912 62555
913 62416
914 62156
915 62307
916 62502
917 61650
918 62111
919 62051
920 62260
921 62216
922 62294
923 62331
924 61880
925 62156
926 61929
927 61696
928 61918
929 62152
930 61610
931 61877
932 61769
933 61709
934 61835
935 61787
936 61559
937 61762
938 61986
939 61537
940 61790
941 61814
942 61839
943 61652
944 61833
945 61457
946 61853
947 61613
948 61473
949 61563
950 61835
951 62084
952 61537
953 62119
954 61726
955 62174
956 62140
957 62003
958 62493
959 62344
960 62368
961 62359
962 61538
963 62283
964 61477
965 62432
966 62077
967 62149
968 61819
969 62458
970 61980
971 62137
972 62546
973 62439
974 62170
975 62814
976 62367
977 62499
978 62448
979 62635
980 62625
981 62808
982 62789
983 62595
984 62704
985 62814
986 62728
987 62683
988 62648
989 62768
990 63158
991 62754
992 62735
993 62421
994 62938
995 62906
996 62765
997 62606
998 62822
999 62578
1000 62542
1001 62571
1002 62516
1003 62193
1004 62749
1005 62264
1006 62664
1007 62051
1008 62219
1009 62361
1010 62784
1011 62344
1012 62199
1013 62766
1014 62161
1015 62242
1016 62442
1017 62462
1018 62149
1019 61945
1020 62065
1021 61974
1022 61998
1023 61761
1024 61725
1025 62070
1026 62087
1027 61760
1028 62227
1029 62222
1030 61935
1031 62081
1032 61957
1033 62348
1034 61630
1035 61961
1036 61312
1037 61864
1038 61846
1039 61707
1040 62165
1041 61604
1042 61605
1043 61964
1044 61602
1045 61884
1046 61585
1047 61608
1048 61905
1049 61921
1050 61320
1051 62083
1052 62200
1053 62048
1054 61807
1055 62469
1056 61744
1057 61758
1058 61776
1059 62148
1060 62008
1061 61788
1062 62233
1063 62577
1064 61813
1065 62265
1066 62331
1067 61978
1068 62573
1069 62270
1070 62386
1071 62167
1072 62271
1073 62484
1074 62550
1075 62201
1076 62562
1077 62313
1078 62703
1079 62402
1080 62404
1081 62249
1082 62570
1083 62667
1084 62329
1085 62494
1086 62309
1087 62991
1088 62858
1089 62656
1090 62516
1091 62847
1092 62917
1093 62190
1094 63015
1095 62872
1096 62750
1097 62725
1098 62516
1099 62694
1100 62355
1101 62394
1102 62885
1103 62828
1104 62743
1105 62316
1106 62248
1107 62254
1108 62358
1109 62275
1110 62271
1111 62245
1112 61771
1113 62597
1114 62202
1115 62391
1116 62410
1117 62014
1118 61996
1119 62519
1120 62534
1121 62241
1122 61835
1123 61945
1124 62122
1125 62207
1126 61818
1127 62157
1128 61926
1129 62112
1130 61804
1131 61942
1132 61895
1133 61723
1134 61553
1135 61746
1136 61728
1137 61935
1138 61692
1139 61829
1140 61744
1141 61554
1142 62046
1143 61916
1144 61141
1145 61969
1146 61505
1147 61692
1148 61818
1149 61860
1150 61776
1151 61876
1152 61873
1153 62068
1154 62237
1155 62052
1156 62012
1157 61773
1158 61998
1159 62008
1160 62217
1161 62426
1162 62240
1163 61820
1164 62192
1165 61989
1166 61981
1167 61764
1168 61674
1169 61808
1170 62059
1171 62154
1172 62272
1173 62042
1174 62020
1175 62315
1176 62588
1177 62327
1178 62108
1179 62368
1180 62342
1181 62282
1182 62604
1183 62236
1184 62650
1185 62526
1186 62426
1187 62803
1188 62662
1189 62462
1190 62596
1191 62750
1192 62517
1193 62849
1194 62568
1195 62388
1196 62307
1197 62127
1198 62106
1199 62628
1200 62132
1201 62361
1202 62266
1203 62010
1204 62299
1205 62224
1206 62644
1207 62529
1208 61975
1209 62048
1210 62307
1211 62305
1212 61900
1213 62158
1214 62214
1215 61919
1216 62018
1217 61528
1218 61892
1219 61763
1220 62092
1221 62248
1222 61735
1223 62004
1224 61885
1225 61995
1226 62266
1227 61736
1228 61639
1229 62110
1230 61325
1231 61968
1232 61712
1233 61992
1234 61597
1235 61683
1236 61359
1237 61810
1238 61768
1239 61925
1240 61568
1241 61455
1242 61584
1243 61478
1244 61446
1245 61512
1246 61802
1247 61704
1248 61787
1249 61380
1250 61721
1251 61458
1252 61783
1253 62008
1254 61797
1255 61900
1256 61793
1257 61512
1258 61905
1259 62033
1260 62073
1261 61462
1262 62166
1263 62111
1264 62455
1265 62438
1266 61954
1267 61785
1268 62021
1269 62122
1270 62167
1271 62109
1272 62095
1273 62144
1274 62046
1275 62268
1276 62239
1277 62182
1278 62526
1279 62256
1280 62325
1281 62508
1282 62361
1283 62361
1284 62475
1285 62311
1286 62245
1287 62537
1288 62595
1289 62693
1290 62654
1291 62413
1292 62351
1293 62451
1294 62870
1295 62746
1296 62453
1297 62217
1298 62482
1299 62383
1300 62309
1301 62436
1302 62310
1303 62568
1304 62221
1305 62349
1306 62176
1307 62248
1308 62088
1309 62446
1310 62089
1311 62327
1312 62402
1313 61995
1314 62205
1315 61983
1316 61874
1317 62037
1318 61844
1319 62396
1320 61966
1321 62614
1322 62223
1323 61994
1324 61968
1325 61960
1326 61985
1327 61744
1328 61943
1329 61978
1330 61841
1331 61853
1332 61577
1333 61900
1334 61623
1335 62192
1336 61801
1337 61891
1338 61714
1339 61699
1340 61604
1341 61596
1342 61488
1343 61038
1344 61801
1345 61981
1346 61626
1347 61897
1348 62061
1349 61708
1350 62169
1351 61908
1352 62039
1353 61959
1354 61929
1355 61756
1356 61954
1357 61661
1358 61887
1359 62168
1360 61851
1361 62293
1362 62177
1363 62130
1364 61758
1365 61833
1366 62423
1367 61937
1368 62215
1369 62469
1370 61762
1371 61933
1372 62288
1373 62190
1374 62022
1375 62107
1376 62345
1377 62194
1378 62350
1379 62262
1380 62496
1381 62013
1382 62579
1383 62692
1384 62272
1385 62405
1386 62674
1387 62552
1388 62593
1389 62273
1390 62792
1391 62148
1392 62369
1393 62386
1394 62621
1395 62601
1396 62073
1397 61986
1398 62587
1399 61876
1400 61792
1401 62383
1402 62447
1403 62266
1404 61962
1405 62474
1406 61855
1407 62361
1408 61767
1409 62167
1410 62065
1411 62474
1412 61916
1413 62328
1414 62288
1415 62203
1416 61880
1417 62073
1418 61870
1419 62161
1420 62182
1421 61959
1422 61616
1423 61929
1424 61457
1425 61864
1426 62058
1427 61744
1428 61804
1429 61702
1430 61737
1431 62301
1432 62075
1433 61746
1434 61933
1435 61492
1436 62015
1437 61949
1438 61755
1439 61633
1440 61823
1441 61860
1442 61729
1443 62107
1444 61801
1445 61703
1446 61798
1447 61873
1448 61869
1449 61864
1450 61601
1451 62061
1452 61967
1453 61799
1454 61937
1455 62137
1456 61881
1457 62040
1458 61763
1459 62084
1460 62310
1461 62123
1462 62097
1463 62141
1464 61762
1465 62441
1466 62137
1467 62335
1468 62279
1469 62095
1470 62382
1471 62030
1472 62022
1473 62263
1474 61957
1475 62711
1476 62210
1477 62040
1478 62323
1479 61723
1480 62120
1481 62546
1482 62320
1483 62026
1484 62592
1485 62478
1486 62457
1487 62449
1488 62314
1489 62578
1490 62027
1491 62216
1492 62059
1493 62443
1494 62467
1495 62387
1496 62259
1497 62206
1498 62489
1499 62320
1500 62655
1501 62301
1502 62396
1503 62275
1504 62124
1505 62122
1506 62440
1507 62517
1508 62020
1509 61938
1510 62231
1511 62158
1512 62055
1513 62303
1514 61877
1515 61868
1516 62419
1517 62108
1518 61896
1519 61695
1520 61657
1521 62160
1522 61606
1523 61563
1524 61910
1525 61541
1526 61673
1527 61937
1528 61801
1529 61744
1530 62021
1531 61513
1532 62106
1533 61508
1534 61680
1535 61834
1536 61773
1537 61642
1538 61510
1539 62157
1540 61437
1541 61806
1542 61517
1543 61418
1544 61581
1545 61910
1546 61719
1547 61596
1548 61858
1549 61867
1550 61910
1551 62011
1552 61761
1553 61953
1554 61495
1555 62112
1556 62116
1557 61842
1558 62531
1559 61821
1560 61857
1561 61646
1562 62017
1563 62319
1564 61880
1565 62141
1566 62352
1567 61833
1568 62458
1569 61982
1570 61964
1571 62177
1572 62600
1573 62362
1574 61816
1575 62220
1576 62778
1577 62493
1578 62395
1579 61752
1580 62310
1581 62404
1582 62366
1583 62784
1584 62539
1585 62615
1586 62577
1587 62407
1588 62415
1589 62390
1590 62532
1591 62344
1592 62875
1593 62614
1594 62406
1595 62536
1596 62545
1597 62338
1598 62562
1599 62130
1600 62164
1601 62142
1602 62157
1603 62410
1604 62402
1605 62493
1606 62381
1607 62286
1608 62107
1609 62365
1610 62429
1611 62291
1612 61802
1613 61938
1614 62504
1615 62052
1616 62517
1617 62235
1618 62240
1619 62288
1620 62288
1621 62214
1622 62106
1623 62022
1624 62270
1625 61951
1626 62262
1627 61824
1628 61872
1629 61814
1630 62307
1631 61832
1632 62152
1633 61746
1634 62238
1635 61940
1636 62426
1637 61800
1638 62163
1639 62095
1640 61897
1641 62053
1642 61915
1643 61957
1644 61926
1645 62043
1646 62026
1647 61962
1648 62269
1649 62148
1650 62338
1651 62159
1652 61743
1653 61852
1654 62149
1655 62479
1656 62097
1657 62025
1658 62226
1659 62126
1660 62551
1661 62162
1662 62228
1663 62137
1664 62448
1665 62429
1666 62314
1667 62028
1668 62546
1669 62076
1670 62186
1671 62751
1672 62436
1673 62699
1674 62563
1675 62326
1676 62635
1677 62590
1678 62662
1679 62192
1680 62889
1681 62500
1682 62374
1683 62714
1684 62886
1685 62410
1686 62700
1687 62952
1688 62953
1689 62453
1690 62554
1691 62436
1692 62569
1693 62483
1694 62606
1695 62646
1696 62677
1697 62931
1698 62601
1699 62264
1700 62795
1701 62502
1702 62377
1703 62300
1704 62529
1705 62309
1706 62477
1707 62231
1708 62071
1709 62271
1710 62288
1711 62492
1712 62422
1713 62391
1714 62046
1715 62307
1716 62324
1717 62091
1718 62373
1719 62420
1720 62340
1721 61955
1722 61860
1723 62243
1724 62193
1725 61635
1726 62143
1727 62027
1728 61898
1729 62044
1730 62181
1731 61885
1732 62038
1733 61885
1734 62313
1735 62026
1736 62294
1737 61913
1738 62229
1739 62007
1740 61705
1741 61385
1742 61819
1743 61910
1744 61457
1745 61308
1746 62105
1747 62181
1748 62150
1749 61783
1750 62322
1751 62025
1752 61853
1753 61923
1754 62292
1755 61923
1756 62345
1757 61511
1758 61974
1759 62613
1760 62075
1761 62135
1762 62020
1763 62381
1764 62191
1765 62247
1766 62277
1767 62570
1768 62203
1769 62585
1770 62268
1771 62689
1772 62017
1773 62346
1774 62543
1775 62748
1776 62564
1777 62299
1778 62572
1779 62505
1780 62544
1781 62999
1782 63136
1783 62809
1784 62701
1785 62631
1786 62923
1787 62903
1788 62446
1789 62351
1790 62702
1791 62338
1792 62838
1793 62668
1794 62685
1795 62706
1796 62835
1797 62618
1798 62847
1799 62805
1800 62724
1801 62714
1802 62525
1803 62678
1804 62606
1805 62680
1806 62523
1807 62473
1808 62570
1809 62246
1810 62389
1811 62623
1812 62077
1813 62105
1814 62268
1815 62509
1816 62479
1817 61812
1818 62426
1819 62483
1820 62401
1821 62519
1822 62198
1823 62073
1824 61993
1825 62165
1826 61945
1827 62217
1828 62353
1829 62056
1830 62041
1831 61951
1832 62106
1833 62188
1834 62121
1835 62018
1836 62167
1837 62269
1838 61876
1839 62058
1840 61839
1841 61617
1842 62050
1843 61915
1844 61813
1845 62009
1846 62255
1847 61995
1848 61669
1849 61909
1850 62440
1851 61981
1852 62056
1853 61943
1854 62516
1855 62273
1856 62448
1857 62319
1858 62145
1859 62425
1860 62831
1861 62423
1862 62160
1863 62044
1864 62308
1865 62054
1866 62183
1867 62586
1868 62258
1869 62081
1870 62300
1871 62135
1872 62416
1873 61876
1874 62453
1875 62636
1876 62272
1877 62702
1878 62964
1879 62475
1880 62814
1881 62624
1882 62656
1883 62606
1884 62802
1885 62596
1886 62775
1887 62537
1888 62824
1889 62162
1890 63006
1891 62263
1892 62845
1893 62302
1894 62518
1895 62472
1896 62876
1897 62464
1898 62705
1899 62903
1900 63160
1901 62622
1902 63021
1903 62815
1904 62571
1905 62467
1906 62243
1907 62318
1908 62523
1909 62489
1910 62311
1911 62688
1912 62532
1913 62552
1914 61960
1915 62114
1916 62447
1917 62129
1918 62514
1919 62630
1920 62237
1921 62374
1922 61859
1923 62439
1924 62030
1925 62089
1926 62067
1927 62243
1928 61827
1929 61762
1930 62134
1931 62004
1932 62108
1933 62478
1934 61805
1935 61530
1936 62035
1937 61715
1938 61471
1939 62195
1940 62020
1941 62047
1942 61986
1943 61922
1944 61903
1945 62521
1946 61868
1947 62135
1948 61953
1949 62191
1950 62052
1951 61978
1952 62062
1953 61748
1954 62221
1955 62254
1956 62157
1957 62484
1958 62152
1959 62266
1960 62222
1961 61982
1962 62617
1963 61897
1964 62247
1965 61948
1966 62123
1967 62375
1968 61794
1969 61932
1970 62186
1971 62076
1972 61985
1973 62186
1974 62070
1975 62424
1976 61889
1977 62359
1978 62238
1979 62277
1980 62054
1981 62062
1982 62546
1983 62568
1984 62426
1985 62387
1986 62849
1987 62675
1988 62499
1989 62635
1990 62345
1991 62529
1992 62390
1993 62427
1994 62604
1995 62328
1996 62509
1997 62516
1998 62907
1999 62704
2000 62728
2001 62618
2002 62044
2003 62253
2004 62168
2005 62664
2006 62001
2007 62436
2008 62006
2009 62200
2010 61965
2011 61832
2012 62027
2013 62037
2014 62268
2015 62042
2016 62477
2017 62394
2018 62163
2019 62113
2020 61681
2021 62048
2022 61576
2023 61555
2024 62173
2025 61759
2026 61553
2027 62154
2028 61715
2029 61672
2030 61968
2031 62167
2032 61419
2033 61751
2034 61544
2035 61821
2036 61915
2037 61406
2038 61844
2039 61367
2040 61692
2041 61791
2042 61902
2043 61497
2044 61336
2045 61361
2046 61926
2047 61359
2048 61526
2049 61579
2050 61576
2051 61860
2052 62013
2053 61637
2054 61919
2055 61578
2056 62293
2057 62045
2058 61906
2059 62162
2060 61487
2061 61878
2062 61748
2063 61900
2064 62127
2065 61967
2066 61561
2067 62283
2068 62023
2069 62256
2070 62281
2071 61948
2072 62594
2073 61663
2074 62073
2075 62024
2076 62211
2077 62144
2078 62107
2079 62174
2080 62246
2081 62273
2082 62323
2083 62788
2084 62443
2085 62363
2086 62441
2087 62712
2088 62754
2089 62282
2090 62540
2091 62344
2092 62686
2093 62692
2094 62359
2095 62387
2096 62304
2097 62473
2098 62281
2099 62362
2100 62134
2101 62174
2102 62405
2103 62043
2104 62086
2105 61904
2106 62244
2107 61988
2108 61940
2109 62284
2110 62151
2111 62185
2112 62140
2113 61778
2114 61698
2115 61926
2116 62041
2117 61599
2118 62109
2119 61855
2120 61900
2121 61898
2122 61963
2123 61596
2124 61749
2125 61353
2126 61342
2127 61373
2128 61397
2129 61669
2130 61571
2131 61846
2132 61780
2133 61672
2134 61872
2135 61838
2136 61789
2137 61279
2138 61473
2139 61616
2140 61208
2141 61754
2142 61705
2143 61699
2144 61780
2145 61543
2146 61790
2147 61710
2148 61705
2149 61970
2150 62353
2151 61889
2152 61601
2153 61547
2154 61794
2155 62079
2156 61504
2157 61741
2158 62145
2159 61674
2160 61738
2161 61770
2162 61716
2163 61872
2164 61931
2165 61981
2166 62241
2167 62076
2168 62144
2169 61764
2170 62062
2171 61911
2172 61823
2173 62113
2174 62277
2175 62183
2176 62114
2177 62333
2178 62104
2179 62317
2180 62130
2181 62156
2182 62165
2183 62284
2184 62565
2185 62434
2186 62277
2187 62096
2188 62095
2189 62767
2190 62401
2191 62703
2192 62266
2193 62120
2194 62355
2195 62590
2196 62608
2197 62493
2198 61973
2199 62133
2200 62205
2201 62240
2202 61883
2203 62321
2204 61912
2205 62210
2206 62036
2207 62111
2208 62152
2209 61959
2210 61969
2211 62041
2212 61738
2213 61908
2214 62514
2215 61744
2216 61977
2217 62169
2218 61851
2219 62112
2220 62132
2221 61958
2222 61910
2223 61754
2224 61907
2225 61723
2226 62090
2227 62130
2228 61668
2229 62054
2230 61551
2231 62018
2232 61643
2233 61323
2234 61795
2235 61487
2236 61863
2237 61662
2238 61854
2239 61264
2240 61723
2241 61089
2242 61505
2243 61269
2244 61508
2245 61302
2246 61621
2247 61645
2248 61922
2249 61549
2250 61967
2251 61598
2252 61623
2253 61653
2254 61815
2255 61310
2256 61522
2257 61923
2258 61951
2259 61722
2260 61723
2261 61886
2262 61968
2263 62198
2264 61992
2265 62231
2266 61804
2267 62062
2268 62283
2269 61858
2270 62025
2271 62309
2272 62098
2273 61926
2274 62420
2275 62222
2276 62233
2277 62174
2278 62642
2279 62453
2280 62527
2281 62556
2282 62433
2283 62260
2284 62492
2285 62715
2286 62353
2287 62313
2288 61987
2289 62738
2290 62376
2291 62214
2292 62541
2293 62507
2294 62444
2295 62586
2296 62315
2297 62672
2298 62567
2299 62400
2300 62357
2301 62567
2302 62580
2303 62141
2304 61777
2305 62086
2306 62310
2307 61917
2308 61577
2309 62143
2310 62538
2311 62050
2312 62212
2313 62304
2314 62103
2315 61855
2316 62166
2317 61681
2318 62126
2319 61770
2320 61868
2321 61744
2322 62503
2323 62256
2324 61812
2325 62150
2326 61876
2327 61981
2328 62143
2329 61973
2330 61549
2331 61398
2332 61821
2333 61744
2334 61530
2335 61737
2336 61628
2337 62286
2338 61840
2339 61473
2340 61780
2341 61638
2342 61869
2343 61867
2344 61703
2345 61812
2346 61726
2347 61835
2348 61891
2349 61636
2350 61854
2351 61512
2352 62064
2353 61395
2354 61961
2355 61710
2356 61937
2357 61840
2358 61977
2359 61918
2360 61828
2361 61742
2362 61904
2363 61596
2364 61805
2365 62123
2366 61940
2367 61827
2368 61970
2369 62316
2370 62150
2371 61966
2372 62353
2373 62402
2374 62351
2375 62450
2376 61964
2377 62395
2378 62113
2379 62492
2380 62096
2381 62435
2382 62645
2383 62214
2384 62039
2385 62230
2386 62435
2387 62221
2388 62604
2389 62505
2390 62288
2391 62708
2392 62269
2393 62543
2394 62640
2395 62012
2396 62588
2397 62207
2398 62791
2399 62339
2400 62219
2401 62234
2402 62400
2403 62437
2404 62324
2405 62072
2406 62525
2407 62364
2408 62013
2409 62523
2410 62110
2411 62043
2412 62027
2413 62207
2414 62084
2415 61987
2416 62150
2417 61763
2418 62078
2419 62016
2420 62490
2421 62125
2422 61836
2423 61713
2424 61902
2425 61765
2426 61730
2427 61910
2428 61881
2429 61744
2430 61885
2431 61526
2432 61776
2433 61937
2434 61850
2435 61526
2436 61652
2437 61973
2438 61540
2439 61640
2440 61737
2441 61662
2442 61975
2443 61218
2444 61233
2445 61372
2446 61649
2447 61672
2448 62045
2449 61357
2450 61421
2451 61834
2452 61514
2453 61898
2454 62031
2455 61873
2456 61973
2457 61925
2458 61847
2459 62127
2460 62269
2461 62173
2462 61681
2463 61941
2464 62440
2465 61966
2466 61905
2467 62105
2468 61797
2469 62345
2470 62794
2471 62211
2472 62166
2473 62282
2474 62342
2475 62045
2476 62386
2477 62320
2478 62158
2479 62435
2480 62256
2481 62018
2482 62230
2483 62370
2484 62485
2485 62610
2486 62017
2487 62430
2488 62569
2489 62649
2490 62739
2491 62558
2492 62882
2493 62483
2494 62530
2495 62286
2496 62006
2497 62396
2498 62488
2499 62593
2500 62330
2501 62357
2502 62452
2503 62424
2504 62253
2505 62235
2506 62457
2507 62136
2508 62207
2509 62197
2510 61921
2511 62071
2512 62714
2513 61993
2514 62708
2515 62230
2516 61903
2517 61904
2518 62126
2519 62297
2520 62334
2521 62085
2522 62156
2523 61431
2524 62169
2525 61953
2526 61975
2527 62210
2528 61574
2529 61861
2530 61674
2531 62234
2532 61894
2533 61684
2534 61658
2535 61457
2536 62035
2537 61393
2538 61598
2539 61580
2540 61538
2541 62017
2542 62012
2543 61463
2544 61467
2545 61445
2546 61096
2547 61891
2548 61654
2549 61948
2550 61167
2551 61459
2552 61613
2553 61868
2554 62115
2555 61582
2556 61859
2557 62110
2558 62154
2559 62059
2560 62157
2561 61958
2562 62110
2563 62119
2564 61999
2565 62584
2566 62162
2567 62103
2568 62231
2569 61902
2570 62023
2571 62207
2572 62010
2573 62053
2574 62423
2575 62292
2576 61914
2577 62156
2578 62541
2579 62397
2580 61926
2581 62399
2582 62558
2583 62577
2584 62117
2585 62303
2586 62271
2587 62679
2588 62202
2589 62393
2590 62637
2591 62344
2592 62659
2593 62223
2594 62308
2595 62502
2596 62172
2597 62513
2598 62597
2599 62489
2600 62063
2601 62363
2602 62759
2603 62239
2604 62576
2605 62453
2606 62357
2607 62267
2608 62065
2609 62020
2610 62368
2611 62652
2612 62006
2613 62269
2614 62251
2615 62049
2616 62026
2617 62114
2618 62099
2619 62060
2620 62009
2621 62024
2622 61500
2623 61509
2624 62333
2625 62017
2626 61834
2627 61445
2628 61756
2629 61595
2630 62021
2631 61901
2632 61912
2633 61368
2634 61842
2635 61932
2636 61523
2637 61390
2638 61974
2639 61745
2640 61451
2641 61558
2642 62057
2643 61544
2644 61912
2645 62105
2646 61405
2647 62140
2648 61638
2649 62041
2650 62386
2651 61399
2652 62271
2653 61775
2654 61636
2655 62358
2656 61922
2657 62044
2658 61611
2659 62022
2660 62125
2661 62042
2662 62218
2663 61860
2664 62020
2665 61987
2666 62287
2667 62319
2668 62328
2669 62086
2670 61904
2671 62001
2672 62208
2673 62256
2674 62227
2675 62305
2676 62375
2677 62729
2678 62788
2679 62344
2680 62157
2681 62489
2682 62637
2683 62386
2684 62359
2685 62543
2686 62322
2687 62904
2688 62888
2689 62749
2690 62563
2691 62498
2692 62792
2693 62668
2694 62150
2695 62657
2696 62140
2697 62670
2698 62309
2699 62446
2700 62370
2701 62201
2702 62488
2703 62436
2704 61965
2705 62600
2706 62415
2707 62296
2708 62273
2709 62567
2710 62597
2711 62158
2712 61920
2713 62092
2714 62387
2715 62153
2716 62305
2717 61997
2718 62525
2719 61841
2720 62223
2721 62312
2722 62332
2723 62242
2724 62199
2725 62053
2726 61954
2727 62089
2728 61923
2729 62085
2730 62003
2731 61837
2732 62151
2733 61899
2734 61843
2735 62098
2736 61975
2737 61813
2738 61896
2739 61806
2740 61870
2741 61692
2742 61670
2743 61905
2744 61758
2745 61631
2746 62081
2747 62233
2748 61765
2749 62019
2750 62128
2751 61870
2752 61808
2753 62462
2754 61777
2755 61430
2756 61707
2757 61670
2758 62134
2759 62123
2760 62087
2761 62293
2762 61911
2763 61857
2764 62220
2765 62248
2766 61800
2767 62117
2768 62348
2769 62200
2770 61872
2771 62158
2772 62424
2773 62314
2774 61814
2775 62174
2776 62514
2777 62514
2778 62626
2779 62119
2780 62322
2781 62591
2782 62061
2783 62408
2784 62137
2785 62705
2786 62612
2787 62888
2788 62655
2789 62356
2790 62906
2791 62967
2792 62982
2793 62708
2794 62471
2795 62987
2796 62422
2797 62436
2798 62634
2799 62752
2800 62487
2801 62449
2802 62530
2803 62418
2804 62468
2805 62112
2806 62683
2807 62613
2808 62200
2809 61856
2810 61907
2811 62264
2812 62083
2813 62513
2814 62413
2815 62459
2816 62464
2817 62176
2818 62115
2819 62088
2820 62313
2821 62008
2822 62333
2823 62022
2824 62292
2825 61812
2826 62046
2827 62246
2828 62090
2829 62049
2830 61751
2831 61705
2832 61860
2833 61923
2834 61537
2835 62131
2836 62068
2837 61483
2838 62104
2839 61642
2840 61807
2841 61469
2842 62067
2843 61741
2844 62210
2845 61918
2846 62146
2847 62077
2848 61910
2849 62115
2850 61719
2851 62002
2852 62013
2853 62015
2854 62025
2855 62167
2856 61529
2857 62197
2858 61960
2859 62265
2860 61852
2861 62164
2862 62199
2863 62095
2864 62203
2865 62622
2866 62294
2867 62171
2868 62493
2869 61989
2870 61753
2871 62474
2872 62369
2873 62608
2874 62234
2875 62452
2876 62660
2877 62342
2878 62019
2879 62454
2880 62276
2881 62126
2882 62194
2883 62509
2884 62383
2885 62735
2886 62926
2887 62580
2888 62688
2889 62359
2890 62936
2891 62532
2892 62870
2893 62835
2894 62902
2895 62786
2896 62116
2897 62671
2898 62597
2899 62746
2900 62820
2901 62421
2902 62272
2903 62214
2904 62665
2905 62734
2906 62215
2907 62142
2908 62412
2909 62303
2910 62132
2911 62406
2912 62220
2913 62262
2914 62255
2915 62265
2916 62049
2917 62136
2918 62030
2919 61550
2920 62167
2921 62232
2922 62061
2923 61703
2924 62135
2925 62406
2926 62060
2927 62324
2928 62033
2929 61674
2930 61727
2931 61882
2932 61745
2933 61969
2934 61644
2935 61501
2936 62045
2937 62004
2938 61563
2939 61732
2940 61671
2941 61405
2942 61986
2943 61869
2944 61728
2945 61563
2946 61888
2947 61899
2948 61869
2949 62183
2950 61730
2951 62161
2952 62158
2953 61378
2954 61694
2955 62129
2956 62272
2957 61788
2958 61953
2959 62059
2960 61635
2961 61950
2962 61792
2963 61870
2964 61826
2965 62132
2966 61851
2967 61804
2968 61984
2969 61926
2970 62196
2971 62290
2972 62181
2973 62569
2974 62301
2975 61978
2976 61835
2977 62047
2978 62284
2979 62447
2980 62541
2981 62070
2982 62028
2983 62158
2984 62196
2985 62111
2986 62476
2987 62520
2988 62376
2989 62248
2990 61800
2991 61849
2992 62013
2993 62241
2994 62707
2995 62388
2996 62826
2997 62195
2998 62070
2999 62293
3000 61932
3001 62181
3002 62234
3003 62556
3004 61926
3005 62505
3006 61867
3007 62144
3008 61957
3009 62060
3010 61654
3011 61571
3012 61713
3013 62120
3014 61734
3015 61587
3016 61790
3017 61341
3018 61877
3019 61542
3020 61604
3021 61662
3022 61726
3023 61579
3024 61900
3025 61350
3026 61333
3027 61655
3028 61585
3029 61562
3030 61336
3031 61108
3032 61837
3033 61515
3034 60931
3035 61536
3036 61463
3037 61169
3038 61631
3039 61662
3040 61184
3041 61558
3042 61361
3043 61352
3044 61420
3045 61504
3046 61442
3047 61114
3048 61501
3049 61422
3050 61513
3051 61651
3052 61366
3053 61006
3054 61344
3055 61521
3056 61378
3057 61774
3058 61453
3059 61485
3060 61430
3061 61670
3062 61610
3063 61415
3064 61808
3065 61296
3066 61641
3067 61565
3068 61396
3069 61553
3070 61879
3071 61813
3072 61473
3073 61612
3074 61398
3075 61764
3076 61770
3077 61864
3078 61599
3079 61798
3080 62015
3081 61969
3082 61889
3083 62054
3084 62019
3085 61974
3086 61991
3087 61846
3088 61633
3089 61653
3090 61675
3091 61878
3092 61894
3093 61501
3094 61666
3095 61951
3096 61533
3097 61795
3098 61972
3099 61841
3100 61842
3101 62160
3102 61832
3103 61624
3104 61219
3105 62137
3106 61899
3107 61392
3108 61748
3109 61735
3110 61600
3111 61367
3112 61271
3113 61215
3114 61999
3115 61491
3116 61266
3117 61453
3118 61510
3119 61495
3120 61551
3121 61536
3122 61375
3123 61416
3124 61263
3125 61155
3126 61305
3127 61289
3128 61508
3129 61624
3130 61101
3131 61073
3132 61226
3133 61142
3134 61410
3135 61146
3136 61069
3137 61091
3138 61398
3139 60851
3140 61163
3141 60770
3142 60778
3143 60964
3144 60775
3145 61075
3146 61284
3147 61539
3148 60926
3149 61768
3150 61539
3151 60731
3152 61470
3153 60928
3154 61596
3155 61270
3156 61281
3157 61554
3158 61104
3159 61177
3160 61503
3161 61415
3162 61759
3163 61587
3164 61773
3165 61582
3166 61474
3167 61537
3168 61960
3169 61752
3170 62004
3171 61830
3172 61762
3173 61514
3174 61889
3175 61709
3176 62012
3177 62088
3178 61843
3179 61793
3180 61446
3181 62030
3182 62010
3183 62260
3184 62274
3185 62274
3186 61978
3187 61991
3188 61760
3189 61880
3190 62208
3191 62398
3192 61789
3193 62180
3194 62107
3195 62322
3196 62326
3197 62425
3198 62287
3199 62444
3200 62073
3201 62157
3202 62189
3203 62024
3204 62076
3205 62008
3206 61916
3207 61770
3208 62367
3209 61609
3210 62161
3211 61868
3212 62102
3213 61609
3214 61758
3215 62047
3216 62187
3217 61922
3218 61364
3219 61938
3220 62040
3221 62270
3222 62215
3223 61284
3224 62117
3225 61823
3226 62213
3227 61509
3228 61790
3229 61725
3230 61626
3231 61153
3232 61516
3233 61644
3234 61438
3235 61543
3236 61677
3237 61283
3238 61716
3239 61196
3240 61491
3241 61158
3242 61097
3243 61417
3244 61488
3245 61353
3246 61589
3247 61744
3248 61565
3249 61514
3250 61475
3251 61698
3252 61734
3253 61303
3254 61417
3255 62081
3256 61858
3257 61916
3258 61718
3259 62019
3260 61697
3261 61488
3262 61786
3263 61675
3264 61721
3265 61901
3266 62143
3267 61958
3268 61576
3269 62011
3270 62175
3271 61917
3272 61678
3273 62059
3274 61965
3275 62134
3276 61516
3277 62008
3278 61927
3279 61769
3280 62232
3281 62711
3282 62300
3283 62347
3284 61880
3285 62042
3286 62230
3287 62146
3288 62501
3289 62453
3290 62510
3291 62830
3292 62637
3293 62268
3294 62154
3295 62165
3296 62171
3297 62740
3298 62685
3299 62499
3300 62511
3301 62514
3302 62370
3303 61990
3304 62645
3305 62283
3306 62080
3307 62198
3308 61954
3309 62186
3310 61364
3311 61883
3312 62022
3313 61799
3314 61796
3315 62077
3316 62035
3317 61983
3318 61931
3319 61819
3320 62021
3321 62280
3322 61692
3323 61686
3324 61708
3325 61900
3326 62605
3327 62236
3328 61778
3329 61790
3330 61704
3331 61715
3332 61955
3333 61674
3334 61865
3335 61496
3336 61679
3337 61444
3338 61723
3339 61581
3340 61505
3341 61919
3342 61723
3343 61407
3344 61659
3345 61791
3346 61881
3347 61750
3348 62000
3349 61780
3350 61967
3351 61891
3352 61944
3353 62275
3354 62050
3355 61792
3356 62402
3357 61933
3358 62301
3359 61483
3360 62099
3361 62064
3362 62134
3363 62348
3364 61533
3365 62256
3366 61919
3367 61776
3368 62261
3369 62525
3370 62220
3371 62540
3372 62466
3373 62186
3374 62363
3375 62285
3376 62535
3377 62979
3378 62494
3379 62340
3380 62213
3381 62872
3382 61953
3383 62696
3384 63010
3385 62740
3386 62680
3387 62827
3388 62566
3389 62382
3390 62345
3391 62578
3392 62602
3393 62458
3394 62360
3395 62469
3396 62739
3397 62834
3398 62416
3399 62260
3400 62945
3401 62566
3402 61932
3403 62450
3404 62790
3405 62422
3406 62050
3407 62311
3408 62170
3409 62201
3410 62370
3411 62108
3412 62208
3413 62477
3414 62461
3415 62234
3416 62435
3417 62113
3418 62254
3419 62077
3420 62576
3421 62437
3422 62399
3423 61990
3424 61932
3425 62446
3426 62195
3427 62084
3428 62374
3429 62193
3430 61704
3431 62288
3432 61869
3433 61743
3434 61995
3435 61575
3436 62015
3437 62090
3438 61977
3439 61982
3440 62253
3441 62027
3442 62115
3443 61867
3444 61695
3445 61411
3446 62129
3447 61955
3448 62794
3449 61779
3450 61836
3451 62367
3452 62064
3453 61887
3454 61995
3455 62072
3456 62112
3457 62295
3458 62027
3459 62282
3460 61995
3461 62365
3462 62327
3463 62575
3464 61939
3465 62223
3466 62362
3467 62039
3468 62311
3469 62651
3470 62377
3471 62174
3472 63099
3473 62632
3474 62344
3475 62469
3476 62457
3477 62330
3478 62625
3479 62261
3480 62405
3481 62562
3482 62590
3483 62885
3484 62607
3485 62767
3486 62845
3487 62701
3488 62272
3489 62415
3490 62474
3491 62816
3492 62556
3493 62800
3494 62642
3495 62898
3496 62866
3497 62977
3498 62695
3499 62951
3500 62457
3501 62496
3502 62818
3503 62607
3504 62427
3505 62717
3506 62544
3507 62626
3508 63237
3509 62136
3510 62705
3511 62579
3512 62438
3513 62168
3514 62416
3515 62398
3516 62437
3517 62145
3518 62368
3519 62420
3520 62256
3521 62343
3522 62662
3523 62292
3524 62468
3525 62755
3526 61932
3527 62164
3528 62073
3529 62140
3530 62036
3531 61717
3532 62021
3533 62475
3534 62510
3535 62031
3536 62016
3537 62126
3538 61964
3539 61857
3540 61887
3541 62155
3542 61567
3543 61981
3544 62192
3545 61937
3546 62208
3547 62206
3548 62000
3549 62422
3550 62428
3551 62028
3552 62156
3553 61890
3554 62321
3555 62207
3556 62292
3557 62151
3558 62077
3559 62020
3560 62372
3561 62144
3562 62492
3563 62184
3564 62211
3565 62243
3566 62544
3567 62299
3568 62183
3569 62666
3570 62680
3571 62525
3572 62671
3573 62427
3574 62912
3575 62508
3576 62272
3577 62467
3578 62876
3579 62689
3580 62454
3581 62400
3582 62736
3583 62892
3584 62619
3585 62451
3586 62825
3587 62699
3588 63109
3589 62535
3590 62539
3591 62929
3592 62862
3593 62843
3594 62174
3595 62644
3596 63269
3597 62615
3598 62949
3599 62848
3600 62622
3601 62733
3602 62591
3603 62781
3604 62412
3605 62552
3606 61971
3607 62806
3608 62391
3609 62766
3610 62611
3611 62449
3612 62332
3613 62572
3614 62321
3615 62561
3616 62474
3617 62338
3618 62070
3619 62620
3620 62509
3621 61970
3622 62108
3623 62027
3624 62141
3625 62595
3626 62251
3627 62622
3628 62302
3629 62530
3630 62297
3631 62173
3632 62204
3633 61924
3634 61855
3635 62469
3636 61857
3637 62024
3638 62440
3639 61713
3640 61761
3641 62138
3642 61796
3643 61843
3644 61806
3645 61928
3646 61637
3647 61965
3648 61826
3649 62327
3650 62106
3651 62056
3652 62382
3653 61647
3654 62528
3655 62077
3656 62043
3657 62411
3658 62271
3659 61976
3660 62318
3661 62381
3662 62419
3663 62446
3664 62660
3665 62397
3666 62580
3667 62587
3668 62744
3669 62220
3670 62168
3671 62980
3672 62751
3673 62357
3674 62718
3675 62583
3676 62449
3677 62442
3678 62614
3679 62608
3680 62599
3681 62816
3682 62925
3683 62813
3684 63579
3685 62763
3686 62997
3687 62812
3688 62784
3689 63126
3690 62735
3691 62970
3692 62354
3693 62920
3694 62882
3695 62403
3696 62771
3697 62402
3698 62496
3699 62480
3700 62969
3701 62995
3702 62842
3703 62604
3704 62393
3705 62571
3706 62196
3707 62606
3708 62126
3709 62391
3710 61960
3711 62756
3712 62362
3713 62542
3714 61998
3715 62691
3716 62329
3717 61811
3718 62562
3719 62554
3720 62511
3721 62684
3722 62521
3723 61977
3724 62212
3725 61809
3726 62285
3727 62226
3728 62219
3729 62122
3730 62677
3731 61968
3732 62252
3733 62039
3734 62348
3735 62516
3736 62527
3737 62048
3738 61806
3739 62128
3740 61989
3741 62011
3742 61808
3743 62150
3744 62180
3745 61703
3746 61826
3747 62115
3748 61877
3749 61793
3750 62075
3751 62286
3752 62107
3753 61792
3754 62291
3755 62357
3756 62507
3757 62011
3758 62417
3759 62373
3760 62539
3761 62594
3762 62277
3763 62611
3764 62156
3765 62307
3766 62692
3767 62566
3768 62274
3769 62339
3770 62572
3771 62666
3772 62549
3773 62495
3774 62817
3775 62426
3776 62981
3777 62596
3778 62608
3779 62334
3780 62682
3781 63166
3782 62459
3783 62344
3784 62680
3785 62596
3786 62940
3787 62552
3788 62829
3789 62701
3790 63009
3791 62818
3792 62716
3793 62803
3794 62756
3795 62915
3796 62648
3797 62773
3798 62684
3799 62619
3800 62486
3801 62877
3802 62289
3803 62461
3804 62565
3805 62246
3806 62590
3807 61885
3808 62313
3809 61893
3810 62753
3811 62493
3812 62392
3813 62762
3814 62303
3815 62421
3816 62443
3817 62312
3818 62413
3819 62259
3820 61988
3821 62252
3822 62156
3823 62020
3824 61910
3825 62403
3826 62191
3827 62081
3828 62260
3829 62194
3830 62231
3831 62357
3832 61855
3833 62263
3834 62155
3835 62120
3836 61702
3837 62159
3838 62309
3839 62059
3840 62536
3841 62151
3842 61622
3843 62394
3844 62083
3845 62314
3846 61940
3847 62296
3848 61820
3849 62259
3850 62858
3851 62312
3852 62241
3853 62695
3854 61898
3855 62291
3856 62065
3857 62117
3858 62699
3859 62491
3860 62065
3861 62853
3862 61965
3863 62613
3864 62598
3865 62640
3866 62820
3867 62504
3868 62644
3869 62530
3870 62448
3871 62943
3872 62655
3873 62620
3874 62318
3875 62568
3876 62585
3877 62611
3878 62852
3879 62771
3880 62695
3881 62772
3882 62990
3883 63247
3884 62811
3885 62675
3886 62824
3887 62755
3888 63015
3889 62751
3890 62579
3891 62873
3892 63208
3893 62804
3894 62671
3895 62689
3896 62336
3897 63150
3898 62501
3899 62916
3900 63116
3901 62384
3902 62794
3903 62691
3904 62539
3905 62406
3906 62501
3907 62709
3908 62673
3909 62365
3910 62507
3911 62457
3912 62729
3913 62462
3914 62467
3915 62254
3916 62492
3917 62409
3918 62994
3919 62578
3920 62466
3921 62265
3922 62587
3923 62246
3924 61943
3925 62134
3926 62417
3927 62230
3928 62347
3929 62197
3930 62054
3931 61979
3932 62330
3933 62178
3934 62226
3935 61893
3936 62340
3937 61837
3938 61920
3939 61527
3940 61869
3941 62247
3942 61661
3943 62026
3944 62488
3945 62101
3946 62198
3947 62298
3948 62117
3949 61993
3950 62215
3951 62335
3952 61678
3953 62624
3954 62307
3955 62112
3956 62442
3957 62253
3958 62165
3959 62288
3960 62700
3961 62493
3962 62288
3963 62232
3964 62556
3965 62532
3966 62875
3967 62196
3968 62624
3969 62403
3970 62461
3971 62593
3972 62613
3973 62194
3974 62451
3975 62323
3976 62464
3977 62783
3978 62661
3979 62762
3980 62591
3981 62779
3982 62635
3983 62691
3984 62848
3985 62998
3986 63522
3987 62821
3988 62860
3989 63034
3990 63217
3991 62970
3992 62674
3993 63113
3994 62709
3995 62749
3996 62839
3997 62925
3998 63032
3999 62535
4000 63011
4001 62692
4002 62604
4003 62925
4004 62606
4005 62539
4006 62689
4007 62419
4008 62218
4009 62395
4010 62190
4011 62507
4012 62918
4013 62678
4014 62187
4015 62635
4016 62104
4017 62464
4018 62523
4019 62106
4020 62589
4021 62320
4022 62320
4023 62187
4024 62501
4025 62843
4026 62307
4027 62172
4028 62176
4029 62277
4030 61972
4031 61512
4032 62027
4033 61986
4034 61906
4035 61982
4036 62139
4037 61841
4038 62125
4039 62553
4040 62127
4041 62091
4042 61918
4043 62126
4044 62560
4045 62031
4046 61829
4047 61903
4048 61905
4049 62088
4050 62146
4051 62258
4052 61752
4053 62589
4054 62369
4055 62135
4056 62095
4057 61981
4058 62562
4059 62155
4060 62789
4061 62766
4062 62298
4063 62210
4064 62409
4065 62391
4066 62403
4067 62597
4068 62733
4069 62448
4070 62340
4071 62278
4072 62515
4073 62416
4074 62180
4075 62365
4076 62417
4077 62238
4078 62276
4079 62702
4080 62750
4081 63128
4082 62772
4083 62951
4084 62455
4085 62811
4086 62698
4087 62703
4088 62788
4089 62942
4090 63014
4091 62991
4092 62535
4093 62681
4094 62429
4095 62653
4096 62916
4097 62626
4098 62844
4099 62913
4100 62487
4101 62637
4102 62460
4103 62770
4104 62635
4105 62818
4106 62639
4107 62911
4108 62907
4109 62738
4110 62532
4111 62127
4112 62642
4113 62464
4114 62161
4115 62391
4116 62503
4117 62435
4118 62873
4119 62363
4120 62100
4121 62154
4122 62446
4123 62439
4124 62362
4125 62590
4126 62627
4127 62091
4128 62262
4129 61842
4130 62178
4131 62044
4132 62395
4133 62272
4134 62553
4135 62104
4136 62512
4137 62331
4138 62126
4139 62188
4140 62416
4141 61741
4142 62395
4143 62039
4144 62175
4145 61743
4146 61909
4147 62093
4148 61723
4149 62559
4150 62357
4151 62164
4152 62288
4153 61851
4154 62200
4155 61924
4156 62031
4157 61966
4158 62078
4159 61820
4160 62336
4161 62015
4162 62455
4163 62120
4164 62445
4165 62052
4166 62405
4167 62315
4168 62613
4169 62592
4170 62327
4171 62829
4172 62346
4173 62267
4174 62322
4175 62090
4176 62430
4177 62490
4178 62681
4179 62511
4180 62394
4181 62565
4182 62854
4183 62672
4184 62981
4185 62177
4186 62645
4187 62848
4188 62637
4189 62469
4190 62887
4191 62883
4192 62770
4193 62911
4194 62702
4195 62689
4196 62241
4197 62546
4198 62779
4199 62510
4200 62854
4201 62105
4202 62895
4203 62781
4204 62331
4205 62407
4206 62345
4207 61821
4208 62752
4209 62304
4210 62699
4211 62343
4212 62501
4213 62182
4214 62385
4215 62166
4216 62425
4217 61904
4218 62188
4219 62451
4220 62350
4221 61802
4222 62201
4223 62135
4224 62079
4225 62383
4226 62100
4227 62092
4228 62074
4229 61879
4230 61907
4231 62114
4232 62036
4233 62143
4234 61859
4235 61898
4236 62087
4237 62014
4238 62191
4239 61928
4240 61833
4241 61919
4242 61865
4243 62378
4244 61823
4245 61991
4246 62422
4247 62012
4248 62223
4249 61908
4250 62041
4251 62227
4252 61641
4253 62350
4254 62326
4255 61807
4256 62209
4257 62367
4258 62259
4259 62204
4260 62072
4261 62213
4262 62140
4263 62421
4264 62153
4265 62146
4266 62318
4267 62132
4268 62305
4269 61910
4270 62561
4271 62556
4272 62503
4273 62493
4274 62198
4275 62598
4276 62596
4277 62461
4278 62180
4279 62384
4280 62817
4281 62587
4282 62675
4283 62491
4284 62597
4285 62785
4286 62694
4287 62755
4288 62723
4289 62259
4290 62362
4291 62364
4292 62235
4293 62959
4294 63202
4295 62848
4296 62164
4297 62936
4298 62478
4299 62754
4300 62391
4301 62708
4302 62770
4303 62617
4304 62955
4305 62604
4306 62521
4307 62270
4308 62433
4309 62486
4310 62295
4311 62581
4312 62326
4313 62135
4314 62318
4315 62494
4316 62222
4317 62231
4318 62079
4319 62404
4320 62346
4321 62385
4322 62457
4323 61979
4324 62347
4325 62316
4326 62376
4327 62673
4328 62195
4329 62271
4330 62342
4331 62406
4332 62120
4333 62259
4334 61959
4335 62492
4336 62238
4337 62015
4338 62258
4339 62112
4340 61916
4341 62005
4342 61816
4343 62264
4344 62223
4345 62453
4346 62132
4347 62519
4348 62033
4349 62567
4350 62291
4351 62555
4352 62377
4353 62491
4354 62598
4355 62539
4356 62318
4357 62253
4358 62686
4359 62618
4360 62446
4361 62885
4362 62824
4363 62580
4364 62771
4365 62446
4366 62323
4367 62573
4368 62406
4369 62343
4370 62894
4371 62227
4372 62774
4373 62661
4374 62728
4375 62795
4376 63182
4377 62924
4378 62568
4379 62257
4380 63041
4381 62449
4382 62951
4383 62919
4384 62820
4385 62697
4386 62967
4387 63004
4388 63027
4389 63092
4390 62917
4391 63032
4392 62650
4393 63072
4394 62935
4395 62922
4396 62790
4397 62519
4398 63136
4399 62932
4400 63086
4401 63116
4402 62915
4403 62916
4404 62594
4405 62987
4406 62551
4407 63014
4408 62349
4409 62522
4410 62690
4411 62453
4412 63039
4413 62464
4414 62626
4415 62454
4416 63286
4417 62563
4418 62250
4419 62813
4420 62714
4421 62435
4422 62415
4423 62678
4424 61890
4425 62391
4426 62222
4427 62472
4428 62626
4429 62112
4430 62493
4431 62612
4432 62264
4433 62241
4434 62306
4435 62589
4436 62232
4437 62383
4438 62058
4439 62239
4440 62156
4441 61853
4442 62336
4443 62477
4444 62271
4445 62213
4446 61995
4447 62658
4448 62287
4449 62308
4450 62740
4451 62905
4452 62218
4453 62602
4454 62400
4455 62305
4456 62461
4457 62160
4458 62499
4459 62339
4460 62599
4461 62492
4462 62519
4463 62562
4464 62287
4465 62362
4466 62706
4467 62608
4468 62586
4469 62292
4470 62449
4471 62106
4472 62325
4473 62781
4474 62525
4475 62890
4476 62509
4477 62849
4478 63036
4479 62457
4480 62844
4481 62505
4482 62560
4483 63057
4484 62623
4485 62757
4486 62816
4487 62695
4488 63146
4489 62743
4490 63008
4491 62800
4492 62899
4493 62932
4494 62419
4495 63012
4496 63023
4497 62887
4498 62585
4499 62756
4500 62644
4501 62645
4502 62241
4503 62612
4504 62454
4505 62552
4506 62839
4507 62617
4508 62931
4509 62422
4510 62610
4511 62492
4512 62561
4513 62347
4514 62561
4515 62642
4516 62463
4517 62488
4518 62204
4519 62437
4520 62599
4521 62626
4522 62292
4523 62619
4524 62392
4525 62321
4526 62812
4527 62367
4528 62113
4529 62741
4530 62524
4531 62352
4532 62502
4533 62299
4534 62256
4535 62396
4536 61949
4537 62749
4538 62268
4539 62251
4540 62283
4541 62347
4542 62432
4543 62293
4544 62148
4545 62305
4546 62436
4547 62417
4548 62355
4549 62758
4550 62104
4551 62031
4552 62440
4553 62194
4554 62248
4555 62458
4556 62235
4557 62360
4558 62654
4559 62729
4560 62354
4561 62308
4562 62076
4563 62461
4564 62961
4565 62376
4566 62547
4567 62454
4568 62765
4569 62534
4570 62659
4571 62900
4572 62713
4573 62784
4574 62734
4575 62594
4576 62886
4577 62668
4578 63226
4579 62613
4580 62651
4581 62916
4582 62754
4583 62775
4584 62479
4585 63146
4586 62985
4587 62447
4588 63030
4589 63061
4590 63286
4591 62948
4592 62711
4593 62726
4594 63019
4595 63389
4596 62898
4597 62700
4598 62899
4599 62601
4600 62865
4601 63362
4602 62647
4603 62832
4604 63160
4605 62383
4606 62889
4607 62776
4608 62653
4609 62638
4610 62471
4611 62601
4612 62801
4613 62823
4614 62889
4615 62850
4616 62775
4617 62686
4618 62614
4619 62435
4620 62542
4621 62726
4622 62711
4623 62287
4624 62284
4625 62733
4626 62233
4627 62921
4628 62597
4629 62522
4630 62324
4631 62653
4632 62871
4633 62336
4634 62183
4635 62434
4636 62447
4637 62298
4638 62173
4639 62396
4640 62441
4641 62551
4642 62375
4643 62503
4644 62118
4645 62649
4646 62622
4647 62429
4648 62184
4649 62262
4650 62479
4651 62696
4652 62431
4653 62420
4654 62627
4655 62327
4656 62502
4657 62611
4658 62600
4659 62357
4660 62438
4661 62485
4662 62845
4663 62302
4664 62615
4665 62620
4666 62634
4667 62706
4668 63009
4669 63065
4670 62610
4671 62704
4672 62622
4673 62614
4674 62671
4675 63155
4676 62772
4677 62594
4678 63248
4679 62870
4680 63042
4681 62968
4682 63415
4683 62969
4684 63605
4685 63061
4686 63719
4687 62660
4688 63156
4689 62997
4690 62839
4691 63307
4692 63153
4693 62711
4694 63376
4695 62917
4696 62812
4697 62909
4698 63193
4699 63088
4700 63005
4701 63351
4702 63098
4703 62885
4704 62725
4705 62922
4706 63126
4707 62645
4708 62808
4709 62847
4710 62325
4711 62859
4712 63040
4713 63036
4714 62351
4715 62942
4716 62859
4717 62443
4718 62809
4719 62558
4720 62334
4721 62764
4722 63034
4723 62752
4724 62625
4725 62294
4726 62516
4727 62601
4728 62936
4729 62346
4730 62597
4731 62493
4732 62944
4733 62604
4734 62762
4735 62370
4736 62245
4737 62513
4738 62259
4739 62521
4740 62514
4741 62384
4742 62426
4743 62188
4744 62520
4745 62588
4746 62424
4747 62461
4748 62194
4749 62930
4750 62461
4751 62831
4752 62447
4753 62371
4754 62729
4755 62727
4756 62913
4757 62767
4758 62606
4759 62401
4760 62623
4761 62749
4762 62806
4763 63014
4764 63209
4765 63104
4766 62720
4767 62977
4768 63117
4769 62806
4770 62977
4771 62953
4772 63044
4773 62707
4774 63260
4775 63136
4776 63309
4777 63148
4778 63033
4779 63054
4780 63373
4781 63391
4782 63594
4783 62996
4784 63390
4785 63202
4786 63616
4787 63338
4788 62933
4789 63340
4790 63294
4791 63710
4792 62783
4793 63290
4794 63075
4795 62997
4796 63115
4797 63360
4798 62857
4799 63242
4800 62852
4801 63358
4802 63117
4803 63091
4804 63058
4805 63281
4806 62874
4807 63274
4808 62909
4809 62827
4810 62657
4811 63348
4812 63157
4813 63070
4814 63030
4815 62962
4816 62886
4817 63210
4818 63423
4819 63249
4820 63242
4821 63277
4822 63077
4823 63249
4824 63171
4825 63387
4826 62818
4827 63444
4828 63126
4829 62863
4830 63224
4831 63076
4832 63395
4833 62575
4834 63085
4835 63315
4836 62722
4837 62515
4838 62663
4839 62637
4840 62734
4841 62991
4842 62890
4843 63044
4844 62865
4845 62828
4846 62910
4847 63203
4848 62834
4849 63186
4850 63158
4851 63347
4852 63089
4853 63201
4854 63256
4855 62639
4856 62819
4857 62617
4858 62737
4859 62864
4860 62473
4861 62736
4862 63019
4863 62743
4864 62580
4865 62433
4866 62330
4867 62694
4868 63234
4869 62284
4870 62840
4871 62644
4872 62964
4873 62782
4874 62320
4875 63181
4876 62803
4877 62877
4878 62603
4879 62688
4880 62950
4881 62733
4882 63002
4883 62719
4884 62827
4885 62922
4886 62735
4887 63115
4888 63126
4889 62887
4890 62840
4891 63036
4892 62800
4893 63094
4894 62740
4895 62873
4896 63016
4897 62929
4898 62812
4899 63017
4900 62694
4901 62740
4902 63073
4903 62570
4904 62855
4905 62844
4906 62907
4907 62526
4908 62784
4909 62307
4910 62459
4911 62592
4912 62393
4913 62673
4914 62862
4915 62976
4916 62434
4917 62648
4918 62114
4919 62422
4920 62510
4921 62488
4922 63049
4923 62402
4924 62352
4925 62740
4926 62411
4927 62763
4928 62289
4929 62221
4930 62375
4931 62209
4932 62476
4933 61864
4934 62059
4935 62184
4936 62245
4937 62052
4938 62113
4939 62124
4940 62203
4941 62251
4942 62050
4943 62512
4944 62581
4945 62477
4946 62422
4947 62559
4948 62020
4949 62235
4950 62222
4951 62448
4952 62616
4953 62393
4954 62404
4955 62624
4956 62286
4957 62399
4958 62496
4959 62476
4960 62792
4961 62522
4962 62233
4963 62281
4964 62484
4965 62445
4966 62525
4967 63006
4968 62600
4969 62286
4970 62576
4971 62613
4972 62498
4973 62512
4974 62476
4975 62743
4976 62636
4977 62949
4978 62303
4979 62751
4980 63091
4981 63057
4982 63041
4983 62605
4984 63133
4985 62737
4986 62906
4987 62915
4988 63064
4989 63054
4990 62627
4991 63093
4992 62945
4993 62862
4994 63247
4995 62950
4996 62924
4997 63083
4998 63132
4999 62888
5000 63046
5001 62695
5002 62969
5003 62810
5004 62614
5005 62664
5006 62746
5007 62930
5008 62742
5009 62870
5010 62792
5011 62569
5012 62387
5013 62614
5014 62815
5015 62598
5016 62858
5017 62353
5018 62663
5019 62758
5020 62534
5021 62391
5022 62394
5023 62629
5024 62484
5025 62590
5026 62447
5027 62739
5028 62460
5029 62675
5030 62433
5031 62549
5032 61933
5033 61816
5034 62562
5035 62353
5036 62526
5037 62461
5038 62276
5039 62552
5040 62020
5041 62467
5042 62427
5043 62429
5044 62285
5045 62027
5046 61924
5047 62273
5048 62186
5049 62369
5050 61737
5051 62141
5052 62132
5053 61709
5054 62162
5055 62583
5056 62375
5057 62377
5058 61828
5059 61911
5060 62218
5061 62485
5062 62078
5063 62182
5064 62059
5065 62020
5066 62170
5067 62103
5068 62467
5069 62235
5070 62195
5071 62536
5072 62111
5073 61934
5074 62692
5075 62564
5076 62184
5077 61978
5078 62343
5079 61978
5080 62227
5081 61829
5082 61867
5083 62054
5084 61863
5085 62278
5086 62162
5087 62616
5088 62216
5089 62182
5090 62237
5091 62574
5092 62356
5093 62447
5094 61971
5095 62130
5096 62220
5097 62489
5098 62261
5099 61799
5100 61955
5101 62033
5102 62211
5103 61797
5104 62257
5105 62267
5106 61996
5107 61689
5108 62169
5109 61901
5110 61878
5111 61692
5112 61602
5113 61925
5114 61529
5115 61713
5116 62124
5117 61932
5118 61302
5119 61919
5120 61648
5121 61276
5122 61899
5123 61551
5124 61385
5125 61830
5126 61476
5127 61545
5128 61496
5129 61202
5130 61484
5131 61556
5132 61458
5133 61517
5134 61473
5135 61174
5136 61508
5137 61495
5138 61399
5139 61539
5140 61577
5141 61655
5142 61402
5143 61171
5144 61898
5145 61600
5146 61508
5147 61495
5148 61349
5149 61697
5150 61834
5151 61632
5152 61150
5153 61678
5154 61562
5155 61998
5156 61844
5157 62265
5158 61835
5159 62018
5160 61740
5161 62111
5162 61899
5163 62043
5164 62004
5165 62323
5166 61906
5167 61543
5168 62093
5169 62030
5170 62159
5171 62208
5172 62296
5173 61865
5174 62017
5175 62159
5176 62529
5177 62313
5178 62282
5179 62445
5180 62300
5181 62002
5182 62363
5183 62751
5184 62219
5185 62314
5186 62388
5187 62687
5188 62415
5189 62203
5190 62766
5191 62775
5192 62703
5193 62543
5194 62734
5195 62442
5196 62696
5197 62561
5198 62373
5199 62152
5200 62447
5201 62225
5202 62377
5203 62251
5204 62353
5205 62465
5206 62255
5207 62555
5208 62211
5209 62460
5210 62398
5211 62227
5212 62236
5213 62201
5214 62143
5215 61967
5216 62217
5217 62479
5218 62070
5219 61894
5220 62192
5221 61918
5222 62605
5223 62295
5224 62192
5225 61992
5226 62054
5227 62360
5228 62217
5229 62059
5230 61928
5231 61755
5232 62176
5233 62033
5234 61991
5235 61849
5236 61788
5237 62192
5238 62208
5239 61698
5240 61838
5241 62162
5242 61961
5243 62236
5244 61984
5245 61676
5246 62578
5247 62031
5248 62191
5249 61855
5250 62119
5251 62066
5252 62623
5253 62098
5254 62151
5255 62669
5256 61911
5257 62064
5258 62145
5259 62081
5260 61996
5261 62151
5262 62012
5263 62573
5264 62210
5265 62382
5266 62286
5267 62462
5268 62458
5269 62419
5270 62554
5271 62275
5272 62377
5273 62835
5274 62287
5275 62546
5276 62597
5277 62460
5278 62300
5279 62395
5280 62536
5281 62430
5282 62522
5283 62169
5284 62738
5285 62594
5286 62607
5287 62685
5288 62743
5289 62958
5290 62758
5291 62922
5292 62652
5293 62643
5294 62530
5295 62341
5296 62628
5297 62586
5298 62825
5299 62685
5300 62560
5301 62440
5302 62481
5303 62451
5304 62270
5305 62477
5306 62598
5307 62161
5308 62754
5309 62252
5310 62599
5311 62424
5312 62187
5313 62287
5314 62040
5315 62446
5316 62394
5317 62228
5318 62082
5319 61786
5320 62023
5321 62106
5322 62263
5323 62300
5324 62596
5325 62113
5326 61868
5327 62084
5328 61869
5329 61858
5330 62100
5331 61943
5332 61888
5333 61853
5334 61959
5335 61473
5336 62248
5337 61788
5338 61791
5339 61808
5340 62035
5341 61605
5342 61718
5343 61979
5344 61878
5345 61838
5346 61657
5347 62131
5348 62286
5349 62172
5350 62086
5351 61680
5352 62032
5353 62008
5354 61974
5355 61717
5356 61668
5357 61832
5358 62253
5359 62173
5360 61978
5361 61776
5362 61899
5363 61934
5364 62075
5365 62224
5366 61885
5367 62160
5368 61985
5369 61916
5370 62035
5371 62143
5372 62031
5373 62199
5374 62227
5375 62395
5376 61958
5377 62740
5378 62658
5379 62266
5380 62178
5381 62482
5382 62548
5383 62244
5384 62192
5385 62071
5386 62795
5387 62473
5388 62073
5389 62301
5390 62550
5391 62631
5392 62665
5393 62284
5394 62527
5395 62291
5396 62863
5397 61928
5398 62086
5399 62366
5400 62509
5401 61745
5402 62325
5403 62560
5404 62411
5405 62024
5406 62281
5407 62336
5408 62404
5409 62328
5410 62227
5411 62456
5412 62055
5413 62327
5414 62176
5415 62117
5416 62052
5417 62173
5418 62024
5419 61924
5420 61633
5421 62510
5422 62094
5423 62051
5424 61727
5425 61654
5426 62008
5427 61844
5428 61411
5429 62109
5430 61716
5431 61393
5432 61840
5433 61839
5434 62168
5435 61864
5436 61447
5437 61961
5438 61617
5439 61905
5440 61499
5441 61445
5442 61807
5443 61669
5444 61516
5445 61670
5446 61327
5447 61786
5448 61797
5449 61713
5450 61802
5451 61910
5452 62033
5453 62038
5454 61910
5455 61916
5456 61935
5457 61738
5458 61940
5459 62176
5460 62149
5461 62407
5462 62461
5463 62100
5464 61815
5465 62096
5466 62180
5467 61971
5468 61993
5469 62286
5470 62469
5471 61848
5472 62409
5473 62117
5474 62590
5475 62102
5476 62281
5477 63008
5478 62435
5479 62152
5480 62261
5481 62465
5482 62028
5483 62690
5484 62221
5485 62466
5486 62251
5487 62363
5488 62250
5489 62135
5490 62509
5491 62545
5492 62521
5493 62071
5494 62689
5495 62407
5496 62187
5497 62016
5498 62557
5499 62422
5500 62206
5501 62156
5502 62230
5503 62357
5504 62179
5505 62559
5506 62107
5507 61903
5508 61962
5509 62383
5510 62248
5511 61937
5512 62218
5513 62010
5514 61967
5515 61985
5516 62103
5517 61889
5518 62087
5519 61656
5520 62060
5521 62069
5522 61613
5523 61661
5524 61811
5525 61864
5526 61913
5527 61827
5528 61811
5529 62330
5530 62318
5531 61685
5532 62314
5533 61608
5534 61608
5535 61634
5536 62019
5537 61785
5538 61931
5539 61845
5540 62006
5541 62098
5542 61670
5543 61664
5544 61604
5545 61835
5546 61837
5547 61801
5548 62064
5549 61830
5550 61717
5551 61691
5552 62222
5553 62030
5554 62167
5555 61825
5556 62011
5557 62275
5558 61848
5559 60785
5560 61928
5561 61983
5562 62108
5563 61848
5564 61736
5565 62003
5566 61996
5567 62162
5568 62733
5569 61998
5570 62246
5571 62168
5572 61917
5573 62332
5574 62331
5575 62315
5576 62054
5577 62315
5578 62749
5579 62193
5580 62303
5581 62065
5582 62558
5583 62552
5584 62417
5585 62159
5586 62731
5587 62489
5588 62617
5589 62508
5590 62582
5591 62539
5592 62678
5593 62804
5594 62496
5595 62709
5596 62337
5597 62519
5598 62567
5599 62477
5600 62520
5601 61973
5602 62621
5603 62645
5604 62558
5605 62276
5606 62347
5607 62659
5608 62582
5609 61979
5610 62219
5611 62257
5612 61736
5613 62289
5614 62227
5615 62380
5616 62142
5617 62242
5618 61987
5619 62016
5620 62045
5621 62213
5622 62176
5623 62305
5624 62102
5625 61654
5626 62349
5627 62430
5628 62083
5629 62322
5630 62214
5631 61840
5632 62048
5633 61953
5634 61693
5635 62074
5636 62208
5637 62245
5638 61619
5639 61911
5640 62375
5641 61755
5642 61936
5643 61474
5644 61664
5645 61941
5646 62098
5647 61467
5648 61595
5649 62140
5650 62158
5651 61560
5652 62306
5653 62042
5654 62250
5655 61922
5656 61710
5657 62024
5658 62183
5659 62318
5660 61977
5661 61801
5662 62155
5663 62538
5664 61956
5665 62261
5666 62181
5667 62094
5668 62530
5669 62869
5670 62615
5671 62006
5672 62332
5673 62481
5674 62568
5675 62492
5676 62522
5677 62531
5678 62462
5679 62727
5680 62556
5681 62367
5682 62594
5683 62716
5684 63071
5685 63053
5686 62880
5687 62919
5688 62318
5689 62737
5690 62744
5691 62436
5692 62339
5693 62622
5694 62198
5695 62653
5696 62305
5697 62453
5698 62391
5699 62842
5700 62529
5701 62015
5702 62396
5703 62626
5704 62526
5705 62038
5706 62100
5707 62921
5708 62548
5709 62449
5710 62285
5711 62007
5712 62496
5713 62663
5714 62175
5715 62854
5716 62631
5717 62432
5718 62096
5719 62688
5720 62229
5721 62061
5722 62429
5723 62240
5724 62169
5725 62366
5726 61981
5727 62785
5728 61977
5729 61983
5730 62455
5731 61730
5732 62104
5733 62169
5734 62169
5735 62117
5736 61886
5737 62115
5738 62146
5739 61689
5740 62226
5741 61737
5742 62045
5743 62376
5744 62395
5745 62037
5746 61935
5747 62000
5748 62122
5749 62065
5750 62121
5751 62412
5752 62301
5753 62018
5754 62297
5755 62173
5756 62143
5757 62231
5758 62495
5759 62596
5760 62616
5761 62677
5762 62716
5763 62438
5764 62656
5765 62587
5766 62651
5767 62410
5768 62382
5769 62800
5770 62709
5771 62684
5772 63063
5773 62748
5774 62937
5775 62904
5776 62946
5777 63115
5778 62761
5779 63124
5780 62549
5781 62910
5782 63021
5783 63196
5784 62996
5785 62935
5786 63541
5787 62702
5788 62974
5789 62862
5790 62529
5791 62729
5792 63213
5793 63239
5794 62789
5795 62721
5796 63148
5797 62939
5798 63354
5799 62702
5800 63248
5801 62620
5802 62700
5803 62713
5804 63020
5805 62896
5806 62411
5807 62602
5808 62903
5809 62881
5810 62927
5811 62950
5812 62849
5813 62791
5814 62844
5815 62687
5816 62375
5817 62574
5818 62618
5819 62507
5820 62428
5821 62366
5822 62361
5823 62312
5824 62736
5825 62288
5826 62604
5827 62475
5828 62922
5829 62795
5830 62885
5831 62116
5832 62151
5833 62559
5834 62355
5835 62331
5836 62527
5837 62554
5838 62069
5839 62490
5840 62261
5841 62416
5842 62318
5843 62307
5844 62386
5845 62264
5846 61993
5847 62325
5848 62143
5849 62134
5850 62050
5851 62059
5852 62690
5853 62210
5854 62517
5855 62042
5856 62254
5857 62402
5858 62350
5859 62447
5860 61759
5861 62449
5862 62214
5863 62497
5864 62889
5865 62140
5866 62643
5867 62336
5868 62642
5869 62396
5870 62385
5871 62204
5872 62693
5873 62288
5874 62528
5875 62442
5876 62470
5877 62120
5878 62531
5879 62555
5880 62607
5881 62486
5882 62680
5883 62604
5884 62606
5885 62220
5886 62932
5887 62665
5888 62437
5889 62532
5890 62726
5891 62773
5892 62714
5893 62882
5894 62615
5895 62530
5896 62212
5897 62982
5898 62827
5899 62356
5900 62121
5901 62451
5902 62485
5903 62627
5904 62476
5905 63004
5906 61906
5907 62484
5908 62524
5909 62725
5910 62335
5911 62224
5912 62415
5913 62203
5914 62580
5915 62362
5916 62522
5917 62137
5918 62503
5919 62054
5920 62208
5921 62365
5922 62232
5923 62171
5924 62396
5925 62031
5926 62246
5927 61907
5928 62381
5929 62256
5930 62000
5931 62178
5932 62401
5933 62065
5934 62176
5935 62145
5936 62040
5937 62025
5938 62122
5939 61869
5940 61856
5941 62011
5942 62026
5943 61364
5944 61978
5945 61885
5946 61967
5947 62152
5948 61838
5949 62267
5950 62009
5951 62377
5952 62374
5953 62064
5954 61637
5955 62057
5956 61886
5957 61908
5958 62229
5959 62040
5960 61927
5961 61940
5962 62093
5963 62414
5964 62406
5965 62084
5966 62459
5967 62493
5968 62350
5969 62150
5970 62697
5971 62076
5972 62335
5973 62500
5974 62484
5975 62509
5976 62377
5977 62664
5978 62407
5979 62861
5980 62726
5981 62401
5982 63051
5983 62476
5984 62297
5985 62575
5986 62760
5987 62692
5988 62807
5989 62789
5990 62500
5991 62858
5992 62862
5993 62519
5994 62733
5995 62718
5996 62639
5997 62390
5998 62668
5999 62436
6000 62581
6001 62648
6002 62977
6003 62141
6004 61922
6005 62264
6006 62849
6007 62478
6008 62625
6009 61985
6010 61775
6011 62641
6012 62565
6013 62321
6014 62003
6015 62255
6016 62467
6017 62164
6018 62027
6019 62569
6020 62348
6021 62573
6022 62204
6023 61739
6024 62319
6025 62252
6026 62013
6027 61661
6028 61841
6029 62219
6030 62349
6031 62347
6032 62718
6033 62134
6034 62263
6035 62115
6036 62157
6037 62141
6038 62349
6039 61803
6040 62042
6041 62325
6042 61809
6043 62035
6044 62464
6045 61768
6046 62094
6047 61952
6048 61878
6049 62088
6050 61927
6051 61806
6052 61764
6053 62219
6054 62008
6055 62107
6056 62095
6057 62481
6058 62319
6059 62835
6060 61979
6061 62163
6062 62206
6063 62144
6064 62187
6065 62228
6066 62384
6067 62465
6068 62067
6069 62338
6070 62466
6071 62121
6072 62622
6073 62104
6074 62737
6075 62193
6076 62260
6077 62696
6078 62285
6079 62404
6080 62610
6081 62177
6082 62681
6083 62551
6084 62525
6085 62563
6086 62618
6087 62705
6088 63108
6089 62708
6090 62696
6091 63015
6092 62407
6093 62556
6094 62555
6095 62798
6096 62541
6097 62821
6098 62476
6099 62509
6100 62186
6101 62293
6102 62539
6103 62215
6104 62543
6105 62701
6106 61957
6107 62472
6108 62671
6109 62213
6110 62424
6111 62629
6112 62639
6113 62182
6114 62273
6115 62681
6116 62250
6117 62306
6118 62101
6119 62398
6120 61979
6121 62470
6122 61696
6123 62032
6124 62118
6125 62095
6126 62106
6127 62039
6128 61729
6129 61713
6130 61969
6131 62358
6132 62319
6133 61398
6134 61805
6135 61421
6136 61959
6137 61956
6138 61810
6139 61664
6140 61704
6141 61474
6142 61985
6143 62102
6144 62086
6145 61510
6146 61832
6147 61990
6148 61714
6149 61858
6150 61771
6151 61957
6152 61803
6153 62469
6154 62229
6155 61932
6156 62056
6157 61869
6158 62242
6159 62118
6160 62160
6161 61952
6162 62252
6163 62085
6164 62167
6165 62341
6166 62000
6167 62187
6168 62507
6169 62535
6170 62557
6171 62341
6172 62113
6173 62430
6174 62308
6175 62117
6176 62288
6177 62836
6178 62424
6179 62137
6180 62328
6181 62661
6182 62643
6183 62620
6184 62665
6185 62590
6186 62622
6187 62343
6188 62838
6189 62671
6190 62678
6191 62380
6192 62817
6193 62312
6194 62664
6195 62592
6196 62162
6197 62583
6198 62274
6199 62477
6200 62565
6201 62415
6202 62276
6203 62211
6204 62060
6205 62415
6206 62767
6207 62120
6208 62824
6209 61803
6210 62191
6211 62065
6212 62249
6213 62201
6214 62288
6215 62246
6216 62178
6217 62199
6218 61986
6219 62053
6220 62185
6221 62391
6222 62811
6223 61865
6224 62056
6225 61740
6226 62244
6227 61996
6228 62331
6229 61995
6230 61995
6231 61759
6232 61702
6233 61965
6234 61779
6235 61859
6236 61972
6237 61708
6238 61980
6239 61669
6240 61404
6241 61913
6242 61984
6243 62268
6244 61837
6245 62154
6246 61688
6247 61842
6248 62144
6249 61916
6250 62296
6251 62138
6252 62236
6253 62075
6254 62311
6255 62165
6256 62225
6257 61720
6258 61875
6259 62207
6260 61860
6261 61884
6262 62332
6263 61871
6264 61958
6265 62190
6266 62118
6267 62553
6268 61799
6269 62278
6270 61894
6271 62556
6272 62275
6273 62004
6274 62814
6275 62643
6276 62335
6277 62520
6278 62211
6279 62184
6280 62682
6281 62138
6282 62431
6283 62576
6284 62399
6285 62101
6286 62532
6287 62310
6288 62485
6289 62230
6290 62855
6291 61729
6292 62698
6293 62040
6294 62151
6295 62125
6296 62474
6297 62402
6298 62401
6299 62330
6300 62394
6301 62687
6302 62123
6303 62246
6304 62651
6305 62273
6306 62317
6307 62564
6308 62469
6309 62163
6310 62348
6311 61908
6312 62099
6313 62176
6314 61928
6315 61810
6316 62040
6317 61977
6318 61963
6319 61897
6320 61999
6321 62044
6322 61587
6323 61775
6324 62131
6325 61807
6326 61870
6327 61914
6328 61786
6329 61835
6330 61964
6331 62011
6332 61620
6333 61811
6334 61310
6335 61489
6336 61603
6337 61458
6338 61459
6339 62032
6340 61452
6341 61427
6342 61796
6343 62015
6344 61827
6345 61710
6346 61610
6347 61629
6348 61382
6349 61382
6350 61669
6351 61389
6352 61945
6353 61847
6354 61832
6355 61436
6356 61873
6357 61744
6358 61728
6359 61636
6360 61311
6361 62017
6362 62139
6363 62192
6364 61681
6365 62001
6366 62181
6367 62059
6368 61813
6369 62157
6370 61480
6371 61711
6372 61532
6373 62303
6374 62025
6375 62111
6376 61783
6377 62069
6378 62352
6379 62105
6380 61853
6381 62104
6382 62299
6383 61850
6384 61768
6385 61774
6386 61976
6387 61975
6388 62211
6389 61914
6390 62043
6391 61949
6392 62188
6393 61843
6394 61787
6395 61934
6396 61855
6397 61867
6398 62020
6399 61785
6400 61611
6401 61913
6402 61769
6403 62119
6404 61587
6405 61968
6406 61680
6407 61606
6408 61284
6409 61728
6410 62159
6411 61696
6412 61264
6413 61633
6414 61901
6415 61484
6416 61811
6417 61175
6418 61629
6419 61906
6420 61591
6421 61575
6422 62068
6423 61648
6424 61383
6425 61415
6426 61586
6427 61797
6428 61468
6429 61329
6430 61284
6431 61234
6432 61637
6433 61105
6434 61345
6435 61409
6436 61718
6437 61834
6438 61576
6439 61519
6440 61758
6441 61164
6442 61136
6443 61195
6444 61533
6445 61567
6446 61107
6447 61185
6448 61772
6449 60796
6450 61200
6451 61322
6452 61683
6453 61632
6454 61213
6455 61679
6456 61548
6457 61800
6458 61795
6459 61510
6460 61649
6461 61688
6462 61904
6463 61935
6464 61774
6465 62240
6466 61887
6467 62068
6468 61778
6469 61982
6470 62009
6471 61773
6472 61641
6473 61511
6474 62090
6475 62179
6476 61849
6477 62116
6478 62153
6479 62186
6480 62398
6481 62321
6482 61878
6483 61897
6484 62030
6485 62160
6486 61705
6487 62306
6488 61928
6489 62297
6490 62296
6491 62005
6492 62762
6493 61861
6494 62465
6495 62281
6496 62473
6497 62178
6498 62338
6499 62171
6500 62253
6501 62207
6502 62390
6503 62440
6504 61998
6505 62031
6506 62235
6507 61987
6508 62468
6509 62048
6510 62357
6511 62111
6512 62151
6513 62396
6514 62109
6515 62240
6516 62358
6517 62778
6518 62164
6519 62165
6520 62568
6521 61934
6522 62237
6523 62386
6524 62376
6525 62144
6526 62302
6527 61984
6528 62119
6529 62421
6530 62229
6531 62096
6532 62624
6533 62134
6534 62207
6535 62409
6536 62361
6537 61816
6538 61981
6539 62053
6540 61907
6541 61862
6542 61953
6543 61809
6544 61836
6545 62829
6546 62182
6547 62141
6548 61982
6549 62216
6550 62406
6551 62163
6552 62764
6553 62235
6554 62718
6555 62420
6556 62304
6557 62607
6558 62375
6559 62586
6560 62277
6561 62332
6562 62467
6563 62228
6564 62619
6565 62539
6566 62336
6567 62571
6568 62864
6569 62555
6570 62812
6571 62170
6572 62836
6573 63187
6574 62808
6575 62445
6576 62627
6577 62923
6578 62639
6579 63118
6580 62676
6581 62610
6582 62925
6583 63071
6584 62793
6585 62707
6586 62575
6587 62753
6588 62847
6589 62943
6590 62943
6591 62634
6592 62698
6593 62807
6594 63316
6595 63133
6596 62295
6597 63011
6598 62855
6599 62425
6600 62927
6601 62533
6602 62372
6603 62637
6604 62675
6605 63015
6606 62428
6607 62670
6608 62682
6609 62776
6610 62784
6611 62724
6612 62886
6613 62515
6614 62909
6615 62525
6616 62651
6617 63109
6618 62393
6619 62564
6620 62579
6621 62980
6622 62537
6623 62290
6624 62360
6625 62809
6626 62828
6627 62425
6628 62489
6629 62340
6630 62190
6631 62612
6632 62057
6633 62344
6634 62311
6635 62389
6636 62492
6637 62244
6638 62303
6639 62214
6640 62525
6641 62104
6642 62652
6643 62896
6644 62362
6645 62552
6646 62260
6647 62905
6648 62584
6649 62225
6650 62714
6651 62209
6652 62452
6653 62592
6654 62631
6655 62436
6656 62491
6657 62838
6658 62559
6659 62834
6660 62501
6661 62925
6662 62572
6663 62642
6664 62596
6665 62650
6666 62667
6667 62948
6668 63032
6669 62717
6670 62707
6671 62819
6672 62709
6673 63052
6674 62854
6675 62829
6676 62903
6677 62886
6678 63046
6679 63112
6680 63036
6681 62749
6682 62808
6683 62822
6684 63445
6685 62871
6686 62982
6687 63303
6688 63057
6689 63122
6690 63436
6691 63332
6692 63174
6693 62897
6694 63040
6695 63040
6696 62636
6697 62715
6698 63032
6699 62655
6700 62677
6701 62900
6702 62691
6703 62944
6704 62665
6705 63142
6706 62986
6707 62838
6708 62566
6709 62907
6710 62316
6711 62521
6712 62989
6713 62671
6714 62873
6715 62567
6716 63087
6717 62838
6718 63096
6719 62391
6720 62267
6721 62677
6722 62736
6723 62673
6724 62744
6725 62831
6726 62448
6727 62770
6728 62462
6729 62374
6730 62818
6731 62723
6732 62486
6733 62610
6734 62878
6735 62566
6736 62732
6737 62612
6738 62271
6739 62822
6740 62741
6741 61986
6742 62296
6743 62457
6744 62796
6745 62679
6746 62602
6747 62181
6748 62727
6749 62801
6750 62569
6751 62685
6752 62624
6753 62438
6754 62325
6755 62388
6756 62711
6757 62360
6758 63195
6759 62661
6760 62915
6761 62851
6762 62662
6763 62713
6764 62973
6765 63073
6766 62654
6767 63210
6768 62711
6769 62852
6770 62905
6771 62499
6772 63245
6773 63101
6774 62789
6775 63327
6776 62664
6777 62932
6778 62798
6779 62715
6780 62665
6781 62575
6782 62893
6783 62974
6784 62912
6785 63515
6786 63171
6787 63140
6788 62971
6789 63306
6790 63254
6791 63417
6792 63167
6793 62974
6794 63002
6795 63261
6796 62636
6797 63100
6798 63386
6799 62905
6800 63022
6801 63632
6802 62994
6803 63111
6804 62746
6805 63019
6806 62698
6807 62841
6808 62947
6809 62457
6810 63163
6811 62980
6812 62840
6813 62639
6814 62801
6815 62727
6816 62672
6817 62785
6818 62684
6819 62673
6820 62903
6821 63262
6822 62724
6823 62779
6824 62892
6825 62488
6826 62875
6827 62796
6828 62287
6829 63315
6830 62290
6831 62788
6832 63032
6833 63019
6834 62537
6835 62781
6836 62462
6837 62300
6838 62725
6839 62666
6840 62615
6841 63066
6842 62499
6843 62602
6844 62620
6845 62674
6846 62465
6847 62253
6848 62571
6849 63038
6850 62791
6851 62808
6852 62578
6853 62724
6854 62854
6855 62717
6856 62685
6857 62783
6858 63129
6859 62758
6860 62914
6861 62765
6862 62760
6863 62744
6864 62437
6865 62946
6866 63043
6867 62875
6868 63165
6869 62968
6870 62831
6871 63408
6872 62960
6873 63272
6874 62967
6875 63235
6876 63060
6877 63015
6878 62981
6879 63037
6880 63066
6881 62762
6882 63303
6883 63093
6884 63287
6885 63154
6886 62904
6887 63264
6888 63388
6889 63005
6890 62975
6891 63193
6892 62981
6893 62973
6894 63520
6895 63090
6896 63565
6897 63134
6898 62870
6899 63110
6900 63183
6901 62930
6902 62642
6903 62991
6904 63032
6905 63219
6906 62816
6907 63041
6908 63122
6909 62972
6910 63245
6911 62948
6912 62897
6913 62978
6914 63137
6915 63046
6916 63070
6917 62766
6918 62915
6919 62889
6920 62765
6921 62784
6922 62822
6923 62701
6924 62935
6925 62996
6926 62822
6927 62854
6928 62570
6929 62895
6930 62702
6931 63091
6932 63006
6933 62886
6934 62926
6935 62901
6936 62817
6937 62810
6938 62380
6939 62468
6940 63216
6941 62472
6942 62507
6943 62483
6944 62536
6945 62813
6946 62571
6947 62321
6948 63224
6949 63097
6950 62903
6951 62770
6952 62874
6953 62983
6954 62796
6955 63228
6956 62744
6957 62568
6958 62757
6959 62850
6960 63065
6961 63112
6962 62909
6963 62907
6964 62813
6965 62872
6966 63242
6967 62796
6968 63175
6969 63130
6970 63104
6971 63251
6972 63459
6973 63303
6974 62582
6975 63570
6976 63058
6977 63152
6978 62867
6979 63204
6980 63590
6981 63078
6982 63349
6983 63162
6984 63057
6985 63339
6986 63331
6987 63139
6988 64061
6989 63561
6990 63337
6991 63205
6992 63435
6993 63353
6994 63252
6995 63441
6996 63325
6997 63354
6998 63309
6999 63143
7000 63469
7001 62908
7002 63207
7003 63163
7004 63328
7005 63306
7006 63415
7007 63530
7008 63244
7009 63215
7010 63593
7011 63621
7012 63098
7013 63286
7014 63641
7015 63115
7016 63307
7017 63043
7018 63774
7019 63251
7020 63012
7021 63799
7022 63125
7023 62871
7024 63008
7025 62699
7026 63668
7027 62729
7028 62844
7029 63247
7030 63128
7031 62962
7032 63226
7033 62920
7034 63008
7035 62821
7036 63077
7037 62832
7038 63489
7039 62612
7040 63111
7041 63215
7042 63290
7043 62677
7044 63107
7045 63012
7046 63072
7047 63251
7048 62826
7049 63386
7050 63545
7051 63315
7052 63514
7053 63244
7054 63006
7055 63271
7056 62984
7057 63464
7058 63610
7059 63026
7060 63406
7061 63225
7062 62999
7063 62774
7064 63130
7065 63626
7066 63405
7067 63749
7068 63216
7069 63337
7070 63848
7071 63685
7072 63748
7073 63476
7074 63492
7075 63269
7076 63758
7077 63770
7078 63441
7079 63653
7080 63622
7081 63484
7082 63255
7083 63364
7084 63910
7085 63600
7086 63962
7087 63164
7088 63623
7089 63594
7090 63916
7091 63784
7092 63757
7093 63609
7094 63858
7095 63942
7096 63687
7097 63461
7098 64207
7099 63784
7100 63529
7101 63341
7102 63732
7103 63654
7104 63607
7105 63946
7106 63679
7107 63746
7108 63399
7109 63363
7110 63762
7111 63748
7112 63470
7113 63885
7114 63615
7115 63534
7116 63974
7117 63495
7118 63315
7119 63371
7120 63382
7121 63559
7122 63880
7123 62792
7124 63445
7125 63566
7126 63469
7127 63602
7128 63460
7129 64140
7130 63597
7131 63835
7132 63725
7133 63903
7134 63523
7135 62995
7136 63377
7137 63372
7138 64179
7139 63953
7140 63737
7141 63127
7142 63620
7143 63625
7144 63600
7145 63178
7146 63439
7147 63802
7148 63036
7149 63925
7150 63863
7151 63702
7152 63779
7153 63092
7154 63513
7155 63511
7156 63755
7157 64278
7158 63924
7159 63995
7160 63413
7161 63953
7162 63806
7163 63805
7164 63867
7165 63674
7166 63966
7167 63504
7168 63650
7169 63473
7170 63747
7171 63602
7172 64120
7173 64042
7174 64020
7175 63975
7176 64077
7177 64249
7178 64305
7179 64215
7180 63868
7181 63871
7182 63843
7183 64260
7184 63898
7185 64378
7186 63944
7187 63768
7188 64203
7189 64151
7190 64011
7191 64476
7192 64191
7193 64531
7194 63984
7195 63965
7196 64255
7197 64109
7198 64074
7199 63971
7200 64240
7201 63978
7202 64683
7203 64392
7204 63956
7205 64121
7206 64318
7207 64487
7208 64451
7209 64222
7210 64252
7211 64087
7212 64321
7213 64402
7214 64255
7215 64037
7216 63782
7217 64000
7218 64240
7219 63883
7220 64207
7221 64304
7222 64256
7223 64244
7224 63504
7225 63904
7226 63884
7227 64489
7228 64512
7229 63990
7230 64521
7231 64242
7232 64049
7233 64002
7234 64211
7235 64216
7236 63647
7237 64250
7238 63872
7239 64127
7240 64133
7241 63977
7242 64511
7243 64257
7244 64386
7245 64145
7246 64211
7247 64297
7248 64221
7249 64665
7250 64346
7251 64394
7252 64803
7253 64260
7254 64859
7255 64546
7256 64352
7257 64566
7258 64478
7259 64722
7260 64649
7261 64389
7262 64697
7263 64662
7264 64788
7265 64701
7266 64740
7267 64684
7268 64677
7269 64771
7270 64604
7271 64684
7272 64743
7273 65024
7274 64749
7275 64433
7276 65217
7277 65163
7278 65069
7279 64892
7280 64768
7281 64688
7282 64870
7283 64637
7284 64952
7285 64561
7286 65151
7287 64858
7288 65286
7289 65658
7290 65061
7291 65202
7292 65149
7293 65053
7294 65224
7295 64792
7296 65416
7297 64981
7298 64956
7299 64909
7300 64716
7301 65007
7302 65117
7303 65113
7304 65200
7305 65080
7306 64744
7307 65071
7308 64699
7309 65074
7310 65030
7311 65126
7312 65348
7313 65214
7314 64826
7315 65061
7316 64973
7317 65193
7318 65287
7319 64947
7320 65142
7321 65239
7322 64890
7323 65274
7324 65229
7325 64813
7326 65221
7327 65038
7328 65113
7329 64847
7330 65262
7331 65111
7332 65090
7333 65180
7334 65343
7335 65264
7336 65167
7337 65350
7338 65428
7339 65090
7340 64962
7341 65311
7342 64753
7343 64912
7344 65315
7345 65223
7346 65184
7347 64642
7348 65319
7349 65133
7350 65225
7351 64936
7352 65264
7353 65282
7354 64992
7355 65091
7356 65277
7357 65540
7358 65092
7359 65177
7360 65134
7361 65717
7362 65470
7363 65192
7364 65500
7365 65488
7366 65208
7367 65587
7368 65718
7369 65482
7370 65491
7371 65593
7372 65245
7373 65419
7374 65989
7375 65440
7376 65676
7377 65813
7378 65168
7379 65372
7380 65727
7381 65306
7382 65379
7383 65643
7384 65330
7385 65407
7386 65586
7387 65834
7388 65506
7389 65960
7390 65812
7391 65647
7392 65980
7393 65530
7394 65601
7395 65714
7396 65417
7397 65505
7398 65294
7399 65477
7400 65827
7401 65707
7402 65487
7403 65160
7404 65833
7405 65486
7406 65628
7407 65889
7408 65492
7409 65495
7410 65313
7411 65646
7412 65823
7413 65821
7414 65828
7415 65996
7416 65898
7417 65780
7418 65715
7419 65377
7420 65523
7421 65316
7422 64668
7423 65672
7424 65900
7425 65080
7426 65599
7427 65791
7428 65585
7429 65831
7430 65367
7431 65537
7432 65550
7433 65232
7434 65839
7435 65519
7436 65419
7437 65599
7438 65567
7439 65249
7440 65666
7441 65570
7442 65674
7443 65040
7444 65611
7445 65721
7446 65156
7447 65855
7448 65450
7449 65888
7450 65543
7451 65376
7452 65679
7453 65643
7454 65881
7455 65887
7456 65565
7457 65663
7458 65554
7459 65577
7460 65263
7461 65432
7462 65592
7463 65583
7464 65402
7465 65927
7466 65824
7467 65902
7468 65764
7469 65693
7470 65211
7471 65917
7472 66008
7473 65621
7474 66079
7475 65584
7476 65891
7477 65858
7478 65800
7479 65743
7480 65538
7481 65928
7482 65881
7483 65882
7484 65806
7485 65618
7486 65699
7487 65698
7488 66401
7489 65634
7490 65834
7491 66167
7492 65489
7493 65778
7494 65697
7495 65593
7496 66040
7497 65753
7498 66136
7499 65851
7500 66274
7501 65661
7502 65647
7503 65880
7504 65514
7505 65432
7506 65990
7507 66092
7508 65961
7509 65754
7510 66293
7511 65561
7512 65502
7513 65953
7514 66012
7515 65656
7516 65918
7517 65832
7518 65827
7519 65966
7520 65559
7521 65624
7522 65988
7523 66096
7524 65970
7525 65675
7526 65358
7527 65524
7528 65575
7529 65891
7530 65669
7531 66213
7532 65580
7533 65221
7534 65781
7535 65863
7536 65382
7537 65805
7538 65795
7539 65650
7540 65886
7541 65990
7542 65778
7543 66102
7544 65602
7545 65404
7546 65445
7547 65550
7548 65570
7549 65993
7550 65810
7551 65391
7552 65604
7553 65570
7554 65482
7555 65557
7556 65557
7557 65371
7558 65384
7559 65709
7560 66217
7561 65822
7562 65870
7563 65848
7564 65549
7565 65633
7566 65885
7567 65853
7568 65602
7569 65585
7570 66092
7571 66139
7572 65725
7573 65664
7574 66115
7575 65852
7576 65937
7577 65425
7578 65556
7579 66056
7580 66014
7581 65672
7582 66394
7583 65812
7584 66019
7585 66186
7586 66016
7587 65852
7588 65943
7589 65875
7590 66125
7591 65456
7592 65846
7593 66136
7594 65519
7595 66001
7596 66236
7597 65979
7598 66045
7599 65622
7600 66241
7601 65980
7602 65732
7603 66245
7604 65498
7605 66172
7606 65363
7607 65811
7608 65754
7609 65823
7610 65718
7611 65863
7612 65912
7613 65462
7614 65476
7615 65347
7616 65591
7617 65868
7618 65550
7619 66057
7620 65760
7621 65457
7622 66090
7623 65865
7624 65462
7625 65667
7626 65579
7627 66096
7628 65614
7629 65131
7630 65576
7631 65558
7632 65710
7633 66031
7634 65618
7635 65805
7636 65378
7637 65502
7638 65387
7639 65432
7640 65390
7641 65141
7642 65291
7643 65644
7644 65489
7645 65552
7646 65428
7647 65433
7648 65840
7649 65466
7650 65617
7651 65490
7652 65853
7653 65324
7654 65530
7655 65773
7656 65989
7657 65354
7658 65792
7659 66143
7660 65393
7661 65658
7662 65753
7663 65416
7664 65542
7665 65241
7666 65764
7667 65637
7668 65389
7669 65510
7670 65622
7671 65883
7672 65628
7673 65306
7674 65480
7675 65523
7676 66027
7677 65561
7678 65863
7679 65933
7680 65963
7681 65336
7682 66086
7683 65814
7684 65328
7685 65552
7686 65555
7687 65850
7688 65886
7689 65834
7690 66096
7691 65481
7692 65827
7693 65357
7694 65749
7695 65875
7696 65389
7697 65823
7698 65840
7699 65192
7700 65694
7701 65601
7702 66346
7703 65729
7704 65694
7705 65787
7706 65891
7707 65912
7708 65795
7709 65769
7710 65905
7711 66178
7712 65595
7713 65903
7714 65557
7715 65129
7716 65681
7717 65775
7718 65534
7719 65837
7720 65698
7721 65398
7722 66035
7723 65737
7724 65272
7725 65577
7726 65810
7727 65919
7728 65691
7729 65487
7730 65565
7731 65743
7732 65398
7733 65865
7734 65452
7735 65494
7736 65025
7737 65515
7738 65563
7739 65636
7740 65625
7741 65269
7742 65590
7743 65493
7744 66129
7745 65735
7746 65506
7747 65519
7748 65787
7749 65676
7750 65591
7751 65851
7752 65932
7753 65599
7754 65872
7755 65871
7756 66077
7757 65689
7758 65705
7759 65716
7760 65531
7761 65942
7762 65807
7763 65999
7764 65892
7765 65769
7766 66004
7767 66021
7768 65921
7769 65836
7770 66271
7771 65733
7772 65726
7773 65261
7774 65940
7775 66053
7776 65958
7777 65987
7778 66015
7779 65776
7780 65674
7781 65322
7782 65657
7783 65494
7784 65786
7785 65812
7786 66181
7787 65950
7788 66055
7789 65366
7790 65615
7791 65958
7792 65997
7793 65824
7794 65954
7795 65944
7796 66048
7797 65555
7798 65590
7799 66178
7800 66128
7801 65746
7802 65601
7803 65882
7804 66223
7805 65898
7806 65692
7807 65925
7808 65880
7809 65377
7810 65657
7811 65970
7812 65836
7813 65461
7814 66084
7815 65646
7816 65640
7817 65943
7818 65883
7819 65961
7820 65743
7821 65994
7822 65441
7823 65539
7824 65872
7825 65917
7826 65728
7827 65791
7828 66072
7829 65573
7830 66028
7831 65663
7832 66156
7833 65863
7834 65654
7835 65995
7836 65655
7837 65643
7838 65508
7839 65331
7840 65547
7841 65398
7842 65588
7843 65477
7844 65696
7845 65869
7846 66088
7847 65420
7848 65830
7849 65785
7850 65551
7851 66065
7852 65691
7853 65638
7854 66186
7855 65947
7856 65820
7857 65806
7858 65804
7859 65840
7860 65649
7861 66219
7862 65921
7863 65852
7864 66282
7865 65948
7866 66093
7867 66060
7868 65525
7869 65617
7870 66015
7871 66200
7872 66002
7873 65573
7874 66354
7875 66071
7876 65679
7877 65983
7878 65489
7879 65776
7880 66038
7881 66031
7882 66117
7883 65913
7884 65732
7885 65843
7886 66019
7887 65859
7888 66098
7889 66123
7890 66251
7891 66127
7892 65970
7893 66085
7894 66232
7895 66154
7896 65866
7897 66088
7898 66264
7899 65770
7900 66239
7901 66113
7902 65314
7903 65628
7904 65641
7905 65988
7906 65732
7907 65776
7908 66127
7909 65868
7910 65535
7911 65536
7912 66296
7913 65624
7914 65490
7915 65668
7916 65687
7917 65546
7918 65730
7919 65684
7920 65628
7921 65529
7922 65357
7923 65980
7924 65595
7925 65721
7926 66075
7927 65805
7928 65568
7929 66096
7930 65694
7931 65562
7932 65710
7933 65187
7934 65730
7935 66053
7936 65652
7937 65663
7938 65989
7939 65871
7940 65751
7941 65474
7942 65474
7943 65721
7944 65885
7945 65817
7946 65728
7947 65740
7948 65720
7949 65760
7950 66109
7951 65573
7952 65921
7953 65522
7954 66020
7955 65758
7956 65390
7957 65448
7958 65801
7959 65709
7960 65785
7961 65846
7962 65550
7963 65600
7964 65682
7965 65459
7966 65553
7967 65836
7968 65800
7969 65695
7970 65279
7971 65700
7972 65334
7973 65826
7974 65806
7975 65277
7976 65982
7977 65741
7978 65322
7979 65525
7980 65805
7981 65540
7982 65200
7983 65276
7984 65380
7985 65830
7986 65710
7987 65478
7988 65402
7989 65721
7990 65621
7991 65473
7992 65214
7993 65416
7994 65777
7995 65656
7996 65232
7997 65168
7998 65333
7999 65529
8000 65564
8001 65185
8002 65088
8003 65340
8004 65493
8005 65299
8006 65506
8007 65294
8008 65241
8009 65245
8010 65083
8011 65356
8012 65404
8013 64935
8014 65149
8015 65483
8016 64872
8017 65439
8018 65156
8019 65160
8020 65258
8021 65593
8022 64986
8023 65292
8024 64987
8025 65078
8026 64909
8027 65485
8028 65218
8029 65177
8030 64664
8031 65239
8032 65312
8033 65247
8034 64898
8035 65362
8036 65386
8037 65069
8038 64987
8039 65322
8040 64650
8041 65560
8042 64966
8043 64971
8044 65274
8045 65387
8046 65305
8047 65409
8048 65504
8049 65056
8050 65348
8051 65272
8052 65612
8053 65469
8054 65310
8055 65069
8056 65032
8057 65479
8058 65625
8059 65552
8060 65704
8061 65384
8062 65172
8063 65621
8064 65497
8065 65401
8066 65012
8067 65572
8068 65850
8069 65301
8070 65767
8071 65427
8072 65775
8073 65038
8074 65593
8075 65682
8076 65499
8077 65580
8078 65094
8079 65913
8080 65381
8081 65453
8082 65477
8083 65636
8084 65493
8085 65458
8086 65872
8087 65226
8088 65471
8089 65270
8090 66044
8091 65796
8092 65551
8093 65524
8094 65477
8095 65191
8096 65794
8097 65384
8098 65114
8099 65556
8100 65410
8101 65738
8102 65268
8103 65490
8104 65129
8105 65312
8106 65291
8107 65525
8108 65329
8109 65526
8110 65601
8111 65748
8112 65225
8113 65537
8114 65617
8115 65423
8116 65343
8117 65259
8118 65948
8119 65426
8120 65349
8121 65506
8122 65193
8123 65147
8124 65583
8125 65562
8126 65243
8127 65809
8128 65664
8129 65225
8130 65733
8131 65506
8132 65678
8133 65196
8134 65646
8135 65655
8136 65541
8137 65605
8138 65673
8139 65599
8140 65528
8141 65102
8142 65297
8143 65688
8144 65443
8145 65689
8146 65452
8147 65341
8148 65861
8149 65399
8150 65440
8151 65318
8152 65404
8153 65656
8154 65347
8155 65508
8156 65426
8157 65240
8158 65638
8159 65929
8160 65339
8161 65696
8162 65468
8163 65273
8164 65624
8165 65785
8166 65741
8167 65381
8168 65357
8169 65503
8170 65143
8171 65340
8172 65343
8173 65582
8174 65667
8175 66129
8176 65563
8177 65524
8178 65759
8179 65696
8180 65777
8181 65416
8182 65897
8183 65962
8184 65408
8185 65192
8186 65441
8187 65443
8188 65226
8189 65683
8190 65438
8191 65203
8192 65734
8193 65615
8194 65491
8195 65774
8196 65659
8197 65220
8198 65418
8199 65390
8200 65599
8201 65296
8202 65869
8203 65714
8204 65826
8205 65748
8206 65235
8207 65334
8208 65967
8209 65563
8210 65798
8211 65545
8212 65465
8213 65541
8214 65830
8215 65379
8216 65703
8217 65543
8218 65196
8219 65333
8220 65636
8221 64876
8222 65320
8223 65098
8224 65198
8225 65222
8226 65133
8227 65051
8228 65134
8229 65041
8230 64983
8231 65006
8232 64871
8233 65184
8234 65685
8235 65203
8236 65042
8237 64769
8238 65103
8239 64682
8240 64753
8241 65086
8242 64827
8243 65227
8244 65230
8245 64848
8246 64786
8247 65412
8248 65126
8249 65413
8250 65019
8251 65379
8252 65247
8253 65487
8254 65068
8255 65046
8256 64816
8257 65168
8258 65061
8259 65619
8260 65140
8261 65265
8262 64847
8263 64728
8264 65552
