H11890
GateTime 10
GateNumber 0
SN 30430302
0 66945
1 66568
2 66798
3 66918
4 66560
5 67024
6 66342
7 66753
8 66398
9 66578
10 66829
11 66912
12 67708
13 67133
14 67058
15 67860
16 68073
17 67304
18 67227
19 67166
20 67639
21 66967
22 66661
23 66969
24 66572
25 66761
26 66398
27 66840
28 66901
29 66779
30 67509
31 67227
32 67703
33 67408
34 67864
35 67905
36 67758
37 67815
38 67750
39 67608
40 67182
41 67076
42 67342
43 66798
44 66794
45 66836
46 66441
47 66506
48 66735
49 66911
50 66996
51 67110
52 67007
53 67592
54 67461
55 68356
56 68236
57 67892
58 67800
59 67879
60 67796
61 67427
62 67285
63 67032
64 66905
65 66771
66 66809
67 67114
68 67461
69 67097
70 67539
71 67548
72 67552
73 67799
74 67813
75 68620
76 67783
77 68471
78 67701
79 68087
80 67937
81 67095
82 67561
83 67193
84 67150
85 67047
86 66975
87 67059
88 67019
89 66813
90 67425
91 67339
92 67545
93 68097
94 67715
95 67910
96 68488
97 67961
98 67747
99 68010
100 67800
101 67737
102 67315
103 67774
104 67543
105 67031
106 67053
107 67306
108 67310
109 67287
110 67519
111 67513
112 68099
113 68065
114 68307
115 68189
116 68520
117 68062
118 67468
119 68086
120 67670
121 67391
122 67749
123 67122
124 67557
125 67470
126 67701
127 67523
128 68022
129 67586
130 67376
131 67841
132 67735
133 68073
134 68518
135 68359
136 68761
137 68546
138 68192
139 68160
140 67997
141 68004
142 67531
143 67531
144 67714
145 67350
146 67329
147 67310
148 67796
149 67590
150 67867
151 67973
152 68254
153 68075
154 68266
155 68673
156 68551
157 68718
158 68076
159 68355
160 68280
161 68333
162 67631
163 68061
164 67706
165 67531
166 67943
167 67714
168 67573
169 68354
170 67939
171 68154
172 67923
173 68346
174 68925
175 68632
176 68370
177 68747
178 68261
179 68255
180 68494
181 68137
182 67908
183 67544
184 68038
185 67653
186 67777
187 67419
188 67654
189 67912
190 68081
191 68309
192 68179
193 68733
194 68600
195 68539
196 68273
197 68578
198 68414
199 68437
200 68331
201 68424
202 67866
203 68424
204 68140
205 67543
206 67640
207 67776
208 67614
209 67907
210 68592
211 68312
212 68614
213 68409
214 68573
215 69208
216 68565
217 69040
218 69257
219 68560
220 69099
221 68690
222 67963
223 68168
224 68381
225 68074
226 68126
227 67879
228 68257
229 68508
230 68400
231 68571
232 68805
233 69460
234 69306
235 69298
236 69483
237 69304
238 68723
239 69184
240 68996
241 68572
242 68656
243 68234
244 68170
245 68632
246 68150
247 67908
248 68424
249 68518
250 68355
251 68939
252 68636
253 68850
254 69413
255 68613
256 69395
257 69021
258 69160
259 68705
260 68893
261 68229
262 68522
263 68166
264 67881
265 68104
266 67841
267 68096
268 68064
269 68538
270 68219
271 68194
272 68995
273 68984
274 68823
275 69011
276 68926
277 68691
278 69440
279 69275
280 68377
281 68310
282 68372
283 68087
284 68052
285 67986
286 67958
287 68088
288 68059
289 68279
290 68876
291 68567
292 68853
293 68860
294 68652
295 68772
296 69179
297 68828
298 68814
299 69404
300 68950
301 68665
302 68765
303 68111
304 68129
305 67992
306 68071
307 68235
308 68242
309 68308
310 68403
311 69042
312 68830
313 69442
314 69618
315 69267
316 69396
317 69392
318 68892
319 69691
320 68874
321 68678
322 69048
323 68592
324 68632
325 68349
326 67966
327 68294
328 69060
329 68634
330 68942
331 68842
332 69109
333 69583
334 69389
335 69019
336 69391
337 69528
338 69366
339 69023
340 68732
341 68930
342 68789
343 68653
344 68478
345 68138
346 68346
347 68532
348 68666
349 68763
350 69030
351 69187
352 69405
353 69419
354 69479
355 69870
356 69495
357 69502
358 69425
359 69289
360 68974
361 69014
362 68363
363 69097
364 69144
365 68638
366 68513
367 69051
368 69169
369 68672
370 69044
371 69306
372 69622
373 70067
374 69278
375 69517
376 69605
377 69669
378 69807
379 69451
380 69116
381 69105
382 68770
383 68976
384 68394
385 68619
386 68260
387 68515
388 69039
389 69121
390 69084
391 69181
392 69560
393 69505
394 69631
395 69720
396 70053
397 69828
398 69386
399 69209
400 69159
401 68967
402 68635
403 68826
404 69052
405 68552
406 68285
407 68771
408 69118
409 69120
410 69077
411 68774
412 69215
413 69411
414 69491
415 69834
416 69552
417 69817
418 69637
419 69663
420 69148
421 69174
422 68802
423 68819
424 68845
425 68625
426 68541
427 68502
428 68914
429 68979
430 68795
431 69131
432 69239
433 69473
434 69842
435 69695
436 69459
437 70251
438 69034
439 69305
440 69363
441 68555
442 68920
443 68819
444 68384
445 68917
446 68253
447 68556
448 68974
449 68704
450 68528
451 69054
452 69228
453 69142
454 69682
455 70101
456 70007
457 69446
458 69569
459 69467
460 68892
461 69236
462 68744
463 68823
464 68976
465 68439
466 68652
467 68631
468 69079
469 69011
470 68940
471 69378
472 69648
473 69310
474 69633
475 69486
476 69815
477 69568
478 69539
479 69631
480 69644
481 68597
482 68604
483 68747
484 68824
485 68708
486 68268
487 68927
488 68764
489 69171
490 69454
491 69009
492 68737
493 69639
494 69691
495 69693
496 69654
497 69397
498 69565
499 69326
500 69099
501 69032
502 69052
503 68751
504 68754
505 68448
506 68910
507 69011
508 69116
509 69588
510 68881
511 69409
512 69927
513 69492
514 69738
515 70116
516 70194
517 69963
518 69686
519 69162
520 69454
521 69128
522 68647
523 69089
524 69218
525 68761
526 68749
527 68598
528 68838
529 68938
530 69078
531 69407
532 69368
533 69828
534 69738
535 70081
536 69892
537 70165
538 69935
539 69736
540 69262
541 69262
542 69348
543 68883
544 69113
545 68750
546 68418
547 69164
548 69024
549 69380
550 69106
551 69106
552 69229
553 70057
554 70049
555 70481
556 70181
557 70150
558 69938
559 70262
560 69118
561 69235
562 69103
563 69256
564 69396
565 69057
566 68796
567 69229
568 69164
569 69310
570 69298
571 69241
572 69908
573 69965
574 69954
575 70032
576 70039
577 70092
578 70425
579 69931
580 69327
581 69973
582 69402
583 69049
584 68885
585 68650
586 68899
587 69422
588 69246
589 69826
590 68962
591 69622
592 69838
593 70066
594 70268
595 70046
596 69737
597 70376
598 69716
599 69561
600 69669
601 69590
602 69639
603 69350
604 68878
605 68877
606 68715
607 68798
608 68843
609 69050
610 69761
611 69634
612 69469
613 69703
614 70149
615 70009
616 70177
617 70117
618 70165
619 69652
620 70000
621 69481
622 69393
623 69272
624 69201
625 69246
626 69118
627 68893
628 69228
629 69629
630 69481
631 69873
632 69886
633 69795
634 70283
635 70216
636 70271
637 70224
638 70276
639 69794
640 69717
641 69547
642 69319
643 69050
644 69074
645 69184
646 68704
647 68991
648 69186
649 69603
650 69351
651 69999
652 69884
653 69784
654 70014
655 69778
656 70575
657 70891
658 70232
659 69822
660 69717
661 69665
662 68857
663 69111
664 68630
665 68513
666 68854
667 69509
668 68960
669 69285
670 69551
671 69528
672 69980
673 69714
674 70148
675 69956
676 69998
677 70228
678 70371
679 69859
680 69836
681 69701
682 69753
683 69345
684 68772
685 69383
686 68594
687 68791
688 69085
689 69130
690 69527
691 69553
692 69596
693 70077
694 70419
695 70260
696 70522
697 70488
698 70337
699 69579
700 69731
701 69792
702 69649
703 69455
704 68803
705 69229
706 69014
707 69079
708 69276
709 69542
710 69448
711 69894
712 70030
713 69888
714 69885
715 70618
716 69982
717 70083
718 70235
719 70444
720 69689
721 69673
722 69589
723 69552
724 69319
725 69260
726 69778
727 69000
728 69074
729 69657
730 69799
731 70084
732 70047
733 70022
734 70252
735 70633
736 70171
737 70220
738 70686
739 70159
740 70208
741 69785
742 69538
743 69545
744 69470
745 69529
746 69224
747 69615
748 69414
749 70100
750 70244
751 70038
752 70310
753 70395
754 70785
755 70773
756 70293
757 70595
758 70788
759 69905
760 70277
761 69596
762 70160
763 69612
764 69621
765 69140
766 69624
767 69197
768 69767
769 69566
770 69390
771 70030
772 70211
773 70201
774 70119
775 70456
776 70637
777 70032
778 70256
779 70006
780 70145
781 70019
782 69555
783 69353
784 69206
785 69646
786 69348
787 69244
788 69520
789 69431
790 70007
791 70308
792 70159
793 70436
794 70577
795 70600
796 70358
797 70497
798 70360
799 70206
800 69970
801 69868
802 69229
803 70323
804 69654
805 69294
806 69277
807 69419
808 69565
809 69472
810 69546
811 69724
812 69878
813 70676
814 70406
815 71081
816 70420
817 70693
818 70466
819 70381
820 70135
821 69833
822 69291
823 69496
824 69247
825 69653
826 69237
827 69237
828 69250
829 69456
830 69643
831 70100
832 70394
833 70499
834 70659
835 70794
836 71175
837 70766
838 70952
839 70327
840 70105
841 70448
842 70263
843 69558
844 69577
845 69912
846 69588
847 69525
848 69916
849 69754
850 69987
851 70359
852 70762
853 70510
854 70698
855 70869
856 70905
857 71113
858 70941
859 70815
860 70152
861 70023
862 69816
863 70005
864 69750
865 69830
866 69757
867 69905
868 69875
869 70343
870 70246
871 69897
872 70215
873 70977
874 70939
875 71045
876 71074
877 71071
878 70882
879 70465
880 71063
881 70335
882 70524
883 70151
884 69798
885 69950
886 69845
887 70076
888 70158
889 70205
890 69929
891 70486
892 70726
893 71083
894 71152
895 71187
896 71108
897 70973
898 71062
899 70737
900 70123
901 69973
902 70258
903 70043
904 69886
905 69663
906 69308
907 69712
908 69438
909 70184
910 69979
911 70356
912 70609
913 70336
914 70750
915 71337
916 71040
917 70804
918 70981
919 70244
920 70216
921 70117
922 69696
923 69472
924 70043
925 69620
926 69811
927 69451
928 69931
929 69477
930 69901
931 70375
932 70552
933 70430
934 70661
935 71350
936 71410
937 70925
938 70819
939 70614
940 70417
941 70349
942 70235
943 70247
944 69676
945 69995
946 69713
947 70227
948 69571
949 70198
950 69990
951 70392
952 70590
953 71336
954 71117
955 71893
956 71155
957 70889
958 70588
959 70504
960 70357
961 70615
962 70013
963 70076
964 69935
965 69669
966 70054
967 70154
968 70053
969 70190
970 70728
971 70782
972 70462
973 70738
974 70771
975 71344
976 71258
977 71357
978 71486
979 71012
980 70703
981 70395
982 70556
983 70701
984 69986
985 70029
986 69686
987 70068
988 69770
989 69813
990 69944
991 70532
992 70796
993 70783
994 70798
995 71243
996 71605
997 71506
998 71158
999 71168
1000 70458
1001 70649
1002 69796
1003 70110
1004 70091
1005 70042
1006 69804
1007 69831
1008 69772
1009 70301
1010 70170
1011 70212
1012 70265
1013 70675
1014 71364
1015 71202
1016 70815
1017 71058
1018 70617
1019 70399
1020 70477
1021 70446
1022 70322
1023 69796
1024 69880
1025 69600
1026 69688
1027 70095
1028 69953
1029 70174
1030 69882
1031 70556
1032 70871
1033 70922
1034 71090
1035 71421
1036 71098
1037 70827
1038 70919
1039 71013
1040 70874
1041 70123
1042 70353
1043 70079
1044 69982
1045 69951
1046 69714
1047 69945
1048 70255
1049 70493
1050 69927
1051 70563
1052 70861
1053 70718
1054 71263
1055 70935
1056 71276
1057 71325
1058 71049
1059 70331
1060 70546
1061 70736
1062 70222
1063 70124
1064 70059
1065 69666
1066 69957
1067 70337
1068 70238
1069 70130
1070 70140
1071 70609
1072 70851
1073 70552
1074 70759
1075 71084
1076 71584
1077 70932
1078 70811
1079 70348
1080 70550
1081 70311
1082 70216
1083 70121
1084 69685
1085 69933
1086 69776
1087 69604
1088 70118
1089 69920
1090 70379
1091 70367
1092 70368
1093 70824
1094 71353
1095 71293
1096 71636
1097 71148
1098 70627
1099 70680
1100 70671
1101 70912
1102 70499
1103 70192
1104 70130
1105 70063
1106 69728
1107 69846
1108 69905
1109 70354
1110 70298
1111 70387
1112 70746
1113 70972
1114 71105
1115 70811
1116 71607
1117 71333
1118 70807
1119 70761
1120 70891
1121 70572
1122 70296
1123 69951
1124 69950
1125 70093
1126 69932
1127 69862
1128 70139
1129 70201
1130 70281
1131 69980
1132 70194
1133 70809
1134 71182
1135 71370
1136 71395
1137 71541
1138 71153
1139 71318
1140 70498
1141 69956
1142 69977
1143 70091
1144 70204
1145 70159
1146 70414
1147 70138
1148 70493
1149 70530
1150 70278
1151 70398
1152 70563
1153 70827
1154 71313
1155 71514
1156 71672
1157 71270
1158 71202
1159 70600
1160 71092
1161 70706
1162 70257
1163 70096
1164 70311
1165 69769
1166 69719
1167 69964
1168 70384
1169 70386
1170 70056
1171 70649
1172 70841
1173 70792
1174 71203
1175 71532
1176 70996
1177 71306
1178 70817
1179 70864
1180 70763
1181 70155
1182 70426
1183 70075
1184 69924
1185 70243
1186 69720
1187 69557
1188 70028
1189 70283
1190 70022
1191 70665
1192 70812
1193 71237
1194 71585
1195 71343
1196 71397
1197 71170
1198 71160
1199 70656
1200 70701
1201 70293
1202 70105
1203 70348
1204 70168
1205 69912
1206 70143
1207 70204
1208 70160
1209 70497
1210 70304
1211 70625
1212 70489
1213 70768
1214 71332
1215 71594
1216 71337
1217 71133
1218 70763
1219 71082
1220 70409
1221 70788
1222 70196
1223 70129
1224 69784
1225 69952
1226 70265
1227 69976
1228 70325
1229 69962
1230 70146
1231 70647
1232 70854
1233 71031
1234 71142
1235 71037
1236 72138
1237 71470
1238 71764
1239 71231
1240 70992
1241 70475
1242 70404
1243 69946
1244 69911
1245 70129
1246 69803
1247 70210
1248 70205
1249 70389
1250 70415
1251 70547
1252 70830
1253 70958
1254 71252
1255 71444
1256 71670
1257 70745
1258 70576
1259 70696
1260 70790
1261 69956
1262 70319
1263 70048
1264 70331
1265 70107
1266 69807
1267 69685
1268 69839
1269 70115
1270 69921
1271 70943
1272 70472
1273 71294
1274 71418
1275 71300
1276 71058
1277 71104
1278 70858
1279 70901
1280 70419
1281 70463
1282 70316
1283 70094
1284 69844
1285 69512
1286 69969
1287 69741
1288 70122
1289 70425
1290 70331
1291 70932
1292 70678
1293 71153
1294 71340
1295 71413
1296 71444
1297 71020
1298 71232
1299 70813
1300 70258
1301 70701
1302 70390
1303 70478
1304 70027
1305 70273
1306 70378
1307 69938
1308 70095
1309 70340
1310 70420
1311 70837
1312 70918
1313 71491
1314 70669
1315 71302
1316 71224
1317 71532
1318 71354
1319 70503
1320 71191
1321 70737
1322 70146
1323 69881
1324 70073
1325 69740
1326 69807
1327 69551
1328 70296
1329 70323
1330 70400
1331 70650
1332 70940
1333 71186
1334 71891
1335 71610
1336 70973
1337 71537
1338 71797
1339 71327
1340 71206
1341 70202
1342 70582
1343 70256
1344 70531
1345 70296
1346 70470
1347 70134
1348 70092
1349 70589
1350 70512
1351 70759
1352 71031
1353 71268
1354 71656
1355 71802
1356 72329
1357 71317
1358 71822
1359 71465
1360 71107
1361 71242
1362 70935
1363 70445
1364 70277
1365 70025
1366 70299
1367 70896
1368 70357
1369 70516
1370 70967
1371 70870
1372 71107
1373 71277
1374 71673
1375 71519
1376 71559
1377 71910
1378 71740
1379 71371
1380 71020
1381 70677
1382 71276
1383 70375
1384 70618
1385 70509
1386 70236
1387 70025
1388 70418
1389 70535
1390 70839
1391 70948
1392 71267
1393 71458
1394 71085
1395 71449
1396 71810
1397 71684
1398 71537
1399 70911
1400 71207
1401 70753
1402 70604
1403 70556
1404 70370
1405 70254
1406 70286
1407 69600
1408 70891
1409 70831
1410 70509
1411 70813
1412 70928
1413 71689
1414 71419
1415 71696
1416 71386
1417 71732
1418 71243
1419 71398
1420 70967
1421 70423
1422 70535
1423 70344
1424 70323
1425 70553
1426 70099
1427 70488
1428 70583
1429 70855
1430 70870
1431 70733
1432 71457
1433 71633
1434 71598
1435 71735
1436 71369
1437 71804
1438 71626
1439 71383
1440 71205
1441 71325
1442 70336
1443 70487
1444 70789
1445 70754
1446 70559
1447 70665
1448 70636
1449 70724
1450 70731
1451 71451
1452 71235
1453 71597
1454 71400
1455 71347
1456 71993
1457 72041
1458 71454
1459 71628
1460 71137
1461 71272
1462 70468
1463 70725
1464 70322
1465 70804
1466 70725
1467 70108
1468 70499
1469 71174
1470 70732
1471 71172
1472 71470
1473 70957
1474 71869
1475 71776
1476 71637
1477 71689
1478 71649
1479 71646
1480 71231
1481 71106
1482 71071
1483 71004
1484 70647
1485 70395
1486 69695
1487 70666
1488 70605
1489 70649
1490 70598
1491 70591
1492 71186
1493 71040
1494 71476
1495 72033
1496 71755
1497 72047
1498 71468
1499 71283
1500 70836
1501 70756
1502 70700
1503 70496
1504 70382
1505 70433
1506 70210
1507 69940
1508 70450
1509 70512
1510 70982
1511 70771
1512 71322
1513 71710
1514 71578
1515 72011
1516 72294
1517 72017
1518 71615
1519 71288
1520 70906
1521 70653
1522 70756
1523 70252
1524 70354
1525 70529
1526 70528
1527 70335
1528 70754
1529 70528
1530 70671
1531 70761
1532 71268
1533 71306
1534 71704
1535 72226
1536 71932
1537 71908
1538 71524
1539 71426
1540 71174
1541 71179
1542 71246
1543 70367
1544 70230
1545 70091
1546 70349
1547 70236
1548 70266
1549 70639
1550 70623
1551 70912
1552 70625
1553 71626
1554 71527
1555 71534
1556 71842
1557 71395
1558 71618
1559 71155
1560 70816
1561 70425
1562 70181
1563 70273
1564 70147
1565 69913
1566 70022
1567 69756
1568 70118
1569 70264
1570 70836
1571 70914
1572 71130
1573 71519
1574 71444
1575 71735
1576 71680
1577 71791
1578 70997
1579 71532
1580 70496
1581 70686
1582 70215
1583 70205
1584 70514
1585 70075
1586 69780
1587 70191
1588 70060
1589 70079
1590 70836
1591 70980
1592 70864
1593 71242
1594 71343
1595 71585
1596 71628
1597 71216
1598 71136
1599 70655
1600 70958
1601 70546
1602 70362
1603 70357
1604 69902
1605 70081
1606 70077
1607 70350
1608 70341
1609 70483
1610 70877
1611 70712
1612 70993
1613 70999
1614 71656
1615 71220
1616 71184
1617 71096
1618 70870
1619 71399
1620 71397
1621 70993
1622 70517
1623 70430
1624 70035
1625 70028
1626 69811
1627 70131
1628 70280
1629 70631
1630 70690
1631 70897
1632 71004
1633 71154
1634 71531
1635 71634
1636 71386
1637 71379
1638 71612
1639 71033
1640 70715
1641 70827
1642 70117
1643 70583
1644 69937
1645 70236
1646 69869
1647 70372
1648 70109
1649 70372
1650 70607
1651 70843
1652 71041
1653 71533
1654 71124
1655 71243
1656 70881
1657 71480
1658 70940
1659 70863
1660 70539
1661 70961
1662 70252
1663 70224
1664 70410
1665 70331
1666 70035
1667 70065
1668 70557
1669 70388
1670 70543
1671 71126
1672 71034
1673 71510
1674 71368
1675 71449
1676 71309
1677 71316
1678 71002
1679 71059
1680 70702
1681 70940
1682 69967
1683 70564
1684 69838
1685 69807
1686 69841
1687 69888
1688 70507
1689 70170
1690 70169
1691 70961
1692 71050
1693 70870
1694 71552
1695 71643
1696 71393
1697 71180
1698 71224
1699 70933
1700 70453
1701 70559
1702 69813
1703 70192
1704 70013
1705 70064
1706 70095
1707 70206
1708 69351
1709 70113
1710 70982
1711 70566
1712 70843
1713 70996
1714 70875
1715 71125
1716 71083
1717 71167
1718 70990
1719 71207
1720 71222
1721 70556
1722 70388
1723 69970
1724 70365
1725 69635
1726 70070
1727 70288
1728 70306
1729 70349
1730 70318
1731 70753
1732 70695
1733 71395
1734 71455
1735 71362
1736 71424
1737 71146
1738 71636
1739 70963
1740 70621
1741 70507
1742 70209
1743 70413
1744 70207
1745 69823
1746 70194
1747 69859
1748 70193
1749 70681
1750 70491
1751 70797
1752 71087
1753 71138
1754 71060
1755 71403
1756 71224
1757 71586
1758 71334
1759 70818
1760 70775
1761 70609
1762 70568
1763 70113
1764 69888
1765 69804
1766 69783
1767 69792
1768 69989
1769 70511
1770 70274
1771 70225
1772 70744
1773 70503
1774 70515
1775 71450
1776 70912
1777 70768
1778 70737
1779 70778
1780 70236
1781 70487
1782 70231
1783 70098
1784 69767
1785 69941
1786 70087
1787 69779
1788 69949
1789 69917
1790 70310
1791 70176
1792 70604
1793 71174
1794 71093
1795 71231
1796 71548
1797 71145
1798 70843
1799 70743
1800 70895
1801 70501
1802 70350
1803 70751
1804 70199
1805 69790
1806 69622
1807 70123
1808 70406
1809 70601
1810 70675
1811 70521
1812 71021
1813 71112
1814 71089
1815 71348
1816 71686
1817 71170
1818 71137
1819 70550
1820 70721
1821 70177
1822 69765
1823 69712
1824 70042
1825 69505
1826 69968
1827 70308
1828 70133
1829 70427
1830 70520
1831 70626
1832 70703
1833 70837
1834 71143
1835 71035
1836 71054
1837 71459
1838 71065
1839 70840
1840 70664
1841 70325
1842 70190
1843 69971
1844 69742
1845 69912
1846 69730
1847 69700
1848 70086
1849 69923
1850 70052
1851 70156
1852 70688
1853 70727
1854 70831
1855 70722
1856 70718
1857 71233
1858 71047
1859 70878
1860 70493
1861 70203
1862 69924
1863 70002
1864 69571
1865 69939
1866 69924
1867 69682
1868 70121
1869 69865
1870 70079
1871 70314
1872 70256
1873 70789
1874 71343
1875 71245
1876 71039
1877 70979
1878 70940
1879 70806
1880 70550
1881 70600
1882 70086
1883 70242
1884 69871
1885 69795
1886 69888
1887 69910
1888 69888
1889 69774
1890 70083
1891 70243
1892 70451
1893 70497
1894 70995
1895 71355
1896 71181
1897 71206
1898 70614
1899 71087
1900 70645
1901 70468
1902 70028
1903 69921
1904 69784
1905 69627
1906 70010
1907 70079
1908 69701
1909 70067
1910 69869
1911 70112
1912 70303
1913 70995
1914 71124
1915 70895
1916 71004
1917 70898
1918 70969
1919 70765
1920 70001
1921 70088
1922 70237
1923 69658
1924 69839
1925 69438
1926 69702
1927 69278
1928 70023
1929 69985
1930 70309
1931 70373
1932 70539
1933 70988
1934 71072
1935 70974
1936 70834
1937 71212
1938 70983
1939 70787
1940 70115
1941 70266
1942 70287
1943 69951
1944 69736
1945 69679
1946 69548
1947 70042
1948 69614
1949 70208
1950 69999
1951 70112
1952 70271
1953 70714
1954 70865
1955 71247
1956 70535
1957 70862
1958 70936
1959 70630
1960 70574
1961 69990
1962 70312
1963 70352
1964 70101
1965 69541
1966 69424
1967 69606
1968 69589
1969 70583
1970 70317
1971 70444
1972 70343
1973 70466
1974 71116
1975 71346
1976 71213
1977 71177
1978 71381
1979 70358
1980 70160
1981 70557
1982 69889
1983 70078
1984 69859
1985 69611
1986 69146
1987 70004
1988 69921
1989 70140
1990 70444
1991 70653
1992 70993
1993 70503
1994 70735
1995 71682
1996 71195
1997 70776
1998 70883
1999 70679
2000 70916
2001 70278
2002 69823
2003 69953
2004 69903
2005 69716
2006 69765
2007 69815
2008 69550
2009 70200
2010 70529
2011 70881
2012 71051
2013 71325
2014 71194
2015 71356
2016 71466
2017 71035
2018 71194
2019 71166
2020 70673
2021 70460
2022 70419
2023 70503
2024 70035
2025 69894
2026 69664
2027 69987
2028 69649
2029 70016
2030 70200
2031 70223
2032 70829
2033 71000
2034 71438
2035 71560
2036 71164
2037 71452
2038 71219
2039 70786
2040 70455
2041 70355
2042 70425
2043 69749
2044 69910
2045 70532
2046 69868
2047 69734
2048 69829
2049 70121
2050 70076
2051 70413
2052 70807
2053 70928
2054 71330
2055 71303
2056 71678
2057 71213
2058 71186
2059 71022
2060 70536
2061 70783
2062 70468
2063 70131
2064 70012
2065 70571
2066 69921
2067 70481
2068 70286
2069 70292
2070 70552
2071 70477
2072 70956
2073 71404
2074 71378
2075 71612
2076 71240
2077 71352
2078 70911
2079 71112
2080 70629
2081 70575
2082 69820
2083 70183
2084 70323
2085 70154
2086 69702
2087 69827
2088 70189
2089 70152
2090 70540
2091 70687
2092 70944
2093 70778
2094 71541
2095 71849
2096 71451
2097 71175
2098 71024
2099 70923
2100 70831
2101 70353
2102 70623
2103 70539
2104 70582
2105 70254
2106 69690
2107 70178
2108 70258
2109 70772
2110 70712
2111 70658
2112 70884
2113 71398
2114 71151
2115 71449
2116 71256
2117 71223
2118 71344
2119 70954
2120 70834
2121 70621
2122 70592
2123 70656
2124 70380
2125 70096
2126 70392
2127 70471
2128 70533
2129 70039
2130 70696
2131 70701
2132 71115
2133 71337
2134 71541
2135 71451
2136 71404
2137 71811
2138 71142
2139 71066
2140 70812
2141 70783
2142 70691
2143 70389
2144 70443
2145 69867
2146 70211
2147 70563
2148 70465
2149 69858
2150 70501
2151 70818
2152 70954
2153 71076
2154 71702
2155 71543
2156 71459
2157 71789
2158 71393
2159 71101
2160 71081
2161 70520
2162 70268
2163 70100
2164 69908
2165 69897
2166 69801
2167 69886
2168 70199
2169 69987
2170 70868
2171 70610
2172 70769
2173 71259
2174 71458
2175 71899
2176 71437
2177 70955
2178 71362
2179 71051
2180 70647
2181 70864
2182 70424
2183 70599
2184 69992
2185 70015
2186 70154
2187 69959
2188 70140
2189 70088
2190 70591
2191 70673
2192 70741
2193 70861
2194 71340
2195 71231
2196 70954
2197 71290
2198 71345
2199 71159
2200 70484
2201 70279
2202 70696
2203 69832
2204 69795
2205 69822
2206 70097
2207 70073
2208 70233
2209 69680
2210 70454
2211 69977
2212 70854
2213 71263
2214 71489
2215 71578
2216 71188
2217 71450
2218 71006
2219 71339
2220 70977
2221 70905
2222 70309
2223 69988
2224 69999
2225 69412
2226 70206
2227 70282
2228 70030
2229 70557
2230 70110
2231 70279
2232 70939
2233 71249
2234 71087
2235 71379
2236 71476
2237 71607
2238 71869
2239 71098
2240 70861
2241 70631
2242 70288
2243 70262
2244 70074
2245 70343
2246 70017
2247 70287
2248 70091
2249 70334
2250 70772
2251 70723
2252 70936
2253 70913
2254 71263
2255 71024
2256 71636
2257 71363
2258 71354
2259 70870
2260 70689
2261 70924
2262 70279
2263 69923
2264 70030
2265 70081
2266 69982
2267 69961
2268 70106
2269 69999
2270 70407
2271 71074
2272 71036
2273 71111
2274 71375
2275 71674
2276 71156
2277 71337
2278 71194
2279 70753
2280 70769
2281 70675
2282 70269
2283 70171
2284 70069
2285 70078
2286 69625
2287 69596
2288 69692
2289 70390
2290 70558
2291 70893
2292 70513
2293 70776
2294 71223
2295 71376
2296 71507
2297 70908
2298 70884
2299 70275
2300 70727
2301 70868
2302 70226
2303 69641
2304 70025
2305 69624
2306 69567
2307 69868
2308 70549
2309 70765
2310 69940
2311 70662
2312 71093
2313 71157
2314 71405
2315 71343
2316 71398
2317 71456
2318 71217
2319 71109
2320 70355
2321 70548
2322 70052
2323 70192
2324 70318
2325 69773
2326 69694
2327 69826
2328 70324
2329 70482
2330 70641
2331 70405
2332 70672
2333 70761
2334 70921
2335 71234
2336 71199
2337 71399
2338 70978
2339 70658
2340 70578
2341 70349
2342 70401
2343 69731
2344 70166
2345 70070
2346 69952
2347 69867
2348 69385
2349 70777
2350 70296
2351 70514
2352 71133
2353 70475
2354 70791
2355 71343
2356 71288
2357 71420
2358 70367
2359 70958
2360 70482
2361 70196
2362 69934
2363 70176
2364 69651
2365 69507
2366 69882
2367 69764
2368 69874
2369 70117
2370 70543
2371 70360
2372 70670
2373 70804
2374 71105
2375 71440
2376 71309
2377 71000
2378 71341
2379 70408
2380 70431
2381 70421
2382 70503
2383 70452
2384 69577
2385 69734
2386 69790
2387 69526
2388 70114
2389 70076
2390 69926
2391 70600
2392 70484
2393 71036
2394 70924
2395 70917
2396 70586
2397 71126
2398 71038
2399 71105
2400 70446
2401 70410
2402 70234
2403 69930
2404 69600
2405 69957
2406 69649
2407 70095
2408 69687
2409 69917
2410 70069
2411 70653
2412 70524
2413 71037
2414 70977
2415 71163
2416 71212
2417 71333
2418 70848
2419 70832
2420 70564
2421 70218
2422 69941
2423 70132
2424 69941
2425 69734
2426 69789
2427 69684
2428 69624
2429 70321
2430 69783
2431 70365
2432 70271
2433 70608
2434 70707
2435 70959
2436 70928
2437 70854
2438 71119
2439 70714
2440 70414
2441 70004
2442 70052
2443 69827
2444 70283
2445 69757
2446 69548
2447 70047
2448 69551
2449 70306
2450 70583
2451 70676
2452 70990
2453 71090
2454 71318
2455 71368
2456 71650
2457 71525
2458 71246
2459 70685
2460 70714
2461 70367
2462 69980
2463 70038
2464 69821
2465 70313
2466 69660
2467 70115
2468 69993
2469 70068
2470 70257
2471 70748
2472 70488
2473 70822
2474 71081
2475 71605
2476 71513
2477 71378
2478 71197
2479 70843
2480 70519
2481 70409
2482 70156
2483 70075
2484 69570
2485 69953
2486 69599
2487 69618
2488 70043
2489 70136
2490 70098
2491 70625
2492 70263
2493 71003
2494 71546
2495 71494
2496 71173
2497 71444
2498 71269
2499 70482
2500 70667
2501 70218
2502 70034
2503 70216
2504 69797
2505 69461
2506 70016
2507 69478
2508 69759
2509 69986
2510 70785
2511 70467
2512 70562
2513 70421
2514 70746
2515 71619
2516 71289
2517 70874
2518 71007
2519 70868
2520 70527
2521 70342
2522 69883
2523 69881
2524 70261
2525 69430
2526 69733
2527 69588
2528 70337
2529 69927
2530 69916
2531 70403
2532 70599
2533 71245
2534 70697
2535 71143
2536 71376
2537 70681
2538 71121
2539 70735
2540 70303
2541 70310
2542 69945
2543 70003
2544 69868
2545 69663
2546 69825
2547 70153
2548 70104
2549 69949
2550 70264
2551 70784
2552 70929
2553 70833
2554 70885
2555 71387
2556 70960
2557 70784
2558 70831
2559 70656
2560 70690
2561 70311
2562 69958
2563 69821
2564 69648
2565 69932
2566 69653
2567 69929
2568 69957
2569 69635
2570 70013
2571 70026
2572 70760
2573 70969
2574 71432
2575 71355
2576 70960
2577 70965
2578 70585
2579 70377
2580 70694
2581 70294
2582 70297
2583 69735
2584 69234
2585 69450
2586 70012
2587 70103
2588 70228
2589 70568
2590 70406
2591 70375
2592 70486
2593 70665
2594 71395
2595 71176
2596 71277
2597 71532
2598 70789
2599 70935
2600 70406
2601 70482
2602 69965
2603 69741
2604 69626
2605 69684
2606 69829
2607 69779
2608 69391
2609 70357
2610 70134
2611 70398
2612 70314
2613 70643
2614 71082
2615 70799
2616 70848
2617 71061
2618 71042
2619 70538
2620 70966
2621 70428
2622 70059
2623 69803
2624 70157
2625 69672
2626 69697
2627 69830
2628 69959
2629 70039
2630 70166
2631 70205
2632 70826
2633 70872
2634 71321
2635 70946
2636 71487
2637 71058
2638 71236
2639 70817
2640 70236
2641 70248
2642 70441
2643 69802
2644 69842
2645 69765
2646 69966
2647 70051
2648 69843
2649 69899
2650 69991
2651 70407
2652 70848
2653 70857
2654 70972
2655 70752
2656 71387
2657 70649
2658 71140
2659 70779
2660 70073
2661 70258
2662 70525
2663 69956
2664 69784
2665 69685
2666 69719
2667 69749
2668 69788
2669 70318
2670 70271
2671 70084
2672 70091
2673 71121
2674 71334
2675 70590
2676 71181
2677 70651
2678 70568
2679 70388
2680 70649
2681 70308
2682 70283
2683 69858
2684 69711
2685 70002
2686 69333
2687 69631
2688 69562
2689 70149
2690 69942
2691 70383
2692 70143
2693 70883
2694 71034
2695 71341
2696 70644
2697 71405
2698 70645
2699 70719
2700 70473
2701 70308
2702 70136
2703 69852
2704 69435
2705 69526
2706 69386
2707 69545
2708 69282
2709 69796
2710 70187
2711 69886
2712 70707
2713 70816
2714 70538
2715 70823
2716 70727
2717 70878
2718 71013
2719 70099
2720 69940
2721 70106
2722 69707
2723 69886
2724 69770
2725 69594
2726 69344
2727 69510
2728 69604
2729 69415
2730 70277
2731 70201
2732 70247
2733 70209
2734 70527
2735 70928
2736 70643
2737 70570
2738 70774
2739 70226
2740 70023
2741 70138
2742 69759
2743 69940
2744 69589
2745 69863
2746 69345
2747 69911
2748 69785
2749 70005
2750 69897
2751 70293
2752 70341
2753 70598
2754 70705
2755 70918
2756 70888
2757 70396
2758 70698
2759 70452
2760 70156
2761 70342
2762 70191
2763 69816
2764 69602
2765 69723
2766 68988
2767 69336
2768 69591
2769 69614
2770 69904
2771 69433
2772 70444
2773 70479
2774 70661
2775 70184
2776 70190
2777 70735
2778 70009
2779 70083
2780 69973
2781 69607
2782 69184
2783 69656
2784 69526
2785 68905
2786 69254
2787 68899
2788 69413
2789 69771
2790 69822
2791 69795
2792 70469
2793 70147
2794 70391
2795 69982
2796 70233
2797 70644
2798 70220
2799 70015
2800 69730
2801 69656
2802 69532
2803 69210
2804 68932
2805 68998
2806 69492
2807 69246
2808 69809
2809 69665
2810 69641
2811 70135
2812 70321
2813 70616
2814 70208
2815 70249
2816 70355
2817 70692
2818 70175
2819 69983
2820 69442
2821 69286
2822 69533
2823 69691
2824 69104
2825 69654
2826 69401
2827 69334
2828 69607
2829 69941
2830 69790
2831 69869
2832 70751
2833 70331
2834 69813
2835 70450
2836 70498
2837 70155
2838 70073
2839 69857
2840 69776
2841 69072
2842 69743
2843 69252
2844 69212
2845 69186
2846 68723
2847 68750
2848 69374
2849 69340
2850 69259
2851 69464
2852 69331
2853 70042
2854 70282
2855 70388
2856 70566
2857 70209
2858 70560
2859 70190
2860 69589
2861 69797
2862 69677
2863 69409
2864 69229
2865 69289
2866 69045
2867 69552
2868 69224
2869 69677
2870 69622
2871 69490
2872 69766
2873 70264
2874 70566
2875 70256
2876 70077
2877 70325
2878 70235
2879 70007
2880 69526
2881 69722
2882 69422
2883 68947
2884 68950
2885 69071
2886 68859
2887 69279
2888 69122
2889 68996
2890 69493
2891 70020
2892 70000
2893 70041
2894 70051
2895 70255
2896 69944
2897 70068
2898 70635
2899 70074
2900 70151
2901 69621
2902 69434
2903 69263
2904 68988
2905 68920
2906 69403
2907 68757
2908 69099
2909 69498
2910 69266
2911 69269
2912 69981
2913 69962
2914 70022
2915 69797
2916 70195
2917 70082
2918 70076
2919 70319
2920 69487
2921 69632
2922 69018
2923 69541
2924 69278
2925 68864
2926 69231
2927 69147
2928 69454
2929 69096
2930 69275
2931 69802
2932 69997
2933 70311
2934 70133
2935 70415
2936 70439
2937 70220
2938 70087
2939 70070
2940 70029
2941 69601
2942 69579
2943 69332
2944 68915
2945 69139
2946 68907
2947 69051
2948 69367
2949 69173
2950 69491
2951 69827
2952 69869
2953 70286
2954 70499
2955 69907
2956 70143
2957 70240
2958 70128
2959 69744
2960 69453
2961 69736
2962 69340
2963 69544
2964 69217
2965 69317
2966 69172
2967 69034
2968 69007
2969 69319
2970 69416
2971 69632
2972 69688
2973 69998
2974 70220
2975 70072
2976 70245
2977 70348
2978 70193
2979 70116
2980 70207
2981 69522
2982 69564
2983 69676
2984 69160
2985 69163
2986 68676
2987 69577
2988 69520
2989 69023
2990 69234
2991 69374
2992 69659
2993 69933
2994 69921
2995 69743
2996 70024
2997 69987
2998 70076
2999 70044
3000 70213
3001 69690
3002 69459
3003 69417
3004 69082
3005 69049
3006 69306
3007 69399
3008 69258
3009 69144
3010 69558
3011 69699
3012 69973
3013 69899
3014 70348
3015 70507
3016 70625
3017 70713
3018 70559
3019 69801
3020 69853
3021 69730
3022 69163
3023 68863
3024 69093
3025 68915
3026 69487
3027 69427
3028 69103
3029 68812
3030 69613
3031 69890
3032 70002
3033 69943
3034 70239
3035 70660
3036 70309
3037 70551
3038 70271
3039 69908
3040 69385
3041 69683
3042 69696
3043 69481
3044 69651
3045 69157
3046 69721
3047 69577
3048 69543
3049 69126
3050 69392
3051 69808
3052 70455
3053 70368
3054 70804
3055 70833
3056 70989
3057 70530
3058 69823
3059 69939
3060 70080
3061 69533
3062 69865
3063 69491
3064 69463
3065 69179
3066 69690
3067 69383
3068 69502
3069 69804
3070 69739
3071 69967
3072 69714
3073 70484
3074 70654
3075 70904
3076 70416
3077 70499
3078 70777
3079 70269
3080 70233
3081 69831
3082 70006
3083 70008
3084 69488
3085 69317
3086 69385
3087 69619
3088 69440
3089 69436
3090 69837
3091 69831
3092 70013
3093 70313
3094 70632
3095 70871
3096 70175
3097 70396
3098 70699
3099 70184
3100 69904
3101 69940
3102 69384
3103 69408
3104 69241
3105 69111
3106 68862
3107 69095
3108 69127
3109 69495
3110 69554
3111 69820
3112 70132
3113 70230
3114 70604
3115 70556
3116 70618
3117 70833
3118 70427
3119 70136
3120 70039
3121 69718
3122 69188
3123 69278
3124 69751
3125 69111
3126 69171
3127 69582
3128 69768
3129 69555
3130 69990
3131 69703
3132 70170
3133 70112
3134 70223
3135 70404
3136 70120
3137 70511
3138 70017
3139 69962
3140 70090
3141 69469
3142 69654
3143 69731
3144 69075
3145 68974
3146 68681
3147 69067
3148 69168
3149 69352
3150 69380
3151 69069
3152 70188
3153 69923
3154 70139
3155 70780
3156 70491
3157 70677
3158 70206
3159 69935
3160 69596
3161 69773
3162 69599
3163 68915
3164 69058
3165 68763
3166 68989
3167 69287
3168 68569
3169 69501
3170 69860
3171 69504
3172 70069
3173 69999
3174 70398
3175 70173
3176 70451
3177 70582
3178 69818
3179 70053
3180 69307
3181 70102
3182 69374
3183 69196
3184 68624
3185 68805
3186 68883
3187 68687
3188 69183
3189 69171
3190 69532
3191 69190
3192 69858
3193 69529
3194 69682
3195 70102
3196 70233
3197 70050
3198 69688
3199 69688
3200 69434
3201 69334
3202 69646
3203 69176
3204 69019
3205 68593
3206 69107
3207 68981
3208 68968
3209 69036
3210 69439
3211 69397
3212 69866
3213 69434
3214 70708
3215 70488
3216 70121
3217 70281
3218 69621
3219 69811
3220 69500
3221 69354
3222 69057
3223 69033
3224 69364
3225 69070
3226 69323
3227 68976
3228 69197
3229 69055
3230 69386
3231 69598
3232 69441
3233 70131
3234 70287
3235 69906
3236 69774
3237 69715
3238 69932
3239 70217
3240 69610
3241 69917
3242 69057
3243 68996
3244 69082
3245 68644
3246 68580
3247 68492
3248 68967
3249 69385
3250 69449
3251 69737
3252 69118
3253 69498
3254 69517
3255 70052
3256 70211
3257 69785
3258 70039
3259 69889
3260 69344
3261 69479
3262 69145
3263 68899
3264 68899
3265 68876
3266 68685
3267 68623
3268 68751
3269 69392
3270 69195
3271 69219
3272 69165
3273 69945
3274 69839
3275 70157
3276 69542
3277 69670
3278 69959
3279 69482
3280 69475
3281 69431
3282 69550
3283 68973
3284 68996
3285 68948
3286 68434
3287 68644
3288 69422
3289 68770
3290 69658
3291 69354
3292 69385
3293 69521
3294 70110
3295 70218
3296 70214
3297 69795
3298 70355
3299 69249
3300 69668
3301 69075
3302 68683
3303 68915
3304 68771
3305 68737
3306 68907
3307 68577
3308 68764
3309 68741
3310 69280
3311 69353
3312 69734
3313 69696
3314 69923
3315 69932
3316 70576
3317 69888
3318 69815
3319 69872
3320 69531
3321 69182
3322 69073
3323 68604
3324 68947
3325 68481
3326 68919
3327 68516
3328 69588
3329 68923
3330 69535
3331 69103
3332 69565
3333 69893
3334 69999
3335 69812
3336 69594
3337 69869
3338 69811
3339 69383
3340 69696
3341 68975
3342 68790
3343 68969
3344 68863
3345 68842
3346 68738
3347 68721
3348 68951
3349 68810
3350 69221
3351 69181
3352 69583
3353 69678
3354 69915
3355 69604
3356 69668
3357 69703
3358 69895
3359 70020
3360 69340
3361 69226
3362 68788
3363 68731
3364 68679
3365 68643
3366 68207
3367 68716
3368 68730
3369 68906
3370 69275
3371 69113
3372 69372
3373 69716
3374 70056
3375 69803
3376 69993
3377 69886
3378 69564
3379 69467
3380 69223
3381 69230
3382 68364
3383 68735
3384 68464
3385 68882
3386 68549
3387 68840
3388 68675
3389 68913
3390 69113
3391 69467
3392 69221
3393 69550
3394 69743
3395 69820
3396 69602
3397 69604
3398 70135
3399 69646
3400 69293
3401 69070
3402 69289
3403 68722
3404 68186
3405 68684
3406 68193
3407 68561
3408 68633
3409 68646
3410 69144
3411 69391
3412 69615
3413 69501
3414 69368
3415 70079
3416 69914
3417 70124
3418 69641
3419 69493
3420 69533
3421 69706
3422 69048
3423 69089
3424 69132
3425 69042
3426 69106
3427 69121
3428 68853
3429 69416
3430 69275
3431 69654
3432 69729
3433 69531
3434 70175
3435 70200
3436 69738
3437 69680
3438 69653
3439 69852
3440 69268
3441 69439
3442 68829
3443 69130
3444 68790
3445 68940
3446 68860
3447 68818
3448 68610
3449 68987
3450 69194
3451 69578
3452 69379
3453 69601
3454 69949
3455 69928
3456 69520
3457 69705
3458 70058
3459 69632
3460 69293
3461 68820
3462 69120
3463 68857
3464 68637
3465 68947
3466 68869
3467 68297
3468 68556
3469 69371
3470 69004
3471 69342
3472 69735
3473 69676
3474 69593
3475 69619
3476 69486
3477 69964
3478 69870
3479 69790
3480 69283
3481 69183
3482 69063
3483 69126
3484 68689
3485 68657
3486 68690
3487 68732
3488 68716
3489 68745
3490 68714
3491 68909
3492 69350
3493 69549
3494 69306
3495 69496
3496 69433
3497 69512
3498 69191
3499 69611
3500 69286
3501 69364
3502 68613
3503 68932
3504 68708
3505 68700
3506 69044
3507 68940
3508 68605
3509 68790
3510 69169
3511 69372
3512 69392
3513 69355
3514 69314
3515 69899
3516 69698
3517 69870
3518 69429
3519 69568
3520 68821
3521 69029
3522 68864
3523 69087
3524 68558
3525 68649
3526 68347
3527 68432
3528 68621
3529 68838
3530 69290
3531 69388
3532 69207
3533 69500
3534 69630
3535 69327
3536 69518
3537 69735
3538 69386
3539 69013
3540 68743
3541 69310
3542 68953
3543 68814
3544 68819
3545 68369
3546 68438
3547 68466
3548 68523
3549 68890
3550 68776
3551 69100
3552 69833
3553 69875
3554 69928
3555 69560
3556 69541
3557 69774
3558 69500
3559 69657
3560 69254
3561 68971
3562 69339
3563 68870
3564 68581
3565 68770
3566 68437
3567 68461
3568 68590
3569 69070
3570 68684
3571 69299
3572 69295
3573 69587
3574 69609
3575 69521
3576 69467
3577 69644
3578 69619
3579 69226
3580 68866
3581 68912
3582 68949
3583 68311
3584 68936
3585 68388
3586 68456
3587 68797
3588 68499
3589 69042
3590 68706
3591 69248
3592 69392
3593 69270
3594 69401
3595 69598
3596 69714
3597 69743
3598 69781
3599 69296
3600 69229
3601 69187
3602 68904
3603 68845
3604 68420
3605 68223
3606 68441
3607 68746
3608 68288
3609 68678
3610 68466
3611 68999
3612 69314
3613 69321
3614 69197
3615 69556
3616 69999
3617 69276
3618 69558
3619 69836
3620 68749
3621 68680
3622 68516
3623 68659
3624 68547
3625 68401
3626 68320
3627 68132
3628 68949
3629 68547
3630 69109
3631 68892
3632 68772
3633 69754
3634 69237
3635 69441
3636 69648
3637 69294
3638 69284
3639 69281
3640 69036
3641 69051
3642 68710
3643 68444
3644 68598
3645 68644
3646 68394
3647 68051
3648 68628
3649 68067
3650 68396
3651 68756
3652 68999
3653 69144
3654 69489
3655 69067
3656 69013
3657 69499
3658 69058
3659 68829
3660 69105
3661 68930
3662 68275
3663 68402
3664 68293
3665 67777
3666 68409
3667 68604
3668 68351
3669 68192
3670 68818
3671 68733
3672 69042
3673 68862
3674 68920
3675 69216
3676 69432
3677 69251
3678 69171
3679 69117
3680 68691
3681 68520
3682 68641
3683 68145
3684 68470
3685 68471
3686 68087
3687 68031
3688 68222
3689 68772
3690 68630
3691 68521
3692 69149
3693 68665
3694 68995
3695 69279
3696 69387
3697 69020
3698 69395
3699 69014
3700 68603
3701 68443
3702 69127
3703 68576
3704 68878
3705 68461
3706 68019
3707 67746
3708 68164
3709 68258
3710 68648
3711 68375
3712 68888
3713 69837
3714 69136
3715 69033
3716 69114
3717 69011
3718 68504
3719 68897
3720 68772
3721 68774
3722 68320
3723 68185
3724 68492
3725 68417
3726 68190
3727 67882
3728 68176
3729 68660
3730 68641
3731 68356
3732 68805
3733 68665
3734 69205
3735 69019
3736 69256
3737 68773
3738 68976
3739 68779
3740 68678
3741 69249
3742 68476
3743 68310
3744 68256
3745 68552
3746 68351
3747 68371
3748 68358
3749 68749
3750 68503
3751 68824
3752 68595
3753 68959
3754 69537
3755 69646
3756 68954
3757 69171
3758 68738
3759 69356
3760 69091
3761 68886
3762 68281
3763 68274
3764 68063
3765 68119
3766 68490
3767 68267
3768 68800
3769 68118
3770 68612
3771 68981
3772 69216
3773 68871
3774 69542
3775 69602
3776 69319
3777 69496
3778 69206
3779 68982
3780 69088
3781 68536
3782 68299
3783 68722
3784 68381
3785 67930
3786 68278
3787 68064
3788 68368
3789 68471
3790 68740
3791 68635
3792 69232
3793 69212
3794 69403
3795 69086
3796 69010
3797 69376
3798 69386
3799 68855
3800 69115
3801 68503
3802 68558
3803 68369
3804 68163
3805 68338
3806 68301
3807 68684
3808 68293
3809 68637
3810 68527
3811 68847
3812 69081
3813 69621
3814 69650
3815 69556
3816 69139
3817 68956
3818 69300
3819 69677
3820 69214
3821 69446
3822 68589
3823 68671
3824 68380
3825 68085
3826 68701
3827 68367
3828 68644
3829 68480
3830 68811
3831 69103
3832 68925
3833 69163
3834 69556
3835 69509
3836 69347
3837 69906
3838 69410
3839 69414
3840 68821
3841 68568
3842 68382
3843 68568
3844 68063
3845 68294
3846 68336
3847 68684
3848 68623
3849 69206
3850 68769
3851 69013
3852 69066
3853 69381
3854 69358
3855 69577
3856 69563
3857 69610
3858 69667
3859 69236
3860 69035
3861 68697
3862 68638
3863 68495
3864 68204
3865 68377
3866 68492
3867 68511
3868 68605
3869 69069
3870 68882
3871 69266
3872 69440
3873 69171
3874 69645
3875 69217
3876 69566
3877 69782
3878 69798
3879 69498
3880 69312
3881 68688
3882 68904
3883 68806
3884 68712
3885 68693
3886 68394
3887 68617
3888 68445
3889 68705
3890 69039
3891 69062
3892 69615
3893 69790
3894 69500
3895 69711
3896 69445
3897 69323
3898 69205
3899 69003
3900 69459
3901 69015
3902 68973
3903 68581
3904 68584
3905 68345
3906 68388
3907 68804
3908 68437
3909 69281
3910 69051
3911 68784
3912 69217
3913 70049
3914 69513
3915 69643
3916 69969
3917 69670
3918 69741
3919 69534
3920 69574
3921 69117
3922 69129
3923 68355
3924 68403
3925 68303
3926 68539
3927 68841
3928 68990
3929 68974
3930 68962
3931 69246
3932 69424
3933 69470
3934 69656
3935 69514
3936 70210
3937 70113
3938 69636
3939 69457
3940 69173
3941 69625
3942 69242
3943 69203
3944 69380
3945 69226
3946 68872
3947 69093
3948 69459
3949 69227
3950 69324
3951 69192
3952 69589
3953 69649
3954 69754
3955 69952
3956 69594
3957 69580
3958 69647
3959 69550
3960 69185
3961 68974
3962 68946
3963 68448
3964 68899
3965 68192
3966 68573
3967 68607
3968 69177
3969 68834
3970 69009
3971 69101
3972 69499
3973 69732
3974 69895
3975 70070
3976 70003
3977 69609
3978 69644
3979 69369
3980 69313
3981 69220
3982 68890
3983 69146
3984 68905
3985 68866
3986 68533
3987 68496
3988 68697
3989 68433
3990 69091
3991 69285
3992 69460
3993 69565
3994 70004
3995 69816
3996 69912
3997 69713
3998 69478
3999 69653
4000 69681
4001 69513
4002 69107
4003 69035
4004 69174
4005 68863
4006 68781
4007 68795
4008 69435
4009 68937
4010 69339
4011 69207
4012 69458
4013 69758
4014 69792
4015 69822
4016 70180
4017 70088
4018 70133
4019 69526
4020 69363
4021 69364
4022 69221
4023 68865
4024 68917
4025 68865
4026 69223
4027 69270
4028 69250
4029 69341
4030 69370
4031 69921
4032 70015
4033 69757
4034 70252
4035 70536
4036 70085
4037 70024
4038 69947
4039 69772
4040 69724
4041 69286
4042 69171
4043 68990
4044 69090
4045 69070
4046 68643
4047 69068
4048 69282
4049 69539
4050 69672
4051 69450
4052 69849
4053 70198
4054 70062
4055 70195
4056 70280
4057 70216
4058 69881
4059 69546
4060 69226
4061 69940
4062 69421
4063 69244
4064 69114
4065 69122
4066 69295
4067 69378
4068 69165
4069 69060
4070 69045
4071 70030
4072 69783
4073 70028
4074 69918
4075 70417
4076 70271
4077 70545
4078 69906
4079 70062
4080 69807
4081 69291
4082 69359
4083 69509
4084 69125
4085 68825
4086 69014
4087 68952
4088 69179
4089 69246
4090 69376
4091 69622
4092 69499
4093 69802
4094 70031
4095 70239
4096 70406
4097 70297
4098 70356
4099 70273
4100 69597
4101 69781
4102 69073
4103 69099
4104 68994
4105 69146
4106 69093
4107 68953
4108 69386
4109 69434
4110 68986
4111 69335
4112 69879
4113 69656
4114 70296
4115 70222
4116 70282
4117 69982
4118 69860
4119 69583
4120 69538
4121 69713
4122 69378
4123 69115
4124 68887
4125 69084
4126 69083
4127 68989
4128 69666
4129 69406
4130 69638
4131 69395
4132 69533
4133 69799
4134 70188
4135 70487
4136 70315
4137 70030
4138 69883
4139 69885
4140 69533
4141 69713
4142 69604
4143 69070
4144 68753
4145 68961
4146 69190
4147 69296
4148 68999
4149 69032
4150 68984
4151 69745
4152 69845
4153 69860
4154 70084
4155 70195
4156 70293
4157 70261
4158 69796
4159 70120
4160 69978
4161 68959
4162 69483
4163 68985
4164 69043
4165 68903
4166 68794
4167 69392
4168 69618
4169 69536
4170 69362
4171 70047
4172 69883
4173 70128
4174 70390
4175 70183
4176 70131
4177 70093
4178 69954
4179 70401
4180 69690
4181 69272
4182 69065
4183 69142
4184 68998
4185 68792
4186 68890
4187 68998
4188 69299
4189 69291
4190 69026
4191 69295
4192 69845
4193 70435
4194 70590
4195 70170
4196 70190
4197 70243
4198 69753
4199 69938
4200 69963
4201 70011
4202 69603
4203 69731
4204 69829
4205 69401
4206 69700
4207 69479
4208 69683
4209 69524
4210 69576
4211 69739
4212 69901
4213 70629
4214 70101
4215 70620
4216 70591
4217 70792
4218 70066
4219 69873
4220 70036
4221 69723
4222 69287
4223 69391
4224 68985
4225 69303
4226 69211
4227 68735
4228 69220
4229 69578
4230 69576
4231 69835
4232 69822
4233 69882
4234 69980
4235 70140
4236 70272
4237 70236
4238 70164
4239 69494
4240 69790
4241 69634
4242 69238
4243 69369
4244 68743
4245 69063
4246 68846
4247 68803
4248 68792
4249 69060
4250 69704
4251 69524
4252 69507
4253 69677
4254 70115
4255 70182
4256 69961
4257 69745
4258 69495
4259 69237
4260 69261
4261 68454
4262 69130
4263 68648
4264 68338
4265 68455
4266 68325
4267 68128
4268 68287
4269 68046
4270 68240
4271 68500
4272 68632
4273 68299
4274 68586
4275 68797
4276 68589
4277 68098
4278 68329
4279 67928
4280 67991
4281 67353
4282 67343
4283 66701
4284 66883
4285 66904
4286 66780
4287 66704
4288 66461
4289 66307
4290 66867
4291 66871
4292 66922
4293 67322
4294 67470
4295 67373
4296 66944
4297 67136
4298 66800
4299 66909
4300 66643
4301 66573
4302 66656
4303 66549
4304 65865
4305 65530
4306 66009
4307 65960
4308 66115
4309 66339
4310 66080
4311 66423
4312 66806
4313 66617
4314 67041
4315 67060
4316 67120
4317 66705
4318 67517
4319 66931
4320 66519
4321 66479
4322 66163
4323 66382
4324 65629
4325 66005
4326 66133
4327 65777
4328 66465
4329 66315
4330 66388
4331 66672
4332 66671
4333 67225
4334 67745
4335 67198
4336 67386
4337 67246
4338 67198
4339 67153
4340 66538
4341 66749
4342 65977
4343 66064
4344 65672
4345 66302
4346 66170
4347 65915
4348 66406
4349 66118
4350 66766
4351 66699
4352 67223
4353 67304
4354 67457
4355 67472
4356 67548
4357 67419
4358 67045
4359 67458
4360 66959
4361 66551
4362 66287
4363 65936
4364 65603
4365 65321
4366 66087
4367 66037
4368 65823
4369 65988
4370 66006
4371 65828
4372 66565
4373 66382
4374 66848
4375 66681
4376 66748
4377 66842
4378 66362
4379 66399
4380 66124
4381 66078
4382 65985
4383 65624
4384 65540
4385 65407
4386 65377
4387 65361
4388 65720
4389 65391
4390 65965
4391 66325
4392 66306
4393 66544
4394 66552
4395 66787
4396 66471
4397 66149
4398 66685
4399 66338
4400 66216
4401 66009
4402 65873
4403 66131
4404 66087
4405 64936
4406 65150
4407 65624
4408 65432
4409 65669
4410 65572
4411 65585
4412 66214
4413 66459
4414 66399
4415 66309
4416 66465
4417 66758
4418 66303
4419 66282
4420 66093
4421 65729
4422 66094
4423 66080
4424 66126
4425 65725
4426 65844
4427 66501
4428 66191
4429 66311
4430 66760
4431 66658
4432 67741
4433 68021
4434 67696
4435 68221
4436 68666
4437 68605
4438 68555
4439 68963
4440 68410
4441 68906
4442 68774
4443 68375
4444 68485
4445 68649
4446 68313
4447 68438
4448 68751
4449 68723
4450 68654
4451 68735
4452 69487
4453 69228
4454 69435
4455 69581
4456 69860
4457 69416
4458 69139
4459 68985
4460 69023
4461 69115
4462 68996
4463 68911
4464 68269
4465 68305
4466 67573
4467 68294
4468 68631
4469 68383
4470 68559
4471 68991
4472 69026
4473 68934
4474 69358
4475 69255
4476 69245
4477 69150
4478 69114
4479 69027
4480 69053
4481 68796
4482 68915
4483 68604
4484 68477
4485 68055
4486 68167
4487 68527
4488 68644
4489 68380
4490 68813
4491 68793
4492 68716
4493 69016
4494 69134
4495 69061
4496 69004
4497 69108
4498 69120
4499 69186
4500 68894
4501 68681
4502 68335
4503 68490
4504 68547
4505 68303
4506 68089
4507 68178
4508 68199
4509 68599
4510 68381
4511 68280
4512 68812
4513 69312
4514 69147
4515 69021
4516 69194
4517 68680
4518 69176
4519 69150
4520 69111
4521 68735
4522 68731
4523 68452
4524 68272
4525 68305
4526 67999
4527 67795
4528 68356
4529 68199
4530 68387
4531 68311
4532 68743
4533 68616
4534 69346
4535 68842
4536 69430
4537 69185
4538 68709
4539 68836
4540 68308
4541 68462
4542 68351
4543 68452
4544 67846
4545 67888
4546 68185
4547 68170
4548 68181
4549 68832
4550 68585
4551 68499
4552 68442
4553 68676
4554 68729
4555 69010
4556 68466
4557 68518
4558 68242
4559 68492
4560 68140
4561 67747
4562 68210
4563 67091
4564 67041
4565 67122
4566 66731
4567 67108
4568 66934
4569 67029
4570 67021
4571 67046
4572 66730
4573 66627
4574 66105
4575 66575
4576 66246
4577 66559
4578 66272
4579 65641
4580 64992
4581 64829
4582 64745
4583 64962
4584 64609
4585 64347
4586 65222
4587 64538
4588 64581
4589 64994
4590 65026
4591 65184
4592 65180
4593 65044
4594 65562
4595 65241
4596 65616
4597 65524
4598 65271
4599 65241
4600 64934
4601 64888
4602 65011
4603 64651
4604 64308
4605 64393
4606 64279
4607 64293
4608 64421
4609 64629
4610 64446
4611 64580
4612 64454
4613 64926
4614 65452
4615 65163
4616 65129
4617 65390
4618 65289
4619 64956
4620 64430
4621 64563
4622 64589
4623 64354
4624 64060
4625 64267
4626 63884
4627 64154
4628 63981
4629 64297
4630 64147
4631 64644
4632 65001
4633 64430
4634 64530
4635 64672
4636 64615
4637 65179
4638 64834
4639 64097
4640 64264
4641 64709
4642 64043
4643 64244
4644 63901
4645 63846
4646 64033
4647 64136
4648 64687
4649 64655
4650 65548
4651 65339
4652 66139
4653 66163
4654 66768
4655 66559
4656 66755
4657 66982
4658 66793
4659 67005
4660 66809
4661 66513
4662 66313
4663 66599
4664 66309
4665 66581
4666 66200
4667 65839
4668 66581
4669 66321
4670 66550
4671 66609
4672 66732
4673 66908
4674 67385
4675 67126
4676 67046
4677 66771
4678 67060
4679 66544
4680 66905
4681 66729
4682 66350
4683 66266
4684 66203
4685 66266
4686 65830
4687 66086
4688 65678
4689 65879
4690 66554
4691 66809
4692 66447
4693 67068
4694 67507
4695 67262
4696 67118
4697 67273
4698 66988
4699 66726
4700 66999
4701 66778
4702 66766
4703 66069
4704 66129
4705 66190
4706 66176
4707 66425
4708 66476
4709 66765
4710 67049
4711 66503
4712 66564
4713 67123
4714 67787
4715 66875
4716 67186
4717 67080
4718 67167
4719 66755
4720 66673
4721 66300
4722 66487
4723 66199
4724 65902
4725 66079
4726 65532
4727 66343
4728 65897
4729 66127
4730 66361
4731 65933
4732 66719
4733 66619
4734 66943
4735 66825
4736 66852
4737 66480
4738 66874
4739 66404
4740 66495
4741 66041
4742 65724
4743 65813
4744 65731
4745 65420
4746 65435
4747 65882
4748 65444
4749 65584
4750 66191
4751 65641
4752 65814
4753 66515
4754 66413
4755 66474
4756 66467
4757 66300
4758 66196
4759 66197
4760 65983
4761 65597
4762 65299
4763 65341
4764 65601
4765 65134
4766 65069
4767 64837
4768 65217
4769 65488
4770 65361
4771 66126
4772 65591
4773 66149
4774 66127
4775 65784
4776 66074
4777 66294
4778 65761
4779 65606
4780 65670
4781 65642
4782 65069
4783 64762
4784 64536
4785 64971
4786 64860
4787 64893
4788 64866
4789 65121
4790 65364
4791 65344
4792 65570
4793 65858
4794 65726
4795 65616
4796 66091
4797 65770
4798 65751
4799 65300
4800 65247
4801 65239
4802 64872
4803 65003
4804 64646
4805 64345
4806 64462
4807 64433
4808 64661
4809 64689
4810 65477
4811 65454
4812 65405
4813 65902
4814 65949
4815 65539
4816 65913
4817 65856
4818 65718
4819 65329
4820 65169
4821 64936
4822 64858
4823 64515
4824 64438
4825 64493
4826 64119
4827 64330
4828 64796
4829 65011
4830 64770
4831 64714
4832 65335
4833 65023
4834 65378
4835 65438
4836 65828
4837 65550
4838 65258
4839 65309
4840 65314
4841 64640
4842 64697
4843 64805
4844 64305
4845 63918
4846 64145
4847 64283
4848 64528
4849 64520
4850 64909
4851 64953
4852 65187
4853 65348
4854 65102
4855 65548
4856 65281
4857 65757
4858 65419
4859 65633
4860 65532
4861 64927
4862 64586
4863 64244
4864 64508
4865 64408
4866 63818
4867 64243
4868 64301
4869 64501
4870 64824
4871 64608
4872 64915
4873 65197
4874 65423
4875 65569
4876 65095
4877 65119
4878 65426
4879 64847
4880 65103
4881 64914
4882 64259
4883 64625
4884 64906
4885 64058
4886 63893
4887 64022
4888 64511
4889 64957
4890 64739
4891 64786
4892 64961
4893 65096
4894 64852
4895 65607
4896 65420
4897 65172
4898 65064
4899 65051
4900 64785
4901 64473
4902 64400
4903 64083
4904 64303
4905 64089
4906 63934
4907 63852
4908 64223
4909 64251
4910 64715
4911 64282
4912 64989
4913 65238
4914 65243
4915 65439
4916 65241
4917 65267
4918 64971
4919 64826
4920 64948
4921 64590
4922 63953
4923 64306
4924 64005
4925 63766
4926 63745
4927 64139
4928 64378
4929 64584
4930 64440
4931 64609
4932 64774
4933 64694
4934 65038
4935 64728
4936 65212
4937 65291
4938 64756
4939 65006
4940 64771
4941 64538
4942 64191
4943 64108
4944 63962
4945 63965
4946 63749
4947 63517
4948 63933
4949 64550
4950 64623
4951 64963
4952 64857
4953 64826
4954 65125
4955 65406
4956 65122
4957 65327
4958 65190
4959 64753
4960 64515
4961 64001
4962 64176
4963 63837
4964 63893
4965 64178
4966 63465
4967 63661
4968 63813
4969 63959
4970 64668
4971 64501
4972 64766
4973 64508
4974 65097
4975 65099
4976 64804
4977 65068
4978 64798
4979 64422
4980 64502
4981 64634
4982 64040
4983 64071
4984 63743
4985 63437
4986 63867
4987 63809
4988 64198
4989 64219
4990 64099
4991 64249
4992 64991
4993 65059
4994 65492
4995 65113
4996 64554
4997 65090
4998 64988
4999 65210
5000 64596
5001 64224
5002 64504
5003 64052
5004 63821
5005 63900
5006 63714
5007 63828
5008 64159
5009 64141
5010 64546
5011 64770
5012 65341
5013 64956
5014 65034
5015 64940
5016 65084
5017 64835
5018 65185
5019 64808
5020 64314
5021 64493
5022 64072
5023 64298
5024 63970
5025 63536
5026 64264
5027 63889
5028 63870
5029 63865
5030 64554
5031 64385
5032 64518
5033 64861
5034 65056
5035 64920
5036 65203
5037 65136
5038 65110
5039 64680
5040 64927
5041 64125
5042 64062
5043 64334
5044 63946
5045 63786
5046 63593
5047 63815
5048 63586
5049 64080
5050 64118
5051 64344
5052 64708
5053 64581
5054 64894
5055 64732
5056 64879
5057 65103
5058 64940
5059 65081
5060 65028
5061 64529
5062 64057
5063 63925
5064 63883
5065 63840
5066 63590
5067 63584
5068 64100
5069 63781
5070 64167
5071 64465
5072 64862
5073 65048
5074 64890
5075 64590
5076 64972
5077 64554
5078 64880
5079 64647
5080 64187
5081 63789
5082 64288
5083 63845
5084 63890
5085 63172
5086 63509
5087 63215
5088 63949
5089 63860
5090 64463
5091 64434
5092 64472
5093 64372
5094 64575
5095 64532
5096 64898
5097 64425
5098 64946
5099 64327
5100 64354
5101 64218
5102 63642
5103 63976
5104 63527
5105 63485
5106 63310
5107 63415
5108 63445
5109 63672
5110 63677
5111 64034
5112 64403
5113 64152
5114 64863
5115 64827
5116 64361
5117 64681
5118 64325
5119 64589
5120 64123
5121 64006
5122 63538
5123 62992
5124 63475
5125 63263
5126 63199
5127 63096
5128 63362
5129 63526
5130 63685
5131 64141
5132 64239
5133 64272
5134 64798
5135 64582
5136 64344
5137 64622
5138 64537
5139 64046
5140 63929
5141 63818
5142 63432
5143 63438
5144 62736
5145 62749
5146 63142
5147 62823
5148 63133
5149 63338
5150 64066
5151 63637
5152 64125
5153 64112
5154 64994
5155 64269
5156 64607
5157 64634
5158 64634
5159 64020
5160 63689
5161 63949
5162 63737
5163 63598
5164 63098
5165 62975
5166 62852
5167 63284
5168 63549
5169 63568
5170 63528
5171 63591
5172 64031
5173 64108
5174 64747
5175 64336
5176 64702
5177 64344
5178 64620
5179 64069
5180 63724
5181 63899
5182 63617
5183 63272
5184 63219
5185 63089
5186 63060
5187 63304
5188 63234
5189 63346
5190 64029
5191 64139
5192 63797
5193 64478
5194 64218
5195 64457
5196 64178
5197 64323
5198 64023
5199 64523
5200 63693
5201 63742
5202 63304
5203 63391
5204 62761
5205 62882
5206 62544
5207 62782
5208 63175
5209 63232
5210 64087
5211 63651
5212 64255
5213 64112
5214 64370
5215 63894
5216 63778
5217 64756
5218 64082
5219 63884
5220 63529
5221 63332
5222 63186
5223 63117
5224 62820
5225 62277
5226 62358
5227 63073
5228 63031
5229 63251
5230 63530
5231 63527
5232 63802
5233 64079
5234 64310
5235 64372
5236 64245
5237 64639
5238 64089
5239 64329
5240 64006
5241 63714
5242 63464
5243 62913
5244 63005
5245 62778
5246 62589
5247 62980
5248 63214
5249 63370
5250 63110
5251 63478
5252 63663
5253 64576
5254 63582
5255 64198
5256 64358
5257 64460
5258 64225
5259 63627
5260 63627
5261 63668
5262 63619
5263 63311
5264 62749
5265 62300
5266 62900
5267 62783
5268 63078
5269 63134
5270 62836
5271 63568
5272 63397
5273 63880
5274 64072
5275 64570
5276 63562
5277 64062
5278 63987
5279 63769
5280 63367
5281 63432
5282 63856
5283 62803
5284 62987
5285 62671
5286 62329
5287 63031
5288 62838
5289 62949
5290 63286
5291 63952
5292 63424
5293 63770
5294 63800
5295 64039
5296 64347
5297 63983
5298 64385
5299 63880
5300 63626
5301 63481
5302 63106
5303 62861
5304 62572
5305 62755
5306 62403
5307 62484
5308 63058
5309 63134
5310 63554
5311 63696
5312 63692
5313 63743
5314 63599
5315 63841
5316 63780
5317 64346
5318 63744
5319 64026
5320 63230
5321 63115
5322 62529
5323 62916
5324 62602
5325 62278
5326 62037
5327 62565
5328 62943
5329 62538
5330 63234
5331 62922
5332 63396
5333 63824
5334 63929
5335 63983
5336 63474
5337 63730
5338 63316
5339 63398
5340 63665
5341 63202
5342 62950
5343 62767
5344 62656
5345 62394
5346 62386
5347 62393
5348 62582
5349 62593
5350 63159
5351 63337
5352 64047
5353 63672
5354 64026
5355 63434
5356 64048
5357 64115
5358 64069
5359 63580
5360 63388
5361 63672
5362 62669
5363 62518
5364 62556
5365 62242
5366 61853
5367 62292
5368 62468
5369 62694
5370 63161
5371 63218
5372 63616
5373 63881
5374 64016
5375 63821
5376 63593
5377 63942
5378 63724
5379 63875
5380 63326
5381 63166
5382 62704
5383 62471
5384 62441
5385 62122
5386 62366
5387 62524
5388 62594
5389 62885
5390 63539
5391 62895
5392 63626
5393 63768
5394 63612
5395 63964
5396 64049
5397 63826
5398 63826
5399 63688
5400 63112
5401 63146
5402 62668
5403 62032
5404 62390
5405 61827
5406 62208
5407 62538
5408 62515
5409 62515
5410 63406
5411 63191
5412 63492
5413 63637
5414 63727
5415 63347
5416 63779
5417 64253
5418 63595
5419 63790
5420 63327
5421 62634
5422 62304
5423 62872
5424 62500
5425 62082
5426 61955
5427 62751
5428 62357
5429 62832
5430 62835
5431 63150
5432 63671
5433 63403
5434 63853
5435 63880
5436 63973
5437 63846
5438 63524
5439 63584
5440 63018
5441 62963
5442 62362
5443 62576
5444 62298
5445 62594
5446 61691
5447 62133
5448 62161
5449 62741
5450 63112
5451 63126
5452 62915
5453 63061
5454 63745
5455 63901
5456 64084
5457 63629
5458 63976
5459 63816
5460 63347
5461 63373
5462 62773
5463 62216
5464 62485
5465 62148
5466 61762
5467 61990
5468 62501
5469 62821
5470 62920
5471 63494
5472 63478
5473 63605
5474 63773
5475 63905
5476 63565
5477 63731
5478 63640
5479 63319
5480 63356
5481 63392
5482 62912
5483 62579
5484 62142
5485 61875
5486 61935
5487 62020
5488 62307
5489 62669
5490 62958
5491 63076
5492 63113
5493 63772
5494 63526
5495 63708
5496 64020
5497 63714
5498 63703
5499 63258
5500 62867
5501 62432
5502 62554
5503 62550
5504 62012
5505 62378
5506 61794
5507 61759
5508 62318
5509 62370
5510 62742
5511 63255
5512 63165
5513 63522
5514 63578
5515 63788
5516 63681
5517 63172
5518 63561
5519 63607
5520 63250
5521 62759
5522 63060
5523 62243
5524 62823
5525 62061
5526 62034
5527 62115
5528 62444
5529 62164
5530 62702
5531 63032
5532 63022
5533 63992
5534 63745
5535 63441
5536 63620
5537 63517
5538 63728
5539 63163
5540 63040
5541 62697
5542 62444
5543 61695
5544 61877
5545 62124
5546 62072
5547 62352
5548 61708
5549 62238
5550 62548
5551 62921
5552 63290
5553 63582
5554 63609
5555 63702
5556 63642
5557 63633
5558 63581
5559 63621
5560 63169
5561 62714
5562 62243
5563 62404
5564 62274
5565 61883
5566 62306
5567 61576
5568 62611
5569 62145
5570 62618
5571 63011
5572 63075
5573 63333
5574 63188
5575 63636
5576 63428
5577 64143
5578 63530
5579 63479
5580 63249
5581 62643
5582 62705
5583 62577
5584 61763
5585 61777
5586 61736
5587 62182
5588 62422
5589 62568
5590 62670
5591 62776
5592 62946
5593 63492
5594 63735
5595 63617
5596 63142
5597 63682
5598 63501
5599 62969
5600 63194
5601 62788
5602 62424
5603 62445
5604 61888
5605 61630
5606 61990
5607 61857
5608 62250
5609 62472
5610 62800
5611 62740
5612 62852
5613 63705
5614 63402
5615 63745
5616 63388
5617 63329
5618 63211
5619 63222
5620 63330
5621 62750
5622 62300
5623 62692
5624 62070
5625 61732
5626 61882
5627 62098
5628 62237
5629 62775
5630 62568
5631 63262
5632 62895
5633 63633
5634 63942
5635 63602
5636 63187
5637 63490
5638 63288
5639 63690
5640 63184
5641 62793
5642 62308
5643 62337
5644 61654
5645 62297
5646 61777
5647 62105
5648 62004
5649 62483
5650 62573
5651 62882
5652 63371
5653 63489
5654 63746
5655 63572
5656 63255
5657 63678
5658 63595
5659 63075
5660 62759
5661 62548
5662 62413
5663 62244
5664 62225
5665 61737
5666 62269
5667 61709
5668 62623
5669 62394
5670 62763
5671 62840
5672 63592
5673 63460
5674 63407
5675 63372
5676 63097
5677 63468
5678 63384
5679 63162
5680 62940
5681 62837
5682 62322
5683 62198
5684 61817
5685 62045
5686 62045
5687 61526
5688 62253
5689 62429
5690 62528
5691 62884
5692 63092
5693 63043
5694 63241
5695 63359
5696 63331
5697 63316
5698 63729
5699 63221
5700 62551
5701 62466
5702 62124
5703 62364
5704 62053
5705 61923
5706 61947
5707 62030
5708 62303
5709 62498
5710 62664
5711 62493
5712 63016
5713 63430
5714 63079
5715 63632
5716 63584
5717 63513
5718 63539
5719 63009
5720 62559
5721 62893
5722 62471
5723 62142
5724 62232
5725 61893
5726 62151
5727 61851
5728 62176
5729 62031
5730 62786
5731 62794
5732 62799
5733 63486
5734 63470
5735 63188
5736 63630
5737 63551
5738 63279
5739 63017
5740 63080
5741 62318
5742 62460
5743 62175
5744 62719
5745 61979
5746 61584
5747 61999
5748 61506
5749 62294
5750 62380
5751 62924
5752 63407
5753 63571
5754 63476
5755 63466
5756 63395
5757 63634
5758 63680
5759 62787
5760 62574
5761 62197
5762 62576
5763 62169
5764 61983
5765 61924
5766 61482
5767 61699
5768 61828
5769 62226
5770 62921
5771 63038
5772 63047
5773 63324
5774 63447
5775 63437
5776 63167
5777 63637
5778 63467
5779 63148
5780 63038
5781 62878
5782 62235
5783 61849
5784 61910
5785 61431
5786 61436
5787 61701
5788 62122
5789 62453
5790 62528
5791 62644
5792 62760
5793 63378
5794 63617
5795 63491
5796 63881
5797 63423
5798 63522
5799 63548
5800 63612
5801 62701
5802 62632
5803 62217
5804 61989
5805 61688
5806 61696
5807 62409
5808 61922
5809 62400
5810 62729
5811 62619
5812 62939
5813 63533
5814 63707
5815 63718
5816 63610
5817 63650
5818 63947
5819 63168
5820 62852
5821 62574
5822 62779
5823 61937
5824 61936
5825 61958
5826 61658
5827 62078
5828 62291
5829 62628
5830 62818
5831 62992
5832 63113
5833 63636
5834 63590
5835 63324
5836 63510
5837 63419
5838 63594
5839 63250
5840 63406
5841 62999
5842 62499
5843 62109
5844 61519
5845 61946
5846 61945
5847 62065
5848 62289
5849 62267
5850 62792
5851 63145
5852 63356
5853 63399
5854 63673
5855 63800
5856 63822
5857 63850
5858 63421
5859 63445
5860 63072
5861 63095
5862 62502
5863 62258
5864 61919
5865 62190
5866 62168
5867 62107
5868 62130
5869 62332
5870 63007
5871 63240
5872 62981
5873 63214
5874 63889
5875 63520
5876 63634
5877 63490
5878 63757
5879 63333
5880 62961
5881 63032
5882 62481
5883 62486
5884 62200
5885 62210
5886 62135
5887 62235
5888 62558
5889 62759
5890 62794
5891 62868
5892 63771
5893 63412
5894 64084
5895 64152
5896 63281
5897 63603
5898 63855
5899 63693
5900 63613
5901 62909
5902 62537
5903 62736
5904 62057
5905 62104
5906 62262
5907 62604
5908 62835
5909 62914
5910 62808
5911 63195
5912 63385
5913 64072
5914 63637
5915 63889
5916 63956
5917 63825
5918 63638
5919 63621
5920 63579
5921 62897
5922 62678
5923 62667
5924 62257
5925 62444
5926 62251
5927 62285
5928 62496
5929 62923
5930 62912
5931 63419
5932 63479
5933 63927
5934 63966
5935 63918
5936 63507
5937 64123
5938 64048
5939 63545
5940 62813
5941 63734
5942 62852
5943 62661
5944 62633
5945 62661
5946 62920
5947 62474
5948 62571
5949 62912
5950 63186
5951 63548
5952 63887
5953 63825
5954 63993
5955 63406
5956 63492
5957 63837
5958 63954
5959 64027
5960 63652
5961 63202
5962 62883
5963 62463
5964 62433
5965 62325
5966 62388
5967 62410
5968 62740
5969 62999
5970 63259
5971 63830
5972 63631
5973 64060
5974 64404
5975 63713
5976 63925
5977 63773
5978 64123
5979 64074
5980 63565
5981 63177
5982 63150
5983 62548
5984 62745
5985 62551
5986 62541
5987 62720
5988 62395
5989 62788
5990 63388
5991 63067
5992 64141
5993 63869
5994 64177
5995 64376
5996 64134
5997 64041
5998 64102
5999 63745
6000 63906
6001 63110
6002 63091
6003 62803
6004 62623
6005 62570
6006 62643
6007 62502
6008 62926
6009 63146
6010 63440
6011 63419
6012 63618
6013 63817
6014 64064
6015 64188
6016 64417
6017 64321
6018 64296
6019 64056
6020 63520
6021 63238
6022 63019
6023 62906
6024 62901
6025 62767
6026 62398
6027 62615
6028 63151
6029 63313
6030 63660
6031 63871
6032 63771
6033 63848
6034 64412
6035 64231
6036 64060
6037 64447
6038 64301
6039 64051
6040 64010
6041 63202
6042 63206
6043 62900
6044 63109
6045 62833
6046 62840
6047 62754
6048 63350
6049 63232
6050 63350
6051 63704
6052 63710
6053 64145
6054 63803
6055 64494
6056 64023
6057 64132
6058 64462
6059 63650
6060 64121
6061 63366
6062 63026
6063 63705
6064 62983
6065 62739
6066 62721
6067 62743
6068 62871
6069 62804
6070 63760
6071 63856
6072 64036
6073 63927
6074 64183
6075 64176
6076 64348
6077 64148
6078 64464
6079 64113
6080 63745
6081 63477
6082 63120
6083 63029
6084 63670
6085 63220
6086 62947
6087 63031
6088 62900
6089 63520
6090 63720
6091 63895
6092 64256
6093 64194
6094 64394
6095 64102
6096 64170
6097 64511
6098 64468
6099 64130
6100 63832
6101 63796
6102 63483
6103 62772
6104 63280
6105 63591
6106 63188
6107 63210
6108 63126
6109 63809
6110 63756
6111 63177
6112 63913
6113 64616
6114 64542
6115 64215
6116 64447
6117 64369
6118 64679
6119 64619
6120 64490
6121 63715
6122 63802
6123 63569
6124 62965
6125 63272
6126 62917
6127 63333
6128 63332
6129 63630
6130 63849
6131 64084
6132 64143
6133 64682
6134 64483
6135 64870
6136 64607
6137 64014
6138 64151
6139 63773
6140 63994
6141 63919
6142 63895
6143 63448
6144 62919
6145 63222
6146 62997
6147 62935
6148 63205
6149 63509
6150 64106
6151 63970
6152 63905
6153 64259
6154 64658
6155 64349
6156 64437
6157 64431
6158 64583
6159 64371
6160 63957
6161 64400
6162 63623
6163 63312
6164 63117
6165 63083
6166 63076
6167 62939
6168 63342
6169 64091
6170 63726
6171 64291
6172 64209
6173 64623
6174 64273
6175 64917
6176 64393
6177 64653
6178 64658
6179 64083
6180 63992
6181 64234
6182 63642
6183 63267
6184 63385
6185 63363
6186 63271
6187 63165
6188 63669
6189 63780
6190 63962
6191 63717
6192 64301
6193 64434
6194 64768
6195 64470
6196 64676
6197 65021
6198 65096
6199 64611
6200 64540
6201 63936
6202 64201
6203 63442
6204 63874
6205 63441
6206 63401
6207 63269
6208 63633
6209 64082
6210 64039
6211 64418
6212 64458
6213 64580
6214 64524
6215 64887
6216 64742
6217 64164
6218 64608
6219 64633
6220 64585
6221 63918
6222 63508
6223 63609
6224 63341
6225 63117
6226 62846
6227 63297
6228 63477
6229 63769
6230 63792
6231 64082
6232 64624
6233 64508
6234 64694
6235 64956
6236 64419
6237 64980
6238 64448
6239 64506
6240 64229
6241 63937
6242 64091
6243 63483
6244 63532
6245 63274
6246 63284
6247 63784
6248 63570
6249 63649
6250 63968
6251 64206
6252 64463
6253 64498
6254 64541
6255 64559
6256 64745
6257 64895
6258 64430
6259 64817
6260 64233
6261 64295
6262 63497
6263 63712
6264 63528
6265 63170
6266 63298
6267 63542
6268 63543
6269 64197
6270 64110
6271 64168
6272 64451
6273 64403
6274 64461
6275 64714
6276 64766
6277 64415
6278 64384
6279 64608
6280 64210
6281 63903
6282 63926
6283 63526
6284 63725
6285 63550
6286 63193
6287 63875
6288 63870
6289 64009
6290 63721
6291 63872
6292 64226
6293 64350
6294 64810
6295 64355
6296 64685
6297 64657
6298 64496
6299 64834
6300 64181
6301 64343
6302 63991
6303 63800
6304 63772
6305 63720
6306 63777
6307 63473
6308 63609
6309 64166
6310 63743
6311 64361
6312 64262
6313 64619
6314 64839
6315 64441
6316 64331
6317 64863
6318 64534
6319 64389
6320 64115
6321 64341
6322 63430
6323 63689
6324 63902
6325 63596
6326 63404
6327 63457
6328 63610
6329 63828
6330 63931
6331 63748
6332 64211
6333 64897
6334 64458
6335 64578
6336 64838
6337 64319
6338 64821
6339 64579
6340 63971
6341 64058
6342 63857
6343 63772
6344 63320
6345 63102
6346 63045
6347 63421
6348 63708
6349 63066
6350 63946
6351 64441
6352 64182
6353 64376
6354 64537
6355 64712
6356 64523
6357 64612
6358 64416
6359 64157
6360 64150
6361 63760
6362 63617
6363 63695
6364 63440
6365 62997
6366 63294
6367 63174
6368 63132
6369 63641
6370 63803
6371 64471
6372 63852
6373 64488
6374 64408
6375 64701
6376 64577
6377 64550
6378 64536
6379 64673
6380 64490
6381 63841
6382 63994
6383 63259
6384 63261
6385 63098
6386 63231
6387 63388
6388 63112
6389 63696
6390 63365
6391 63600
6392 64136
6393 64251
6394 64488
6395 64569
6396 64194
6397 64789
6398 64362
6399 64263
6400 63988
6401 64007
6402 63538
6403 63405
6404 63135
6405 63213
6406 63056
6407 63105
6408 63347
6409 63765
6410 63209
6411 63786
6412 64123
6413 64699
6414 64682
6415 64672
6416 64241
6417 64336
6418 64357
6419 63663
6420 63809
6421 63951
6422 63302
6423 62993
6424 63211
6425 62929
6426 62950
6427 63133
6428 62825
6429 63182
6430 63482
6431 63718
6432 63664
6433 64361
6434 64193
6435 64002
6436 63944
6437 64040
6438 64308
6439 64089
6440 64005
6441 63838
6442 62940
6443 62941
6444 62908
6445 62942
6446 62648
6447 62984
6448 62943
6449 62812
6450 63479
6451 63761
6452 63472
6453 64049
6454 64408
6455 64286
6456 64151
6457 63966
6458 64596
6459 64219
6460 63686
6461 64002
6462 63745
6463 62919
6464 63111
6465 62640
6466 62860
6467 62826
6468 62891
6469 63294
6470 63510
6471 63533
6472 63936
6473 63635
6474 63764
6475 64043
6476 64060
6477 64315
6478 64110
6479 64281
6480 63729
6481 63245
6482 63242
6483 63131
6484 62728
6485 62597
6486 62410
6487 63440
6488 62723
6489 62762
6490 63166
6491 63534
6492 63414
6493 63953
6494 63957
6495 64004
6496 64330
6497 64107
6498 63580
6499 63650
6500 63564
6501 63197
6502 62822
6503 62781
6504 63144
6505 62696
6506 62663
6507 62423
6508 62782
6509 63096
6510 63057
6511 63223
6512 64160
6513 63690
6514 63960
6515 63656
6516 63805
6517 64036
6518 63765
6519 63763
6520 63376
6521 63299
6522 63069
6523 62916
6524 62604
6525 62428
6526 62428
6527 62757
6528 63105
6529 62959
6530 63371
6531 63317
6532 63716
6533 63607
6534 64214
6535 63924
6536 63938
6537 63866
6538 63827
6539 63434
6540 63293
6541 62602
6542 62787
6543 62944
6544 62491
6545 62051
6546 62143
6547 62622
6548 62718
6549 63360
6550 62961
6551 63504
6552 63607
6553 63756
6554 64012
6555 63558
6556 64133
6557 64263
6558 63621
6559 63959
6560 63099
6561 62754
6562 62970
6563 63069
6564 62433
6565 62403
6566 62223
6567 62581
6568 62751
6569 62870
6570 63238
6571 63303
6572 63110
6573 64115
6574 63792
6575 64104
6576 64534
6577 63470
6578 63881
6579 63593
6580 63241
6581 62813
6582 62725
6583 62340
6584 62663
6585 61879
6586 62538
6587 62505
6588 62816
6589 63080
6590 63607
6591 63198
6592 63764
6593 63765
6594 64202
6595 63860
6596 63520
6597 63651
6598 63585
6599 63281
6600 63228
6601 63107
6602 62766
6603 62521
6604 62694
6605 62406
6606 62139
6607 62243
6608 62365
6609 62899
6610 62799
6611 63092
6612 63579
6613 63921
6614 63701
6615 63708
6616 63635
6617 63733
6618 63227
6619 63441
6620 63220
6621 62568
6622 62625
6623 62315
6624 62011
6625 62021
6626 61778
6627 61699
6628 62526
6629 62449
6630 62700
6631 62723
6632 63064
6633 63525
6634 63500
6635 63542
6636 63571
6637 63702
6638 63529
6639 63193
6640 62905
6641 62255
6642 62163
6643 62102
6644 61599
6645 61716
6646 61565
6647 61468
6648 62228
6649 61837
6650 62158
6651 62280
6652 62900
6653 62941
6654 63122
6655 63178
6656 63281
6657 63201
6658 62704
6659 63085
6660 62582
6661 62598
6662 61992
6663 61632
6664 61664
6665 61612
6666 61245
6667 61600
6668 62017
6669 61406
6670 62016
6671 62455
6672 62740
6673 62705
6674 62790
6675 62733
6676 62983
6677 63235
6678 62963
6679 62769
6680 62494
6681 62186
6682 62267
6683 61719
6684 61349
6685 61573
6686 61407
6687 61197
6688 61462
6689 61571
6690 61921
6691 62384
6692 62632
6693 62813
6694 63192
6695 62889
6696 63077
6697 63357
6698 63142
6699 62785
6700 62728
6701 62418
6702 62230
6703 61727
6704 61358
6705 61500
6706 61143
6707 61444
6708 61777
6709 61940
6710 62085
6711 62455
6712 62800
6713 62920
6714 63359
6715 63056
6716 63368
6717 63244
6718 63098
6719 62817
6720 63014
6721 62526
6722 62109
6723 62225
6724 61877
6725 61158
6726 61430
6727 61483
6728 61908
6729 62293
6730 62247
6731 62235
6732 62885
6733 63250
6734 63713
6735 63441
6736 63019
6737 63363
6738 63284
6739 62720
6740 62472
6741 62247
6742 62554
6743 61826
6744 61823
6745 61416
6746 61502
6747 61806
6748 61848
6749 62031
6750 62818
6751 62375
6752 62466
6753 63209
6754 63401
6755 62934
6756 63182
6757 63542
6758 63468
6759 63169
6760 63049
6761 62683
6762 62079
6763 62293
6764 61919
6765 61865
6766 61800
6767 61779
6768 62185
6769 62339
6770 62484
6771 62567
6772 63387
6773 62958
6774 63461
6775 63566
6776 63250
6777 63173
6778 63277
6779 63123
6780 62662
6781 62592
6782 62204
6783 61979
6784 61853
6785 61631
6786 61932
6787 62018
6788 62213
6789 62294
6790 62625
6791 63572
6792 63310
6793 63823
6794 63593
6795 63604
6796 63432
6797 63627
6798 63763
6799 63129
6800 62734
6801 63054
6802 62719
6803 61928
6804 61950
6805 61976
6806 61699
6807 61901
6808 62161
6809 62739
6810 62908
6811 63276
6812 63478
6813 63523
6814 63439
6815 63435
6816 63589
6817 63662
6818 63726
6819 63178
6820 63240
6821 63047
6822 62563
6823 62264
6824 61974
6825 61771
6826 61935
6827 62511
6828 62276
6829 62565
6830 62184
6831 63052
6832 63189
6833 63627
6834 63671
6835 63550
6836 63117
6837 63845
6838 64190
6839 63564
6840 63208
6841 62958
6842 62419
6843 62204
6844 61788
6845 61605
6846 62007
6847 61539
6848 62729
6849 62523
6850 62422
6851 63216
6852 63001
6853 63694
6854 63442
6855 63300
6856 63421
6857 63786
6858 63545
6859 63895
6860 62906
6861 62952
6862 62501
6863 62100
6864 62426
6865 61836
6866 61498
6867 62357
6868 61799
6869 62583
6870 62724
6871 63002
6872 63160
6873 63241
6874 63843
6875 63583
6876 63558
6877 63797
6878 63687
6879 63521
6880 63185
6881 62586
6882 62137
6883 62210
6884 61955
6885 61891
6886 61729
6887 61567
6888 62124
6889 62225
6890 62544
6891 62793
6892 63447
6893 63339
6894 63768
6895 63532
6896 63319
6897 63841
6898 63332
6899 63410
6900 62883
6901 62667
6902 62555
6903 62013
6904 62002
6905 61720
6906 61942
6907 61907
6908 62426
6909 62541
6910 62608
6911 63009
6912 63281
6913 63416
6914 63432
6915 63412
6916 63620
6917 63618
6918 63644
6919 63142
6920 62837
6921 62716
6922 62752
6923 62432
6924 62444
6925 61891
6926 61907
6927 61724
6928 61921
6929 62310
6930 62668
6931 62984
6932 63255
6933 63477
6934 63895
6935 63774
6936 63162
6937 63627
6938 63970
6939 63429
6940 63050
6941 62692
6942 62008
6943 61968
6944 61954
6945 62073
6946 61979
6947 62076
6948 61845
6949 62127
6950 62739
6951 62640
6952 63261
6953 63385
6954 63309
6955 63384
6956 63266
6957 63498
6958 63409
6959 63457
