H11890
GateTime 10
GateNumber 0
SN 30430302
0 66012
1 66403
2 66255
3 66132
4 66410
5 66566
6 65898
7 66589
8 65927
9 65908
10 65842
11 65607
12 65934
13 65903
14 66363
15 66601
16 65608
17 66277
18 65991
19 65829
20 66127
21 66158
22 66296
23 66550
24 66129
25 66410
26 66622
27 66576
28 66381
29 66172
30 66550
31 66651
32 66575
33 66410
34 66878
35 67145
36 67259
37 67752
38 67788
39 67805
40 68695
41 68347
42 68899
43 69068
44 68636
45 69176
46 69122
47 69174
48 69157
49 69091
50 68932
51 68728
52 68090
53 67955
54 67706
55 67610
56 67398
57 67098
58 66678
59 66507
60 66514
61 66378
62 66200
63 66285
64 66378
65 65917
66 66748
67 66641
68 66505
69 66843
70 66953
71 66954
72 67769
73 67549
74 67472
75 68027
76 68509
77 68275
78 68890
79 68793
80 68746
81 68766
82 68475
83 68651
84 68609
85 68077
86 68280
87 67442
88 67414
89 66761
90 66969
91 66827
92 66310
93 66707
94 66435
95 66024
96 66457
97 65775
98 65792
99 65722
100 65740
101 65941
102 65560
103 65470
104 65312
105 65094
106 65239
107 65348
108 65275
109 64896
110 64849
111 64397
112 64449
113 65047
114 64440
115 64533
116 64713
117 64582
118 64535
119 64924
120 64950
121 64800
122 64540
123 64475
124 65086
125 65015
126 64953
127 65027
128 64941
129 65212
130 65061
131 64986
132 65365
133 65791
134 65847
135 66282
136 66439
137 66572
138 66174
139 66193
140 66806
141 67212
142 67310
143 67395
144 67831
145 67820
146 67892
147 68036
148 67612
149 67852
150 67406
151 67312
152 67258
153 66735
154 66556
155 65976
156 66107
157 66165
158 65516
159 65842
160 65716
161 65696
162 65536
163 65033
164 64880
165 65070
166 65697
167 65710
168 65483
169 65653
170 65927
171 66506
172 65999
173 66550
174 67030
175 67240
176 67168
177 67209
178 67405
179 68216
180 67909
181 67701
182 67534
183 67193
184 67931
185 67363
186 66829
187 66662
188 66579
189 66204
190 65987
191 65904
192 65443
193 65473
194 65139
195 64940
196 65111
197 64633
198 64759
199 64784
200 64725
201 64408
202 64532
203 64205
204 64629
205 64562
206 64536
207 63985
208 64307
209 64031
210 64106
211 64015
212 64256
213 64050
214 63780
215 64289
216 64041
217 64437
218 63782
219 64179
220 64597
221 64403
222 64436
223 65071
224 64499
225 64644
226 64602
227 64368
228 64699
229 64702
230 64855
231 65336
232 65124
233 64902
234 65267
235 65555
236 66160
237 66283
238 66355
239 66283
240 66215
241 66727
242 66810
243 67158
244 67561
245 67492
246 67621
247 67659
248 67729
249 67264
250 66906
251 66576
252 66558
253 66213
254 66203
255 65876
256 65873
257 65218
258 65130
259 64551
260 64670
261 65002
262 64497
263 64498
264 64578
265 64588
266 64794
267 64986
268 64894
269 65368
270 65461
271 65387
272 66160
273 66147
274 66187
275 66433
276 67003
277 66733
278 66991
279 67226
280 67561
281 67766
282 67242
283 66880
284 66804
285 66820
286 67258
287 66599
288 65979
289 66130
290 66138
291 65191
292 65310
293 64830
294 64671
295 64931
296 64286
297 64795
298 64525
299 64222
300 63978
301 64203
302 64366
303 63830
304 64114
305 64328
306 63983
307 63569
308 63954
309 63483
310 64018
311 63648
312 63237
313 63712
314 63533
315 63734
316 63827
317 63761
318 63783
319 63803
320 64275
321 64109
322 63606
323 64088
324 64282
325 64155
326 63935
327 63917
328 64382
329 64703
330 64301
331 64512
332 65001
333 64604
334 65106
335 65152
336 64915
337 65452
338 65309
339 65405
340 66131
341 66593
342 66645
343 66499
344 66790
345 66954
346 67177
347 66985
348 67180
349 66775
350 66782
351 66618
352 66446
353 65516
354 65435
355 65143
356 65313
357 65249
358 65143
359 64412
360 64428
361 64712
362 64171
363 64482
364 63906
365 64724
366 64623
367 64654
368 64638
369 64847
370 64567
371 64976
372 65846
373 65239
374 65853
375 66085
376 66415
377 66912
378 67242
379 67013
380 67197
381 66981
382 67027
383 67023
384 66615
385 66556
386 66215
387 65480
388 65736
389 65608
390 65411
391 65047
392 65016
393 64714
394 64497
395 64424
396 64376
397 64331
398 63954
399 64030
400 63846
401 63649
402 63797
403 63556
404 63530
405 63825
406 63687
407 63419
408 63667
409 63083
410 63303
411 63100
412 63420
413 63049
414 63227
415 63444
416 63702
417 63445
418 63765
419 63555
420 63514
421 63334
422 63683
423 63598
424 64091
425 63521
426 63957
427 63510
428 64150
429 64237
430 64306
431 64408
432 64272
433 64359
434 64547
435 65345
436 65266
437 65683
438 65369
439 65768
440 66322
441 66111
442 66554
443 66465
444 66531
445 66708
446 66832
447 67059
448 67102
449 66413
450 66608
451 66435
452 65708
453 66057
454 65403
455 65009
456 65014
457 65078
458 64598
459 64257
460 64441
461 63882
462 64261
463 64364
464 63707
465 64273
466 64275
467 64558
468 64457
469 64556
470 65284
471 65176
472 65254
473 65376
474 65913
475 65855
476 66188
477 66458
478 66386
479 67120
480 67016
481 66854
482 67154
483 66614
484 66503
485 66234
486 66257
487 65747
488 66339
489 65136
490 65317
491 65253
492 64502
493 64431
494 63851
495 64197
496 64054
497 63893
498 64003
499 63747
500 63670
501 63600
502 63785
503 63761
504 63572
505 63224
506 63488
507 63707
508 63142
509 63497
510 63165
511 63163
512 63036
513 63141
514 63236
515 62615
516 62576
517 62628
518 62739
519 62499
520 62707
521 62062
522 62061
523 61363
524 60893
525 61060
526 60481
527 60364
528 60253
529 60293
530 60755
531 60573
532 60662
533 60951
534 61363
535 61056
536 61460
537 61358
538 62048
539 62077
540 61862
541 62693
542 62737
543 62872
544 62668
545 63478
546 63643
547 63428
548 64574
549 64269
550 64629
551 64635
552 64693
553 64932
554 64851
555 64489
556 64619
557 64092
558 63770
559 64071
560 63947
561 63777
562 63800
563 63742
564 63937
565 63884
566 64147
567 64239
568 63962
569 64636
570 64587
571 64784
572 64685
573 65220
574 65424
575 65382
576 65665
577 66293
578 66836
579 66082
580 66581
581 66675
582 66540
583 66026
584 65502
585 65854
586 65832
587 65263
588 65228
589 65007
590 64896
591 64578
592 64608
593 64029
594 64419
595 63618
596 63977
597 63726
598 63619
599 63846
600 63755
601 63444
602 63483
603 63307
604 63474
605 63353
606 62758
607 62835
608 63068
609 63049
610 63248
611 62950
612 62949
613 62508
614 62748
615 62685
616 62920
617 62549
618 62938
619 62803
620 63082
621 62980
622 62968
623 63100
624 63615
625 63680
626 63364
627 63373
628 63644
629 63669
630 63752
631 63711
632 64034
633 64046
634 64361
635 64104
636 64564
637 64796
638 65268
639 65121
640 65509
641 65829
642 65687
643 66262
644 66053
645 66007
646 66722
647 66415
648 66494
649 66119
650 65942
651 66314
652 65829
653 65289
654 65764
655 64704
656 64643
657 64380
658 64165
659 64162
660 63706
661 63741
662 63616
663 63550
664 63906
665 63601
666 63659
667 63773
668 63888
669 64276
670 64461
671 64512
672 64898
673 65009
674 64884
675 65752
676 65764
677 65743
678 66371
679 66041
680 66692
681 66147
682 66320
683 66494
684 65887
685 65852
686 65582
687 65026
688 64783
689 65011
690 64754
691 64692
692 64487
693 64144
694 64307
695 63851
696 63769
697 63780
698 63086
699 63280
700 63638
701 63279
702 62682
703 63086
704 62896
705 63203
706 63117
707 63097
708 62510
709 63134
710 62894
711 62759
712 62663
713 62414
714 62269
715 62474
716 62948
717 62830
718 62533
719 63064
720 62674
721 62800
722 63192
723 63021
724 63079
725 63099
726 63015
727 63070
728 63299
729 63106
730 63485
731 63286
732 63582
733 63675
734 63967
735 63689
736 64299
737 64316
738 64721
739 64691
740 65253
741 65255
742 65345
743 65691
744 65800
745 66097
746 65882
747 66250
748 66076
749 65775
750 65565
751 65524
752 65054
753 65197
754 64566
755 64323
756 64572
757 64066
758 63298
759 63744
760 63333
761 63850
762 63239
763 63628
764 63332
765 62775
766 63008
767 63855
768 63643
769 64021
770 63975
771 63987
772 64479
773 64867
774 64721
775 65065
776 65040
777 65374
778 66022
779 65289
780 65913
781 65407
782 65627
783 65929
784 65643
785 65381
786 64841
787 64920
788 64706
789 64587
790 64432
791 64089
792 63810
793 63618
794 63330
795 62939
796 62899
797 63063
798 63008
799 62660
800 62252
801 62540
802 62368
803 62256
804 62137
805 62528
806 62434
807 62104
808 62576
809 61720
810 62680
811 62015
812 62243
813 62251
814 62073
815 61831
816 62432
817 62075
818 62433
819 62484
820 61953
821 62032
822 62063
823 62326
824 62613
825 62377
826 62295
827 62600
828 62301
829 62453
830 62766
831 62596
832 63001
833 63464
834 63252
835 63306
836 63517
837 63429
838 64057
839 64218
840 64303
841 64235
842 64896
843 65076
844 65156
845 65248
846 64878
847 65215
848 65305
849 65008
850 64676
851 64592
852 64421
853 63996
854 63777
855 64089
856 63393
857 63549
858 62958
859 63324
860 62670
861 62356
862 62574
863 62484
864 62732
865 62527
866 62749
867 62273
868 63132
869 62813
870 63355
871 63361
872 64090
873 63944
874 64348
875 64942
876 64685
877 64986
878 65276
879 64939
880 65036
881 65199
882 64772
883 64913
884 64991
885 64932
886 64744
887 64475
888 64176
889 63705
890 63124
891 63663
892 63477
893 62613
894 62793
895 62724
896 62682
897 62472
898 62090
899 62285
900 62331
901 61967
902 62459
903 61737
904 61902
905 61323
906 61704
907 61660
908 61258
909 61371
910 61513
911 61500
912 61536
913 61547
914 61306
915 61511
916 61615
917 61207
918 61062
919 61673
920 61409
921 61647
922 61572
923 61734
924 61538
925 61768
926 61977
927 62276
928 62098
929 61809
930 62139
931 62395
932 62671
933 62457
934 62547
935 62897
936 62403
937 63160
938 63202
939 63676
940 64026
941 63663
942 64403
943 64173
944 64682
945 64733
946 64587
947 65007
948 64899
949 64836
950 64378
951 64223
952 63870
953 63707
954 63402
955 63206
956 63003
957 62460
958 62521
959 62336
960 62278
961 62008
962 61948
963 62077
964 62142
965 61837
966 61949
967 61971
968 62368
969 62789
970 62617
971 62940
972 63281
973 63382
974 63449
975 63907
976 64130
977 64379
978 64402
979 64600
980 64546
981 64804
982 64620
983 64349
984 64495
985 64495
986 63629
987 63737
988 63801
989 62965
990 62716
991 63323
992 62614
993 62288
994 62379
995 62084
996 62014
997 62062
998 61576
999 61835
1000 61954
1001 61596
1002 61803
1003 61528
1004 61576
1005 61194
1006 61329
1007 61197
1008 61476
1009 61576
1010 61236
1011 61231
1012 60943
1013 61035
1014 61321
1015 61251
1016 61461
1017 61212
1018 61012
1019 61131
1020 61270
1021 61689
1022 61126
1023 61349
1024 61142
1025 61296
1026 61705
1027 61275
1028 61651
1029 61572
1030 61805
1031 61756
1032 62353
1033 61717
1034 62362
1035 62370
1036 62663
1037 62949
1038 63063
1039 63446
1040 63127
1041 63806
1042 64138
1043 64282
1044 63991
1045 64398
1046 64648
1047 64485
1048 64054
1049 64176
1050 64003
1051 64006
1052 63773
1053 63505
1054 62807
1055 62939
1056 62889
1057 62371
1058 61955
1059 62288
1060 62234
1061 61712
1062 61775
1063 61834
1064 61925
1065 61866
1066 61958
1067 62020
1068 62282
1069 62127
1070 62770
1071 62725
1072 63037
1073 62904
1074 63323
1075 63729
1076 63759
1077 64211
1078 64346
1079 64546
1080 64312
1081 64311
1082 64648
1083 64290
1084 64157
1085 63842
1086 63904
1087 63398
1088 63223
1089 63412
1090 62940
1091 62571
1092 63178
1093 62765
1094 62676
1095 61957
1096 61991
1097 61839
1098 61813
1099 61660
1100 61605
1101 61548
1102 61385
1103 61511
1104 61215
1105 61105
1106 60829
1107 61183
1108 61456
1109 61063
1110 61064
1111 60859
1112 60954
1113 60788
1114 60683
1115 61101
1116 60668
1117 61089
1118 61171
1119 60777
1120 60833
1121 61137
1122 60750
1123 61030
1124 61357
1125 61289
1126 61120
1127 61640
1128 61672
1129 61745
1130 61772
1131 61739
1132 62110
1133 62222
1134 62089
1135 62741
1136 62807
1137 62645
1138 62842
1139 62881
1140 63279
1141 63775
1142 63418
1143 63304
1144 64325
1145 64113
1146 64224
1147 64391
1148 64244
1149 64296
1150 64127
1151 63806
1152 63452
1153 63206
1154 62805
1155 63137
1156 62576
1157 62269
1158 62503
1159 61932
1160 61922
1161 61817
1162 61370
1163 61385
1164 61591
1165 61843
1166 61588
1167 61875
1168 62244
1169 62606
1170 62330
1171 62282
1172 62533
1173 62834
1174 63338
1175 63377
1176 63888
1177 63865
1178 63795
1179 64220
1180 63825
1181 64227
1182 64195
1183 64034
1184 63962
1185 63474
1186 63786
1187 63225
1188 62812
1189 62922
1190 62757
1191 62691
1192 62443
1193 61871
1194 61935
1195 61622
1196 61227
1197 61551
1198 61447
1199 60934
1200 61319
1201 61154
1202 61071
1203 61345
1204 61100
1205 60713
1206 61166
1207 61063
1208 60775
1209 60767
1210 60676
1211 60760
1212 60986
1213 60554
1214 60689
1215 60807
1216 60635
1217 61015
1218 60929
1219 60839
1220 60979
1221 60485
1222 60805
1223 60918
1224 61508
1225 61072
1226 61227
1227 61074
1228 61253
1229 61674
1230 61579
1231 61825
1232 61385
1233 61665
1234 62050
1235 61939
1236 62240
1237 62858
1238 62802
1239 62861
1240 62731
1241 63026
1242 63574
1243 63565
1244 63998
1245 64100
1246 63920
1247 63856
1248 64055
1249 63996
1250 63722
1251 63745
1252 62980
1253 63162
1254 62928
1255 62576
1256 62520
1257 62175
1258 62083
1259 62086
1260 61680
1261 61576
1262 61453
1263 61643
1264 61604
1265 61705
1266 61705
1267 61617
1268 62064
1269 62072
1270 61840
1271 62408
1272 63077
1273 62876
1274 63063
1275 63156
1276 63711
1277 63576
1278 64149
1279 64293
1280 64293
1281 64237
1282 64194
1283 64222
1284 64064
1285 63481
1286 63981
1287 63340
1288 63040
1289 62388
1290 63005
1291 62385
1292 62611
1293 62129
1294 61892
1295 61615
1296 61901
1297 61623
1298 61334
1299 61197
1300 60985
1301 61417
1302 60965
1303 60843
1304 61061
1305 60821
1306 60870
1307 60911
1308 60564
1309 60848
1310 60716
1311 60771
1312 60438
1313 60955
1314 60740
1315 60782
1316 60621
1317 60953
1318 60525
1319 61244
1320 60634
1321 60915
1322 60666
1323 60612
1324 61143
1325 61286
1326 61033
1327 61283
1328 61442
1329 61415
1330 61436
1331 61761
1332 62054
1333 61740
1334 62060
1335 62426
1336 62397
1337 62628
1338 62580
1339 62864
1340 63248
1341 63531
1342 63458
1343 63372
1344 63850
1345 64163
1346 63980
1347 64555
1348 63740
1349 63884
1350 63975
1351 63405
1352 63056
1353 63042
1354 62471
1355 62291
1356 61867
1357 62177
1358 62182
1359 61821
1360 61904
1361 61762
1362 61290
1363 61276
1364 61530
1365 61245
1366 61621
1367 61471
1368 61446
1369 62011
1370 62272
1371 62409
1372 62194
1373 62609
1374 63002
1375 63032
1376 63523
1377 63581
1378 64030
1379 63880
1380 63960
1381 64369
1382 64211
1383 63861
1384 63843
1385 63527
1386 63179
1387 62795
1388 62495
1389 62493
1390 62436
1391 62337
1392 62048
1393 61585
1394 61571
1395 61431
1396 61313
1397 60797
1398 60041
1399 58768
1400 58705
1401 58070
1402 57879
1403 57812
1404 57382
1405 57733
1406 57982
1407 57355
1408 57443
1409 57551
1410 56959
1411 57371
1412 57259
1413 57462
1414 57655
1415 57296
1416 57287
1417 57228
1418 57085
1419 57583
1420 57660
1421 57634
1422 57533
1423 57615
1424 57645
1425 58062
1426 58338
1427 57927
1428 57889
1429 58392
1430 58201
1431 58221
1432 58263
1433 58695
1434 58653
1435 58980
1436 59560
1437 59286
1438 59684
1439 59886
1440 60662
1441 61792
1442 62344
1443 62643
1444 63381
1445 63322
1446 63697
1447 63526
1448 63297
1449 63476
1450 62913
1451 63123
1452 62719
1453 62582
1454 62572
1455 62182
1456 61954
1457 61685
1458 61691
1459 61083
1460 61420
1461 60839
1462 61223
1463 60998
1464 61657
1465 61229
1466 61291
1467 61460
1468 61518
1469 61505
1470 61696
1471 61854
1472 62465
1473 62214
1474 62374
1475 63109
1476 63105
1477 63248
1478 64014
1479 63747
1480 63409
1481 63580
1482 63367
1483 63785
1484 63620
1485 62948
1486 62616
1487 62999
1488 62896
1489 62458
1490 62102
1491 61738
1492 61841
1493 61788
1494 61516
1495 61657
1496 61567
1497 61082
1498 61077
1499 60936
1500 61003
1501 61057
1502 60967
1503 60537
1504 60967
1505 60470
1506 60059
1507 60250
1508 60280
1509 60128
1510 60552
1511 59969
1512 60250
1513 60479
1514 60292
1515 60287
1516 60237
1517 60373
1518 60168
1519 60301
1520 60209
1521 60527
1522 60492
1523 60871
1524 60713
1525 60849
1526 60947
1527 60671
1528 60942
1529 60907
1530 61083
1531 61222
1532 60854
1533 61315
1534 61874
1535 62026
1536 62079
1537 62246
1538 62184
1539 62576
1540 62688
1541 63099
1542 63116
1543 63042
1544 63194
1545 63513
1546 63518
1547 63418
1548 63250
1549 63225
1550 63365
1551 63057
1552 62664
1553 62759
1554 62202
1555 62261
1556 61728
1557 61452
1558 61437
1559 61157
1560 61135
1561 61406
1562 60935
1563 60621
1564 60858
1565 61346
1566 61445
1567 61295
1568 61582
1569 61702
1570 61610
1571 61829
1572 61735
1573 62240
1574 62137
1575 62692
1576 63298
1577 63028
1578 63394
1579 62918
1580 63500
1581 63579
1582 63787
1583 63422
1584 63272
1585 62941
1586 62900
1587 62574
1588 62268
1589 62229
1590 61830
1591 61836
1592 62148
1593 61574
1594 61047
1595 61540
1596 60749
1597 61087
1598 60902
1599 60874
1600 60793
1601 60650
1602 61056
1603 60726
1604 60516
1605 60596
1606 60093
1607 60096
1608 59899
1609 59958
1610 60374
1611 59916
1612 60481
1613 60179
1614 60293
1615 60666
1616 60295
1617 60438
1618 60161
1619 60444
1620 60372
1621 60219
1622 60164
1623 60650
1624 60585
1625 60965
1626 60578
1627 60671
1628 60447
1629 60602
1630 60620
1631 60949
1632 61189
1633 61402
1634 61607
1635 61569
1636 61510
1637 61572
1638 62146
1639 62746
1640 62172
1641 62739
1642 62380
1643 62909
1644 63198
1645 63456
1646 63586
1647 63136
1648 63012
1649 63580
1650 62708
1651 62721
1652 62502
1653 62278
1654 62053
1655 61655
1656 61024
1657 61543
1658 61395
1659 60728
1660 60741
1661 60796
1662 60747
1663 60476
1664 60958
1665 60980
1666 60827
1667 60762
1668 61356
1669 61202
1670 61689
1671 61178
1672 61988
1673 62052
1674 62619
1675 62251
1676 62511
1677 62562
1678 63151
1679 63185
1680 63780
1681 63620
1682 63120
1683 63035
1684 62852
1685 62662
1686 62919
1687 62687
1688 62497
1689 61906
1690 61833
1691 61839
1692 61264
1693 61384
1694 61902
1695 60831
1696 61278
1697 60844
1698 61190
1699 60721
1700 60622
1701 60258
1702 60305
1703 60214
1704 60157
1705 60104
1706 60255
1707 60004
1708 59923
1709 60336
1710 60230
1711 60033
1712 59709
1713 60136
1714 59960
1715 60004
1716 60112
1717 60126
1718 59963
1719 59981
1720 59716
1721 60081
1722 59715
1723 60110
1724 59958
1725 60300
1726 60341
1727 60441
1728 60566
1729 60262
1730 60521
1731 60590
1732 60835
1733 61548
1734 61288
1735 61337
1736 61585
1737 62051
1738 61757
1739 62176
1740 61931
1741 62707
1742 62934
1743 62772
1744 62659
1745 63127
1746 63015
1747 63529
1748 62914
1749 63267
1750 62887
1751 62654
1752 62370
1753 61881
1754 61900
1755 61744
1756 61536
1757 61616
1758 61066
1759 60518
1760 60820
1761 60948
1762 60523
1763 60068
1764 60594
1765 60592
1766 60990
1767 60763
1768 61031
1769 61082
1770 61541
1771 61660
1772 61531
1773 61752
1774 62269
1775 62298
1776 62261
1777 62803
1778 62722
1779 62984
1780 63202
1781 62723
1782 63095
1783 63484
1784 62547
1785 62606
1786 62411
1787 62537
1788 62286
1789 62197
1790 61146
1791 61103
1792 61295
1793 61071
1794 60793
1795 60915
1796 61194
1797 60494
1798 60647
1799 60118
1800 60610
1801 60276
1802 60577
1803 59703
1804 59773
1805 60133
1806 60033
1807 60109
1808 59673
1809 59823
1810 59977
1811 60083
1812 59945
1813 59773
1814 59379
1815 60102
1816 59753
1817 59752
1818 59779
1819 59745
1820 59681
1821 60234
1822 59599
1823 59807
1824 60188
1825 59939
1826 60320
1827 60146
1828 60209
1829 59949
1830 60139
1831 60676
1832 60572
1833 60748
1834 60816
1835 60996
1836 61099
1837 61198
1838 61676
1839 61448
1840 61766
1841 62516
1842 61952
1843 61938
1844 62414
1845 62253
1846 62538
1847 62343
1848 62341
1849 62519
1850 62423
1851 62725
1852 61865
1853 62201
1854 61452
1855 61527
1856 61077
1857 60799
1858 60570
1859 60237
1860 60877
1861 60409
1862 59965
1863 60504
1864 60659
1865 60182
1866 60377
1867 60498
1868 60498
1869 60533
1870 61288
1871 60940
1872 61402
1873 61506
1874 61548
1875 61649
1876 61854
1877 62680
1878 62276
1879 62194
1880 62342
1881 62257
1882 62347
1883 62283
1884 62254
1885 62265
1886 61991
1887 61612
1888 61963
1889 61116
1890 61328
1891 60766
1892 61337
1893 61050
1894 60087
1895 60474
1896 60258
1897 59918
1898 60090
1899 60028
1900 59896
1901 60023
1902 59583
1903 59830
1904 59653
1905 59493
1906 59252
1907 59416
1908 59658
1909 59419
1910 59096
1911 59199
1912 59504
1913 59245
1914 59381
1915 59439
1916 59638
1917 59524
1918 59288
1919 59370
1920 59632
1921 59195
1922 59742
1923 59508
1924 59678
1925 60041
1926 60133
1927 60105
1928 59979
1929 59851
1930 59691
1931 60464
1932 60182
1933 60145
1934 60457
1935 60524
1936 61156
1937 61034
1938 60962
1939 61292
1940 61565
1941 61149
1942 61345
1943 61690
1944 62129
1945 62394
1946 62333
1947 62265
1948 62111
1949 62191
1950 62023
1951 61886
1952 61538
1953 61425
1954 61180
1955 60944
1956 60920
1957 60593
1958 60585
1959 60660
1960 60493
1961 59957
1962 60178
1963 59422
1964 60247
1965 60021
1966 60216
1967 60667
1968 60145
1969 60921
1970 60568
1971 60493
1972 60967
1973 61408
1974 61151
1975 61843
1976 61842
1977 62214
1978 62464
1979 62025
1980 62430
1981 62725
1982 62440
1983 61898
1984 62153
1985 61941
1986 62111
1987 61678
1988 61447
1989 61033
1990 61296
1991 60915
1992 60937
1993 60501
1994 60469
1995 60311
1996 60166
1997 60558
1998 60151
1999 59965
2000 59875
2001 59862
2002 59820
2003 59865
2004 59328
2005 59731
2006 59328
2007 59784
2008 59513
2009 59854
2010 59495
2011 59814
2012 59370
2013 59372
2014 59705
2015 59811
2016 59649
2017 59816
2018 59423
2019 59753
2020 59423
2021 59581
2022 60020
2023 59946
2024 60014
2025 59950
2026 59902
2027 60285
2028 60096
2029 59987
2030 60516
2031 60566
2032 60348
2033 60674
2034 60705
2035 60803
2036 60830
2037 61128
2038 61139
2039 61757
2040 61901
2041 61801
2042 62168
2043 62129
2044 62549
2045 62545
2046 62515
2047 62516
2048 62136
2049 62335
2050 62316
2051 62535
2052 62000
2053 62016
2054 61303
2055 61569
2056 61071
2057 60890
2058 60600
2059 61016
2060 60507
2061 60582
2062 60786
2063 59986
2064 59949
2065 60545
2066 60745
2067 60807
2068 60677
2069 60797
2070 60751
2071 60935
2072 61472
2073 61325
2074 61843
2075 61761
2076 61624
2077 61863
2078 62066
2079 62606
2080 62705
2081 62386
2082 62893
2083 62471
2084 62293
2085 62627
2086 61921
2087 61359
2088 61582
2089 61543
2090 61078
2091 61129
2092 61114
2093 60878
2094 60533
2095 60421
2096 60723
2097 60319
2098 60331
2099 60020
2100 60281
2101 60004
2102 60478
2103 59816
2104 60244
2105 59945
2106 60268
2107 60105
2108 59559
2109 60036
2110 59706
2111 60095
2112 59584
2113 60086
2114 59721
2115 59451
2116 60107
2117 60071
2118 59657
2119 59472
2120 59853
2121 59953
2122 59905
2123 60036
2124 59722
2125 59858
2126 59844
2127 60180
2128 59789
2129 60278
2130 60281
2131 60193
2132 60697
2133 60703
2134 60814
2135 60694
2136 61065
2137 61262
2138 61400
2139 61950
2140 61646
2141 62062
2142 61881
2143 62563
2144 62414
2145 62297
2146 62616
2147 62451
2148 62733
2149 62432
2150 62852
2151 62339
2152 61617
2153 61628
2154 61615
2155 61515
2156 61305
2157 61114
2158 61201
2159 60864
2160 60951
2161 60669
2162 60090
2163 60509
2164 60541
2165 60335
2166 60790
2167 61066
2168 60703
2169 60836
2170 61197
2171 61196
2172 61380
2173 61493
2174 62077
2175 62212
2176 62239
2177 61975
2178 62748
2179 62714
2180 62507
2181 62856
2182 62926
2183 62467
2184 62562
2185 62507
2186 61850
2187 61905
2188 61844
2189 61495
2190 61575
2191 61541
2192 60649
2193 61054
2194 60622
2195 61024
2196 60558
2197 60264
2198 60464
2199 60182
2200 60119
2201 60448
2202 59836
2203 59934
2204 60230
2205 59778
2206 59915
2207 60215
2208 60166
2209 60009
2210 59684
2211 59936
2212 59688
2213 59812
2214 59815
2215 60038
2216 59960
2217 59946
2218 60206
2219 60153
2220 60160
2221 59818
2222 60058
2223 59900
2224 60196
2225 60235
2226 60096
2227 60451
2228 60300
2229 60183
2230 60371
2231 60666
2232 60518
2233 61072
2234 60799
2235 61003
2236 61438
2237 61276
2238 61551
2239 61623
2240 61628
2241 61864
2242 62270
2243 62615
2244 62301
2245 62540
2246 62488
2247 62583
2248 62477
2249 62397
2250 62798
2251 61971
2252 61622
2253 61825
2254 61639
2255 61467
2256 61519
2257 61403
2258 60817
2259 60398
2260 60574
2261 60221
2262 60517
2263 60351
2264 60654
2265 60639
2266 60689
2267 61261
2268 60528
2269 61155
2270 61115
2271 61620
2272 61571
2273 61881
2274 61883
2275 61923
2276 62033
2277 62284
2278 62443
2279 62636
2280 62769
2281 62872
2282 62606
2283 62403
2284 62154
2285 62310
2286 62200
2287 61494
2288 62137
2289 61678
2290 61413
2291 61467
2292 61080
2293 61206
2294 61348
2295 60598
2296 60752
2297 60886
2298 60831
2299 60702
2300 60388
2301 59928
2302 60277
2303 59944
2304 60046
2305 60056
2306 60564
2307 60107
2308 60034
2309 59763
2310 60227
2311 59604
2312 60003
2313 59986
2314 60373
2315 59719
2316 60160
2317 60344
2318 60258
2319 60337
2320 60605
2321 60524
2322 60445
2323 60361
2324 60504
2325 60201
2326 60415
2327 60077
2328 60179
2329 60664
2330 60951
2331 60976
2332 60520
2333 60728
2334 61470
2335 61467
2336 61589
2337 61377
2338 61169
2339 62043
2340 61779
2341 61987
2342 62301
2343 62072
2344 62516
2345 62629
2346 62727
2347 62623
2348 62472
2349 62411
2350 62446
2351 61884
2352 61918
2353 61875
2354 61653
2355 61251
2356 61394
2357 60677
2358 60961
2359 60806
2360 61204
2361 60773
2362 60460
2363 60420
2364 60826
2365 60819
2366 60852
2367 60766
2368 61237
2369 61121
2370 60952
2371 61348
2372 61607
2373 62051
2374 62014
2375 62052
2376 62074
2377 62493
2378 62555
2379 62599
2380 62475
2381 62613
2382 62581
2383 62557
2384 62408
2385 62095
2386 61901
2387 61812
2388 61755
2389 62126
2390 61073
2391 61262
2392 61404
2393 61288
2394 60990
2395 61157
2396 61047
2397 60940
2398 60754
2399 60540
2400 60682
2401 60791
2402 60829
2403 60637
2404 60459
2405 60661
2406 60489
2407 60491
2408 60274
2409 60228
2410 60001
2411 60199
2412 59950
2413 60277
2414 60058
2415 60167
2416 60353
2417 60527
2418 60364
2419 60346
2420 60501
2421 60568
2422 60431
2423 60483
2424 60499
2425 60552
2426 60717
2427 60671
2428 60069
2429 60666
2430 60778
2431 61055
2432 61457
2433 61416
2434 60865
2435 61482
2436 61255
2437 61251
2438 61970
2439 62078
2440 61936
2441 61832
2442 62279
2443 62209
2444 62478
2445 62458
2446 62440
2447 62422
2448 62708
2449 62627
2450 61934
2451 62693
2452 62260
2453 62124
2454 62164
2455 61333
2456 61554
2457 61494
2458 61117
2459 61194
2460 61044
2461 61275
2462 61339
2463 60651
2464 61109
2465 60862
2466 60919
2467 61306
2468 61293
2469 61058
2470 61043
2471 61581
2472 61593
2473 61763
2474 62210
2475 61546
2476 62574
2477 62540
2478 62508
2479 62692
2480 62381
2481 62516
2482 62286
2483 61832
2484 61976
2485 62079
2486 61495
2487 62007
2488 61929
2489 62052
2490 61264
2491 61527
2492 61498
2493 61497
2494 61015
2495 61006
2496 61106
2497 61017
2498 60968
2499 61284
2500 60711
2501 60333
2502 60562
2503 60122
2504 60768
2505 60534
2506 60474
2507 60499
2508 60411
2509 60444
2510 60231
2511 60452
2512 60162
2513 60080
2514 60469
2515 60404
2516 60392
2517 60442
2518 60517
2519 60697
2520 60414
2521 60707
2522 60700
2523 60774
2524 60692
2525 60565
2526 60543
2527 60701
2528 60861
2529 61144
2530 61239
2531 61008
2532 61220
2533 61116
2534 61361
2535 61034
2536 61350
2537 61539
2538 62057
2539 61768
2540 61605
2541 62649
2542 62565
2543 62364
2544 62424
2545 62733
2546 62847
2547 62935
2548 62456
2549 63059
2550 62666
2551 62150
2552 62385
2553 62017
2554 61678
2555 62020
2556 61225
2557 61353
2558 61212
2559 61069
2560 61118
2561 61038
2562 60931
2563 61075
2564 60950
2565 60975
2566 61289
2567 61133
2568 60867
2569 61828
2570 61182
2571 61417
2572 62051
2573 61764
2574 61820
2575 62481
2576 62561
2577 62691
2578 62394
2579 62694
2580 62899
2581 62507
2582 62542
2583 62803
2584 62491
2585 62740
2586 62334
2587 62074
2588 61856
2589 61521
2590 61468
2591 61792
2592 60940
2593 61297
2594 61353
2595 60931
2596 61246
2597 61045
2598 60617
2599 60583
2600 61001
2601 60640
2602 60686
2603 60388
2604 60222
2605 60685
2606 59960
2607 60036
2608 60298
2609 60682
2610 60681
2611 60441
2612 60331
2613 60225
2614 60247
2615 60243
2616 60682
2617 60417
2618 60079
2619 60434
2620 60718
2621 60399
2622 60638
2623 60466
2624 60404
2625 60405
2626 60742
2627 60498
2628 60953
2629 61096
2630 60940
2631 61037
2632 61010
2633 61288
2634 61393
2635 61608
2636 61411
2637 61598
2638 62103
2639 62078
2640 62121
2641 62803
2642 62195
2643 62681
2644 62698
2645 62683
2646 62578
2647 62477
2648 62434
2649 62786
2650 62574
2651 62504
2652 62191
2653 61667
2654 61952
2655 61393
2656 61636
2657 61486
2658 61515
2659 61262
2660 61346
2661 61146
2662 61335
2663 61285
2664 61126
2665 61200
2666 61265
2667 61477
2668 61291
2669 61507
2670 61135
2671 61365
2672 61826
2673 62242
2674 62026
2675 62196
2676 62852
2677 62647
2678 62303
2679 63166
2680 62594
2681 62720
2682 62409
2683 62596
2684 62397
2685 62040
2686 62396
2687 62330
2688 62114
2689 62049
2690 61533
2691 61429
2692 61482
2693 61420
2694 61310
2695 61355
2696 61041
2697 61219
2698 61181
2699 60954
2700 61159
2701 60393
2702 60878
2703 60646
2704 60554
2705 60263
2706 60859
2707 60423
2708 60195
2709 60326
2710 60503
2711 60540
2712 60598
2713 60582
2714 60325
2715 60570
2716 60951
2717 60501
2718 60457
2719 60366
2720 60403
2721 60399
2722 60668
2723 60568
2724 60673
2725 60763
2726 60814
2727 60855
2728 60636
2729 60850
2730 60498
2731 61141
2732 61121
2733 61309
2734 61127
2735 61608
2736 61657
2737 61653
2738 61845
2739 61731
2740 62182
2741 62684
2742 62402
2743 62999
2744 62659
2745 62526
2746 62965
2747 62957
2748 62836
2749 62636
2750 62601
2751 62719
2752 62283
2753 61981
2754 62224
2755 61525
2756 61649
2757 61449
2758 61463
2759 61452
2760 61302
2761 61175
2762 60974
2763 60495
2764 61267
2765 61131
2766 61391
2767 61097
2768 61169
2769 61178
2770 61366
2771 61680
2772 61600
2773 61525
2774 62197
2775 62060
2776 62188
2777 62155
2778 62646
2779 62491
2780 62561
2781 62219
2782 62667
2783 62831
2784 62400
2785 62176
2786 62590
2787 62308
2788 61639
2789 62035
2790 61685
2791 61803
2792 61611
2793 61696
2794 61440
2795 61151
2796 61112
2797 61032
2798 60838
2799 60837
2800 60973
2801 61140
2802 60957
2803 60428
2804 60552
2805 60656
2806 60545
2807 60262
2808 60840
2809 60454
2810 60885
2811 60037
2812 60194
2813 60205
2814 60918
2815 60547
2816 60379
2817 60115
2818 60779
2819 60630
2820 60726
2821 60553
2822 60778
2823 61135
2824 60904
2825 60606
2826 60577
2827 60982
2828 60872
2829 60798
2830 61218
2831 61145
2832 61159
2833 61113
2834 61876
2835 61595
2836 61301
2837 61833
2838 62054
2839 62167
2840 62730
2841 62773
2842 62099
2843 62722
2844 62646
2845 62855
2846 63097
2847 61743
2848 62754
2849 62105
2850 62014
2851 61997
2852 62561
2853 61909
2854 61675
2855 61316
2856 61745
2857 61668
2858 61200
2859 61115
2860 61013
2861 61079
2862 61088
2863 60985
2864 61088
2865 61010
2866 61095
2867 61478
2868 60846
2869 61405
2870 61433
2871 61291
2872 61492
2873 61979
2874 62016
2875 61910
2876 62419
2877 62315
2878 62320
2879 62249
2880 62779
2881 62658
2882 62450
2883 62683
2884 63295
2885 62655
2886 62050
2887 62717
2888 62444
2889 62219
2890 62079
2891 61734
2892 61708
2893 61646
2894 61967
2895 61398
2896 61325
2897 61080
2898 61192
2899 61061
2900 61171
2901 60699
2902 60647
2903 60510
2904 60629
2905 60579
2906 60833
2907 60736
2908 60697
2909 60691
2910 60440
2911 60193
2912 60169
2913 60502
2914 60595
2915 60032
2916 60255
2917 60663
2918 60660
2919 60142
2920 60610
2921 60661
2922 60461
2923 60750
2924 60836
2925 60389
2926 60788
2927 60931
2928 61198
2929 60864
2930 61354
2931 60809
2932 61034
2933 61630
2934 61327
2935 61544
2936 61834
2937 61995
2938 62026
2939 61960
2940 62493
2941 62271
2942 62199
2943 62492
2944 62631
2945 62679
2946 62880
2947 62630
2948 62824
2949 62477
2950 62220
2951 61690
2952 62501
2953 61738
2954 61277
2955 61396
2956 61284
2957 61381
2958 61077
2959 61227
2960 61277
2961 61141
2962 61121
2963 60635
2964 61284
2965 60868
2966 61267
2967 61005
2968 61063
2969 61449
2970 61362
2971 61415
2972 61795
2973 61844
2974 61696
2975 62258
2976 62072
2977 61992
2978 62023
2979 62511
2980 62265
2981 62850
2982 62677
2983 62536
2984 62821
2985 62439
2986 62304
2987 62313
2988 61900
2989 61844
2990 61670
2991 61637
2992 61558
2993 61650
2994 61530
2995 61252
2996 61413
2997 61481
2998 60975
2999 60432
3000 60830
3001 60753
3002 60751
3003 60398
3004 60447
3005 60465
3006 60498
3007 60268
3008 60663
3009 60365
3010 60078
3011 60344
3012 60253
3013 60402
3014 60423
3015 60472
3016 60314
3017 60168
3018 60292
3019 60344
3020 60341
3021 60592
3022 60649
3023 60053
3024 60498
3025 60758
3026 60647
3027 60877
3028 61263
3029 60999
3030 61540
3031 61397
3032 60908
3033 61512
3034 61624
3035 61639
3036 61546
3037 61881
3038 61971
3039 62301
3040 62025
3041 62189
3042 62629
3043 62487
3044 62856
3045 62484
3046 62837
3047 62501
3048 62289
3049 62383
3050 62383
3051 61703
3052 62141
3053 61544
3054 61680
3055 61514
3056 61544
3057 61264
3058 61140
3059 60938
3060 60967
3061 60832
3062 61189
3063 60940
3064 60489
3065 61076
3066 61099
3067 61439
3068 60862
3069 61393
3070 61250
3071 61420
3072 61535
3073 61777
3074 61898
3075 61600
3076 61984
3077 61695
3078 61935
3079 62125
3080 62535
3081 62705
3082 62042
3083 62622
3084 62462
3085 62231
3086 62293
3087 62236
3088 61779
3089 61986
3090 61542
3091 61164
3092 61370
3093 61070
3094 61161
3095 60879
3096 61133
3097 61179
3098 60829
3099 61237
3100 60673
3101 60485
3102 60637
3103 60741
3104 61055
3105 60473
3106 60370
3107 60231
3108 60548
3109 60432
3110 60535
3111 60616
3112 60385
3113 60073
3114 60157
3115 60419
3116 59907
3117 59971
3118 59942
3119 60411
3120 60510
3121 60257
3122 60778
3123 60640
3124 60631
3125 60670
3126 60566
3127 60823
3128 60689
3129 60667
3130 60650
3131 60841
3132 61351
3133 61254
3134 61177
3135 61108
3136 61255
3137 61849
3138 61939
3139 61851
3140 62097
3141 62503
3142 62153
3143 62399
3144 62704
3145 62177
3146 62396
3147 62859
3148 62786
3149 62523
3150 62464
3151 62113
3152 61821
3153 61583
3154 61758
3155 61470
3156 61746
3157 61161
3158 61026
3159 61425
3160 60609
3161 61099
3162 60950
3163 61016
3164 60471
3165 61131
3166 60883
3167 61500
3168 61333
3169 61172
3170 61475
3171 61354
3172 61498
3173 61378
3174 61744
3175 62182
3176 61966
3177 62204
3178 62359
3179 62653
3180 62357
3181 62823
3182 62594
3183 62322
3184 62279
3185 62037
3186 62047
3187 61674
3188 61595
3189 61567
3190 61696
3191 61783
3192 61172
3193 61526
3194 60917
3195 60991
3196 61255
3197 60895
3198 60783
3199 60916
3200 60442
3201 60648
3202 60300
3203 60264
3204 59999
3205 60385
3206 60125
3207 60224
3208 59822
3209 60096
3210 59863
3211 59997
3212 60194
3213 60123
3214 59969
3215 60220
3216 60030
3217 60280
3218 60365
3219 60617
3220 60140
3221 60578
3222 60440
3223 60409
3224 59969
3225 60245
3226 60808
3227 60610
3228 60633
3229 60758
3230 60884
3231 61064
3232 60920
3233 60772
3234 61046
3235 61445
3236 60888
3237 61223
3238 61684
3239 61716
3240 62200
3241 62092
3242 62255
3243 62258
3244 62647
3245 62543
3246 62645
3247 62437
3248 62528
3249 62222
3250 62329
3251 62238
3252 62023
3253 61810
3254 61627
3255 61562
3256 61680
3257 61345
3258 61197
3259 61076
3260 61086
3261 60962
3262 60443
3263 60378
3264 60359
3265 60532
3266 60955
3267 61481
3268 60768
3269 61302
3270 61123
3271 61020
3272 61655
3273 61830
3274 62129
3275 62411
3276 62020
3277 62191
3278 62706
3279 62565
3280 62609
3281 62684
3282 62704
3283 62460
3284 62436
3285 62160
3286 62109
3287 61710
3288 61556
3289 61605
3290 61806
3291 61306
3292 61246
3293 61077
3294 61231
3295 60796
3296 60481
3297 60524
3298 60903
3299 60440
3300 60538
3301 60691
3302 60548
3303 60781
3304 60314
3305 60524
3306 60566
3307 60543
3308 60733
3309 60539
3310 60113
3311 59954
3312 60080
3313 60202
3314 59988
3315 60003
3316 60219
3317 60362
3318 60140
3319 60374
3320 60449
3321 60448
3322 60307
3323 60248
3324 60685
3325 59968
3326 60754
3327 60918
3328 60551
3329 60438
3330 60844
3331 61149
3332 60759
3333 60541
3334 61016
3335 61434
3336 61260
3337 61679
3338 61528
3339 61360
3340 61846
3341 61957
3342 62124
3343 62357
3344 62190
3345 62551
3346 62631
3347 62583
3348 62869
3349 62583
3350 62549
3351 62573
3352 62160
3353 62331
3354 61693
3355 61434
3356 61331
3357 61250
3358 60954
3359 61138
3360 60671
3361 60902
3362 60715
3363 60502
3364 60900
3365 60793
3366 60922
3367 61302
3368 60670
3369 61257
3370 61222
3371 61459
3372 61152
3373 62024
3374 61791
3375 61876
3376 62197
3377 62400
3378 62324
3379 62737
3380 62341
3381 62492
3382 62047
3383 62475
3384 62101
3385 62122
3386 61953
3387 62201
3388 61621
3389 61570
3390 62072
3391 61122
3392 61251
3393 60881
3394 61054
3395 60736
3396 61201
3397 60869
3398 60772
3399 60533
3400 60770
3401 60734
3402 60531
3403 60518
3404 60186
3405 60260
3406 59997
3407 60397
3408 60454
3409 60061
3410 60489
3411 59852
3412 60473
3413 60213
3414 60548
3415 60230
3416 60140
3417 60357
3418 60042
3419 60287
3420 60060
3421 60481
3422 60123
3423 60490
3424 60318
3425 60883
3426 60754
3427 60261
3428 60039
3429 60881
3430 60791
3431 60893
3432 60887
3433 61131
3434 60799
3435 61395
3436 61249
3437 61305
3438 61512
3439 61368
3440 61643
3441 62143
3442 61872
3443 62099
3444 62417
3445 62218
3446 62551
3447 62489
3448 62462
3449 62892
3450 62054
3451 62416
3452 62137
3453 61917
3454 61848
3455 61665
3456 61428
3457 61129
3458 61464
3459 60716
3460 60787
3461 60840
3462 61119
3463 60737
3464 60717
3465 60990
3466 60843
3467 61002
3468 60704
3469 61354
3470 61271
3471 61397
3472 61658
3473 61764
3474 62378
3475 62051
3476 62431
3477 62154
3478 61986
3479 62555
3480 62177
3481 62274
3482 62113
3483 61926
3484 62122
3485 62018
3486 62118
3487 61572
3488 61442
3489 61422
3490 61289
3491 61193
3492 61428
3493 61251
3494 60799
3495 61184
3496 60698
3497 60989
3498 60513
3499 60885
3500 60699
3501 60723
3502 60500
3503 60145
3504 60401
3505 60603
3506 60180
3507 60395
3508 60179
3509 60469
3510 60291
3511 60200
3512 59728
3513 60211
3514 59910
3515 60009
3516 59986
3517 59860
3518 59810
3519 60061
3520 59631
3521 60117
3522 60140
3523 60793
3524 60289
3525 60415
3526 60426
3527 60534
3528 60591
3529 60502
3530 60562
3531 60948
3532 61207
3533 60675
3534 60900
3535 61378
3536 61372
3537 61341
3538 61462
3539 61732
3540 61800
3541 62125
3542 62084
3543 62347
3544 62138
3545 62816
3546 62553
3547 62109
3548 62241
3549 62350
3550 61689
3551 61982
3552 61936
3553 61527
3554 61566
3555 61239
3556 61491
3557 61241
3558 60746
3559 60844
3560 60571
3561 60918
3562 60880
3563 60750
3564 60958
3565 60827
3566 61319
3567 60549
3568 61055
3569 61071
3570 60659
3571 61171
3572 61409
3573 61318
3574 62056
3575 61721
3576 61942
3577 62155
3578 62016
3579 62171
3580 62401
3581 62438
3582 61928
3583 62643
3584 62117
3585 62456
3586 62057
3587 61627
3588 61614
3589 61513
3590 61597
3591 61718
3592 61326
3593 61127
3594 61182
3595 60929
3596 61220
3597 60659
3598 60292
3599 60530
3600 60520
3601 60687
3602 60392
3603 60304
3604 60095
3605 60713
3606 60250
3607 60277
3608 60327
3609 60496
3610 60079
3611 60533
3612 60037
3613 60520
3614 60481
3615 60153
3616 60283
3617 60198
3618 60310
3619 60221
3620 60538
3621 60373
3622 60568
3623 60265
3624 60694
3625 60469
3626 60466
3627 60455
3628 60732
3629 60968
3630 61115
3631 60844
3632 60760
3633 61004
3634 60763
3635 61412
3636 61432
3637 61314
3638 61907
3639 61768
3640 62074
3641 62114
3642 62086
3643 62495
3644 62260
3645 62298
3646 62427
3647 62401
3648 62089
3649 62227
3650 61667
3651 62076
3652 61943
3653 61400
3654 61600
3655 61198
3656 61400
3657 60953
3658 61242
3659 61162
3660 60739
3661 60803
3662 60387
3663 60605
3664 61158
3665 60602
3666 60738
3667 61020
3668 60744
3669 61105
3670 61373
3671 61299
3672 61768
3673 61454
3674 61360
3675 61633
3676 61990
3677 62020
3678 62273
3679 62347
3680 62394
3681 62379
3682 62441
3683 62302
3684 62126
3685 62219
3686 61930
3687 62260
3688 61986
3689 61855
3690 61441
3691 61272
3692 61179
3693 61382
3694 61358
3695 60748
3696 60931
3697 60906
3698 60753
3699 60667
3700 60837
3701 60771
3702 60255
3703 60329
3704 60413
3705 60148
3706 59936
3707 60511
3708 59877
3709 60716
3710 60476
3711 60069
3712 59804
3713 59912
3714 59746
3715 60073
3716 60066
3717 60487
3718 60117
3719 60311
3720 60444
3721 60303
3722 59941
3723 60430
3724 60231
3725 60588
3726 60505
3727 60836
3728 60688
3729 60611
3730 60707
3731 60899
3732 61040
3733 61068
3734 61082
3735 61413
3736 61266
3737 61032
3738 61452
3739 61833
3740 62200
3741 62210
3742 62283
3743 62159
3744 62238
3745 62563
3746 62489
3747 62294
3748 62120
3749 62359
3750 62523
3751 62115
3752 61621
3753 61370
3754 61512
3755 61454
3756 61064
3757 61222
3758 60595
3759 60884
3760 61220
3761 60618
3762 60593
3763 60520
3764 60999
3765 60502
3766 60434
3767 60449
3768 60930
3769 60667
3770 60803
3771 60984
3772 61396
3773 61493
3774 61468
3775 62144
3776 61692
3777 61901
3778 62135
3779 62288
3780 62148
3781 62531
3782 62261
3783 62666
3784 62218
3785 61877
3786 62025
3787 62537
3788 61428
3789 61996
3790 61483
3791 61627
3792 61107
3793 61436
3794 61079
3795 60946
3796 60840
3797 60712
3798 60346
3799 60641
3800 60565
3801 60468
3802 60453
3803 60378
3804 60441
3805 60586
3806 60383
3807 60110
3808 60055
3809 60233
3810 60237
3811 59890
3812 60560
3813 60343
3814 59926
3815 60398
3816 60079
3817 60054
3818 60532
3819 60115
3820 60433
3821 60237
3822 60482
3823 60315
3824 60611
3825 60277
3826 60320
3827 60497
3828 60509
3829 60647
3830 60718
3831 60680
3832 60873
3833 61239
3834 61227
3835 61264
3836 61240
3837 61355
3838 61778
3839 61780
3840 62082
3841 61801
3842 62025
3843 62044
3844 62323
3845 62396
3846 62078
3847 62673
3848 62504
3849 62102
3850 61743
3851 61931
3852 61807
3853 61813
3854 61455
3855 61242
3856 61075
3857 61343
3858 60914
3859 60577
3860 60804
3861 60804
3862 61007
3863 60807
3864 60618
3865 60946
3866 60836
3867 60404
3868 60971
3869 61075
3870 61105
3871 60932
3872 61428
3873 61696
3874 61805
3875 62185
3876 62238
3877 62319
3878 61730
3879 61967
3880 61941
3881 62242
3882 62622
3883 62349
3884 62634
3885 62481
3886 62361
3887 61947
3888 62020
3889 61892
3890 61858
3891 61869
3892 61213
3893 61222
3894 60800
3895 60783
3896 60801
3897 60479
3898 60542
3899 60744
3900 60432
3901 60796
3902 60542
3903 60495
3904 60580
3905 59801
3906 60260
3907 60119
3908 60373
3909 59707
3910 60450
3911 60399
3912 59941
3913 59672
3914 60008
3915 59817
3916 60177
3917 59982
3918 60240
3919 60468
3920 60161
3921 60442
3922 60109
3923 60051
3924 60189
3925 60211
3926 60996
3927 60412
3928 60733
3929 60325
3930 60412
3931 60603
3932 60742
3933 60887
3934 61092
3935 61348
3936 61123
3937 61548
3938 61385
3939 61755
3940 61966
3941 61842
3942 62139
3943 62124
3944 62480
3945 62538
3946 62411
3947 62330
3948 62175
3949 62328
3950 62396
3951 61940
3952 61655
3953 61173
3954 61641
3955 61167
3956 61316
3957 61039
3958 60829
3959 60153
3960 60486
3961 60725
3962 60988
3963 60452
3964 60630
3965 60472
3966 60708
3967 60673
3968 60659
3969 61494
3970 60725
3971 60740
3972 61513
3973 61408
3974 61122
3975 61967
3976 61947
3977 61706
3978 62181
3979 61941
3980 62159
3981 62545
3982 62741
3983 62577
3984 62502
3985 62201
3986 62301
3987 62164
3988 61729
3989 61888
3990 61447
3991 61573
3992 61211
3993 61008
3994 60601
3995 60853
3996 60602
3997 60963
3998 60696
3999 61037
4000 60688
4001 60322
4002 60595
4003 60240
4004 60409
4005 60299
4006 60300
4007 60373
4008 60437
4009 60243
4010 60112
4011 59871
4012 59888
4013 60122
4014 60105
4015 60001
4016 60168
4017 60103
4018 60027
4019 60145
4020 60424
4021 59997
4022 59946
4023 60524
4024 60208
4025 60507
4026 60712
4027 60542
4028 60588
4029 60440
4030 60670
4031 60435
4032 60887
4033 60647
4034 61078
4035 61684
4036 61739
4037 61512
4038 61363
4039 61644
4040 61355
4041 61938
4042 61786
4043 62137
4044 62158
4045 62299
4046 62716
4047 63000
4048 62449
4049 61802
4050 61705
4051 62210
4052 61405
4053 61532
4054 61545
4055 61292
4056 60661
4057 60693
4058 60631
4059 60560
4060 60331
4061 60837
4062 60492
4063 60105
4064 60378
4065 60743
4066 60673
4067 60764
4068 60409
4069 60832
4070 61060
4071 60934
4072 61358
4073 61235
4074 61205
4075 61731
4076 62078
4077 62396
4078 62205
4079 62108
4080 62224
4081 62350
4082 62019
4083 62307
4084 62000
4085 62750
4086 62250
4087 61950
4088 61822
4089 61876
4090 61180
4091 61482
4092 60937
4093 60738
4094 60880
4095 60708
4096 60996
4097 60936
4098 60354
4099 60610
4100 60723
4101 60288
4102 60492
4103 60195
4104 60166
4105 59818
4106 60662
4107 60119
4108 60390
4109 59904
4110 59849
4111 59919
4112 59636
4113 59926
4114 60145
4115 59443
4116 59370
4117 60418
4118 59935
4119 60393
4120 60126
4121 60353
4122 60014
4123 59759
4124 59907
4125 59926
4126 60136
4127 60518
4128 60771
4129 60079
4130 60825
4131 60567
4132 60753
4133 60966
4134 61314
4135 61703
4136 61587
4137 61275
4138 61370
4139 61763
4140 61466
4141 62126
4142 62117
4143 62580
4144 62429
4145 62141
4146 62419
4147 62251
4148 62561
4149 62227
4150 62335
4151 61456
4152 61992
4153 61601
4154 61353
4155 61038
4156 61174
4157 60912
4158 60916
4159 60908
4160 60335
4161 60573
4162 60835
4163 60484
4164 60999
4165 60575
4166 60519
4167 60697
4168 60743
4169 60913
4170 60332
4171 60991
4172 60972
4173 61480
4174 61299
4175 61719
4176 61921
4177 61967
4178 61968
4179 62073
4180 62787
4181 62254
4182 62360
4183 62295
4184 62206
4185 61683
4186 61912
4187 61605
4188 61594
4189 61725
4190 61067
4191 61379
4192 61494
4193 60585
4194 60881
4195 60933
4196 60937
4197 60637
4198 60861
4199 60048
4200 60214
4201 60376
4202 60487
4203 59955
4204 59958
4205 59942
4206 60050
4207 59836
4208 60268
4209 60297
4210 59955
4211 59984
4212 60140
4213 59948
4214 59973
4215 60107
4216 59627
4217 59853
4218 60152
4219 59886
4220 59950
4221 60096
4222 60259
4223 60336
4224 60138
4225 60204
4226 60535
4227 60154
4228 60381
4229 60593
4230 60602
4231 60463
4232 60894
4233 60487
4234 61111
4235 60830
4236 61151
4237 61487
4238 61110
4239 61823
4240 61727
4241 62299
4242 61327
4243 61982
4244 62145
4245 62017
4246 62392
4247 62080
4248 62109
4249 62086
4250 61961
4251 61532
4252 62259
4253 61833
4254 61793
4255 60933
4256 60657
4257 60970
4258 60742
4259 60954
4260 60464
4261 60833
4262 60769
4263 60756
4264 60390
4265 60213
4266 61032
4267 60628
4268 60832
4269 61305
4270 60709
4271 61305
4272 61333
4273 61365
4274 61818
4275 61833
4276 61809
4277 62477
4278 62228
4279 61789
4280 62301
4281 62266
4282 62260
4283 62400
4284 62528
4285 61956
4286 61799
4287 61616
4288 61454
4289 61400
4290 61156
4291 61276
4292 61173
4293 60825
4294 60952
4295 60926
4296 61066
4297 60364
4298 60321
4299 60554
4300 60430
4301 60097
4302 60536
4303 60063
4304 60448
4305 59747
4306 60092
4307 60330
4308 60129
4309 60247
4310 60611
4311 59741
4312 59839
4313 59979
4314 60212
4315 60045
4316 60141
4317 59597
4318 59967
4319 60183
4320 60783
4321 60528
4322 60193
4323 59820
4324 60691
4325 59789
4326 60354
4327 60438
4328 60145
4329 60175
4330 60703
4331 60220
4332 61018
4333 60750
4334 60965
4335 60786
4336 61147
4337 61107
4338 61247
4339 61413
4340 61576
4341 61832
4342 62079
4343 61732
4344 62254
4345 62199
4346 62808
4347 62524
4348 62423
4349 62244
4350 62515
4351 62243
4352 61904
4353 61640
4354 61271
4355 60886
4356 61203
4357 61273
4358 60548
4359 60910
4360 60651
4361 60576
4362 60921
4363 60551
4364 60358
4365 60681
4366 60822
4367 60678
4368 61075
4369 61401
4370 61468
4371 61405
4372 61355
4373 61622
4374 61905
4375 62164
4376 62267
4377 61730
4378 62146
4379 62218
4380 62326
4381 62107
4382 61993
4383 62558
4384 62543
4385 61844
4386 62014
4387 61724
4388 61468
4389 61324
4390 61443
4391 61127
4392 60893
4393 60802
4394 60739
4395 61103
4396 60386
4397 60528
4398 60579
4399 60227
4400 60158
4401 60621
4402 60220
4403 60232
4404 60068
4405 60073
4406 59840
4407 59680
4408 59578
4409 59908
4410 60139
4411 60068
4412 59621
4413 60178
4414 59583
4415 59478
4416 59817
4417 59821
4418 60035
4419 60127
4420 59565
4421 59821
4422 60076
4423 59827
4424 60440
4425 60228
4426 60061
4427 60085
4428 60452
4429 60042
4430 60470
4431 60775
4432 60590
4433 60430
4434 60571
4435 61057
4436 60947
4437 60986
4438 61129
4439 61427
4440 61324
4441 61966
4442 61775
4443 61857
4444 62072
4445 62201
4446 62552
4447 62036
4448 62015
4449 62111
4450 62546
4451 62038
4452 61882
4453 62223
4454 61864
4455 61514
4456 61230
4457 61013
4458 60869
4459 60399
4460 60414
4461 60827
4462 60577
4463 60753
4464 60975
4465 60498
4466 60465
4467 60649
4468 61034
4469 60494
4470 61043
4471 61391
4472 61278
4473 61106
4474 61388
4475 61922
4476 62190
4477 62485
4478 62071
4479 62756
4480 62033
4481 62845
4482 62231
4483 62247
4484 62267
4485 62023
4486 61772
4487 61463
4488 61444
4489 61789
4490 60937
4491 61221
4492 61082
4493 61093
4494 60961
4495 60676
4496 60435
4497 60520
4498 60390
4499 60012
4500 60088
4501 60268
4502 59977
4503 60276
4504 60115
4505 59841
4506 59801
4507 59562
4508 59850
4509 59964
4510 59833
4511 60208
4512 59763
4513 59506
4514 60133
4515 59825
4516 59619
4517 59893
4518 59845
4519 59340
4520 59845
4521 60240
4522 60139
4523 60090
4524 59906
4525 60012
4526 60134
4527 59697
4528 60116
4529 60404
4530 60246
4531 60286
4532 60386
4533 60745
4534 60729
4535 60706
4536 61027
4537 61086
4538 61450
4539 61361
4540 61456
4541 61755
4542 61420
4543 62285
4544 62292
4545 62208
4546 62315
4547 62344
4548 62439
4549 62587
4550 62392
4551 62054
4552 61775
4553 61807
4554 61844
4555 61085
4556 61447
4557 61303
4558 60815
4559 60666
4560 60603
4561 60429
4562 60352
4563 60342
4564 60494
4565 60374
4566 60512
4567 60856
4568 60834
4569 60855
4570 61062
4571 61331
4572 61223
4573 61646
4574 61648
4575 62077
4576 61761
4577 62180
4578 62290
4579 61998
4580 62572
4581 62583
4582 62809
4583 62359
4584 62232
4585 62076
4586 61443
4587 61287
4588 61847
4589 61058
4590 60599
4591 61413
4592 60510
4593 61000
4594 60677
4595 60050
4596 60723
4597 60861
4598 60215
4599 60255
4600 60468
4601 60097
4602 59808
4603 60001
4604 59878
4605 59724
4606 59572
4607 60076
4608 59988
4609 60112
4610 59809
4611 60062
4612 59399
4613 59755
4614 60102
4615 59212
4616 59829
4617 59998
4618 59877
4619 59694
4620 59785
4621 59517
4622 59697
4623 59819
4624 60080
4625 60043
4626 60000
4627 59915
4628 60142
4629 60448
4630 60841
4631 60561
4632 60521
4633 60350
4634 60532
4635 60612
4636 61147
4637 61143
4638 61112
4639 61092
4640 61644
4641 61528
4642 61727
4643 62027
4644 61829
4645 62133
4646 62366
4647 62574
4648 62051
4649 62164
4650 62403
4651 62056
4652 62181
4653 61541
4654 61626
4655 61580
4656 60954
4657 60792
4658 61233
4659 60665
4660 60459
4661 60639
4662 60374
4663 59837
4664 60319
4665 60749
4666 60833
4667 60527
4668 61013
4669 61320
4670 60643
4671 61352
4672 61662
4673 61477
4674 62089
4675 61815
4676 62170
4677 62427
4678 62629
4679 62713
4680 62369
4681 62781
4682 62166
4683 62274
4684 62129
4685 62021
4686 61814
4687 61140
4688 61350
4689 61269
4690 61168
4691 61083
4692 60866
4693 60694
4694 60538
4695 60372
4696 60616
4697 60179
4698 60070
4699 59866
4700 59961
4701 60289
4702 59977
4703 60213
4704 59580
4705 60166
4706 59710
4707 59487
4708 59491
4709 59969
4710 59571
4711 59388
4712 60182
4713 59714
4714 59595
4715 60016
4716 59870
4717 59712
4718 60039
4719 60189
4720 59765
4721 59680
4722 59266
4723 59815
4724 60262
4725 60064
4726 59733
4727 59960
4728 60149
4729 60438
4730 59679
4731 60172
4732 60291
4733 60742
4734 60078
4735 60724
4736 60571
4737 60893
4738 61021
4739 61249
4740 61420
4741 61512
4742 61511
4743 62179
4744 61771
4745 62363
4746 62038
4747 62186
4748 62183
4749 62236
4750 62012
4751 62300
4752 61815
4753 61664
4754 61938
4755 61678
4756 61396
4757 61161
4758 61057
4759 60500
4760 60757
4761 60823
4762 59959
4763 60473
4764 60183
4765 60269
4766 60461
4767 61063
4768 60524
4769 60678
4770 60951
4771 60950
4772 61455
4773 61684
4774 61983
4775 62331
4776 62210
4777 62344
4778 62368
4779 62229
4780 62929
4781 62214
4782 62240
4783 61848
4784 62186
4785 61992
4786 61934
4787 61375
4788 61131
4789 61632
4790 61115
4791 60786
4792 60930
4793 60910
4794 60500
4795 60339
4796 60175
4797 60479
4798 60046
4799 60034
4800 60286
4801 60416
4802 60159
4803 59964
4804 60336
4805 59830
4806 59671
4807 59949
4808 59850
4809 59718
4810 59698
4811 59524
4812 59391
4813 59521
4814 59608
4815 59687
4816 59668
4817 59463
4818 59430
4819 59890
4820 59749
4821 59365
4822 59704
4823 59804
4824 59419
4825 59891
4826 60031
4827 59895
4828 60318
4829 59965
4830 60719
4831 60173
4832 60277
4833 60550
4834 60759
4835 60976
4836 60744
4837 61178
4838 61332
4839 61552
4840 61105
4841 61390
4842 61946
4843 62038
4844 62480
4845 62687
4846 62334
4847 62758
4848 62666
4849 62695
4850 62443
4851 61866
4852 61910
4853 62002
4854 61814
4855 61220
4856 61334
4857 60903
4858 60985
4859 61187
4860 60553
4861 60800
4862 60579
4863 60443
4864 60243
4865 60664
4866 60605
4867 60785
4868 60710
4869 61148
4870 61214
4871 61429
4872 61448
4873 61676
4874 61886
4875 62077
4876 62388
4877 62597
4878 62430
4879 62346
4880 62678
4881 62405
4882 62481
4883 62422
4884 62143
4885 62425
4886 61871
4887 61801
4888 61872
4889 61539
4890 61299
4891 60862
4892 60937
4893 60896
4894 60764
4895 60420
4896 60188
4897 60271
4898 60702
4899 60120
4900 59872
4901 60153
4902 60199
4903 60376
4904 60049
4905 59714
4906 60073
4907 59603
4908 59929
4909 59830
4910 59729
4911 59692
4912 59699
4913 59710
4914 59855
4915 59812
4916 59783
4917 60075
4918 59687
4919 59468
4920 59847
4921 59719
4922 59924
4923 59572
4924 59623
4925 60268
4926 59999
4927 60028
4928 59760
4929 60402
4930 60533
4931 60522
4932 60446
4933 60530
4934 61090
4935 60835
4936 61038
4937 60957
4938 61201
4939 61472
4940 61709
4941 61592
4942 62082
4943 62186
4944 62522
4945 62409
4946 62543
4947 62338
4948 62502
4949 62884
4950 62710
4951 62654
4952 62064
4953 61900
4954 61467
4955 61642
4956 61198
4957 61092
4958 60792
4959 60837
4960 61019
4961 60450
4962 60341
4963 60113
4964 61012
4965 60425
4966 60751
4967 60523
4968 60902
4969 61071
4970 60876
4971 61412
4972 61900
4973 61738
4974 61776
4975 62486
4976 62077
4977 62623
4978 62356
4979 62727
4980 62832
4981 62498
4982 62323
4983 62564
4984 62252
4985 62157
4986 61901
4987 61652
4988 61428
4989 61102
4990 61192
4991 61100
4992 60936
4993 60467
4994 61031
4995 60270
4996 60088
4997 60488
4998 60465
4999 60553
5000 60167
5001 59905
5002 59949
5003 59957
5004 59894
5005 59872
5006 59737
5007 59961
5008 59637
5009 59860
5010 59534
5011 59722
5012 59839
5013 59497
5014 59406
5015 60131
5016 59483
5017 60152
5018 59505
5019 59837
5020 60159
5021 59439
5022 59472
5023 59918
5024 59805
5025 60125
5026 60176
5027 60028
5028 60414
5029 60652
5030 60162
5031 60497
5032 60796
5033 60467
5034 60907
5035 60756
5036 61030
5037 61099
5038 61549
5039 61285
5040 61830
5041 62053
5042 62072
5043 62539
5044 62578
5045 62669
5046 62761
5047 62764
5048 62658
5049 63034
5050 62804
5051 62579
5052 62140
5053 61985
5054 62104
5055 61505
5056 61627
5057 61185
5058 61014
5059 60821
5060 60484
5061 60707
5062 60141
5063 60221
5064 60447
5065 60757
5066 60654
5067 60885
5068 60810
5069 60803
5070 61278
5071 61502
5072 61709
5073 62052
5074 61760
5075 62142
5076 62798
5077 62340
5078 62862
5079 62896
5080 62860
5081 62757
5082 62661
5083 62928
5084 61949
5085 62074
5086 62195
5087 62150
5088 62108
5089 61428
5090 61441
5091 61352
5092 61154
5093 61403
5094 60477
5095 60535
5096 60429
5097 60365
5098 60411
5099 60332
5100 60177
5101 60257
5102 60048
5103 60155
5104 60002
5105 59952
5106 59805
5107 59938
5108 60024
5109 59616
5110 59934
5111 60029
5112 59700
5113 59658
5114 59677
5115 59734
5116 60019
5117 59755
5118 59651
5119 60012
5120 59999
5121 59964
5122 59801
5123 60137
5124 59998
5125 60408
5126 60126
5127 60048
5128 60390
5129 60381
5130 60513
5131 61009
5132 60369
5133 61190
5134 60922
5135 60898
5136 61762
5137 61515
5138 61508
5139 61709
5140 62056
5141 61728
5142 62253
5143 62308
5144 62764
5145 62839
5146 62708
5147 62907
5148 62761
5149 63246
5150 62867
5151 62643
5152 62680
5153 62077
5154 61817
5155 61390
5156 61675
5157 61096
5158 61377
5159 60981
5160 60931
5161 60363
5162 60822
5163 60467
5164 60428
5165 60537
5166 61008
5167 61267
5168 61257
5169 61596
5170 61652
5171 61625
5172 61758
5173 62018
5174 62415
5175 62635
5176 62289
5177 62755
5178 62852
5179 62636
5180 62970
5181 63034
5182 63112
5183 63017
5184 62878
5185 62756
5186 62189
5187 61721
5188 61700
5189 61254
5190 61700
5191 61091
5192 61103
5193 60870
5194 60428
5195 60658
5196 60130
5197 60408
5198 60180
5199 60028
5200 60438
5201 59857
5202 60385
5203 60008
5204 59810
5205 60015
5206 60242
5207 59580
5208 60128
5209 60166
5210 59949
5211 59451
5212 59548
5213 59966
5214 59210
5215 60295
5216 60070
5217 59861
5218 60235
5219 59924
5220 60251
5221 60137
5222 60197
5223 59891
5224 60263
5225 60288
5226 60108
5227 60340
5228 60466
5229 60291
5230 60404
5231 60802
5232 60844
5233 60716
5234 60952
5235 61049
5236 61225
5237 61388
5238 61321
5239 61788
5240 62213
5241 62121
5242 62426
5243 62717
5244 62771
5245 63195
5246 63138
5247 63444
5248 62902
5249 63084
5250 62907
5251 62878
5252 62566
5253 62695
5254 62146
5255 62507
5256 62234
5257 61841
5258 61239
5259 61147
5260 61068
5261 60804
5262 60725
5263 61050
5264 60660
5265 60685
5266 61090
5267 61435
5268 61461
5269 61496
5270 61389
5271 61789
5272 61774
5273 62114
5274 62428
5275 63076
5276 63062
5277 62730
5278 63124
5279 63672
5280 63472
5281 63500
5282 62632
5283 62882
5284 63010
5285 62407
5286 62500
5287 62003
5288 62161
5289 61696
5290 61450
5291 61603
5292 61193
5293 61113
5294 60830
5295 61104
5296 60696
5297 60799
5298 60897
5299 60445
5300 60380
5301 60684
5302 60276
5303 60689
5304 60691
5305 60504
5306 60249
5307 60469
5308 60124
5309 60342
5310 60249
5311 60146
5312 60179
5313 60299
5314 59826
5315 60369
5316 60214
5317 60317
5318 60532
5319 60272
5320 60301
5321 60044
5322 60568
5323 60844
5324 60617
5325 59979
5326 60422
5327 60682
5328 60604
5329 61095
5330 60664
5331 60584
5332 61412
5333 61304
5334 61051
5335 61352
5336 61574
5337 61803
5338 62124
5339 62159
5340 62270
5341 62438
5342 63006
5343 63022
5344 63353
5345 63166
5346 63822
5347 63731
5348 63995
5349 63373
5350 63748
5351 63541
5352 63270
5353 62963
5354 62605
5355 62809
5356 62428
5357 62121
5358 61717
5359 61839
5360 61710
5361 61439
5362 60917
5363 60977
5364 61150
5365 61477
5366 61135
5367 61481
5368 62003
5369 61835
5370 62311
5371 62377
5372 62465
5373 63323
5374 63470
5375 63310
5376 63581
5377 63598
5378 63990
5379 63920
5380 63663
5381 63758
5382 63397
5383 63248
5384 62970
5385 62905
5386 62970
5387 62608
5388 62347
5389 62525
5390 61958
5391 61694
5392 61708
5393 61506
5394 61379
5395 61094
5396 61124
5397 61235
5398 61311
5399 61120
5400 60955
5401 60948
5402 60934
5403 61055
5404 60779
5405 61273
5406 60899
5407 60637
5408 60510
5409 60651
5410 60707
5411 60630
5412 60862
5413 60558
5414 60550
5415 60273
5416 60500
5417 60413
5418 60651
5419 60627
5420 60951
5421 60592
5422 60586
5423 60820
5424 61088
5425 61045
5426 61206
5427 61080
5428 61034
5429 61765
5430 61371
5431 61362
5432 61594
5433 61753
5434 62419
5435 61869
5436 62395
5437 62335
5438 62506
5439 62611
5440 62897
5441 63518
5442 63791
5443 63760
5444 63944
5445 63964
5446 64310
5447 64336
5448 64577
5449 64361
5450 64073
5451 63905
5452 63905
5453 63880
5454 63116
5455 63078
5456 62998
5457 62480
5458 62451
5459 62096
5460 62006
5461 61806
5462 61639
5463 61790
5464 62041
5465 61584
5466 61466
5467 62175
5468 61953
5469 62704
5470 62554
5471 62844
5472 63517
5473 63549
5474 63780
5475 63814
5476 64721
5477 64170
5478 64367
5479 64725
5480 64960
5481 65001
5482 64320
5483 63549
5484 64083
5485 63771
5486 63654
5487 63482
5488 62874
5489 62381
5490 62788
5491 62420
5492 62169
5493 62424
5494 61806
5495 61767
5496 62089
5497 61069
5498 61450
5499 61575
5500 61413
5501 61347
5502 61408
5503 61522
5504 61458
5505 60860
5506 60886
5507 61111
5508 61426
5509 60876
5510 60651
5511 61132
5512 60451
5513 61077
5514 61137
5515 61078
5516 61313
5517 61094
5518 61253
5519 61087
5520 61159
5521 61029
5522 61414
5523 60975
5524 61140
5525 61281
5526 61246
5527 61201
5528 61892
5529 61538
5530 62096
5531 61915
5532 61737
5533 62279
5534 62359
5535 62191
5536 62425
5537 62977
5538 63277
5539 63394
5540 63427
5541 63402
5542 63758
5543 63919
5544 64638
5545 64469
5546 65049
5547 64680
5548 64654
5549 64452
5550 64891
5551 64708
5552 64404
5553 64260
5554 63877
5555 63687
5556 63385
5557 63112
5558 62351
5559 62143
5560 62273
5561 62354
5562 62356
5563 61973
5564 61452
5565 61952
5566 62149
5567 62546
5568 62550
5569 62466
5570 62968
5571 62891
5572 63431
5573 63575
5574 63672
5575 64295
5576 64499
5577 64429
5578 64560
5579 64818
5580 64933
5581 64725
5582 64722
5583 64387
5584 63942
5585 64065
5586 63556
5587 63670
5588 63619
5589 63342
5590 62927
5591 62772
5592 62523
5593 62231
5594 62495
5595 62132
5596 61854
5597 61828
5598 61951
5599 61540
5600 61481
5601 61527
5602 61432
5603 61246
5604 61288
5605 61782
5606 61089
5607 61652
5608 61322
5609 61280
5610 61237
5611 60862
5612 60852
5613 60914
5614 61394
5615 60933
5616 61260
5617 61126
5618 61183
5619 61313
5620 61365
5621 60673
5622 61622
5623 61317
5624 61308
5625 61764
5626 61774
5627 61526
5628 61696
5629 61153
5630 61775
5631 62022
5632 61985
5633 61880
5634 62468
5635 62263
5636 62898
5637 63076
5638 63031
5639 63616
5640 63013
5641 63582
5642 63768
5643 63874
5644 64173
5645 64438
5646 64682
5647 64866
5648 64563
5649 64598
5650 64253
5651 64582
5652 64331
5653 64147
5654 63993
5655 63384
5656 63063
5657 63335
5658 62662
5659 62617
5660 62608
5661 62289
5662 62032
5663 62085
5664 62675
5665 62024
5666 62220
5667 62624
5668 62995
5669 62802
5670 63169
5671 63545
5672 63675
5673 63903
5674 64222
5675 64479
5676 64367
5677 64568
5678 64981
5679 64768
5680 64761
5681 64641
5682 64565
5683 64240
5684 64351
5685 64055
5686 63664
5687 63954
5688 63439
5689 63245
5690 63018
5691 62892
5692 62428
5693 62220
5694 62088
5695 62444
5696 61995
5697 62021
5698 61467
5699 61870
5700 61479
5701 61641
5702 61327
5703 61482
5704 61410
5705 61583
5706 61445
5707 61295
5708 61291
5709 61347
5710 61430
5711 60921
5712 61390
5713 60910
5714 61182
5715 61455
5716 61395
5717 60973
5718 61299
5719 61255
5720 61080
5721 61369
5722 61164
5723 61351
5724 61502
5725 61932
5726 61853
5727 61417
5728 61818
5729 61638
5730 61972
5731 61935
5732 62185
5733 62100
5734 62138
5735 62402
5736 62365
5737 62820
5738 62902
5739 62921
5740 63545
5741 63487
5742 63844
5743 64473
5744 64951
5745 64092
5746 64779
5747 64432
5748 64682
5749 64639
5750 64512
5751 64297
5752 64274
5753 64438
5754 63592
5755 63245
5756 63157
5757 62890
5758 62423
5759 62439
5760 61971
5761 61861
5762 61814
5763 61911
5764 61799
5765 61589
5766 62078
5767 62375
5768 62468
5769 62721
5770 63231
5771 63218
5772 63270
5773 63662
5774 63696
5775 63713
5776 64521
5777 64385
5778 64537
5779 64642
5780 64408
5781 65031
5782 64600
5783 64223
5784 63975
5785 64119
5786 63506
5787 63310
5788 62949
5789 62818
5790 62881
5791 63010
5792 62461
5793 62273
5794 62087
5795 61654
5796 61799
5797 61698
5798 61613
5799 61395
5800 61108
5801 60928
5802 61136
5803 61191
5804 61206
5805 61155
5806 61160
5807 61049
5808 61361
5809 61122
5810 61238
5811 60919
5812 60524
5813 60620
5814 60706
5815 60715
5816 61050
5817 60589
5818 61303
5819 61463
5820 61003
5821 61208
5822 61318
5823 61280
5824 61366
5825 61374
5826 61493
5827 61248
5828 61439
5829 61292
5830 61892
5831 61636
5832 61820
5833 62318
5834 62258
5835 62177
5836 62351
5837 62436
5838 62898
5839 63111
5840 63081
5841 63507
5842 64011
5843 63678
5844 64039
5845 64464
5846 64167
5847 64530
5848 64737
5849 64448
5850 64448
5851 64316
5852 63849
5853 64068
5854 63571
5855 63510
5856 62885
5857 63158
5858 62546
5859 62462
5860 62035
5861 62361
5862 62196
5863 61314
5864 62144
5865 62076
5866 62169
5867 62174
5868 62210
5869 62128
5870 62441
5871 63156
5872 63270
5873 63476
5874 63560
5875 64745
5876 63980
5877 64338
5878 64569
5879 64850
5880 64304
5881 64691
5882 64003
5883 64313
5884 64067
5885 63805
5886 63618
5887 63138
5888 63151
5889 62889
5890 62555
5891 62303
5892 62657
5893 62052
5894 61764
5895 61788
5896 61332
5897 61644
5898 61753
5899 61824
5900 61679
5901 61368
5902 61154
5903 60926
5904 61304
5905 60995
5906 61264
5907 60654
5908 60926
5909 61060
5910 61180
5911 60907
5912 60837
5913 61266
5914 60967
5915 60997
5916 61148
5917 60929
5918 61203
5919 60918
5920 61406
5921 60925
5922 61023
5923 61192
5924 61265
5925 61157
5926 61176
5927 61699
5928 61585
5929 61605
5930 61608
5931 61611
5932 61881
5933 62003
5934 61988
5935 62082
5936 62435
5937 62611
5938 62724
5939 62777
5940 63042
5941 63273
5942 63887
5943 63971
5944 63924
5945 64181
5946 64183
5947 64368
5948 64682
5949 64725
5950 64436
5951 64525
5952 64240
5953 64287
5954 63605
5955 63124
5956 62518
5957 63318
5958 62525
5959 62027
5960 62106
5961 62074
5962 61043
5963 61912
5964 62018
5965 62075
5966 62564
5967 61926
5968 62514
5969 62576
5970 62654
5971 62814
5972 63363
5973 63686
5974 63870
5975 64046
5976 64103
5977 64042
5978 64643
5979 64055
5980 64440
5981 64749
5982 63705
5983 64096
5984 64262
5985 63812
5986 63413
5987 63618
5988 62898
5989 63011
5990 62874
5991 62800
5992 62230
5993 62019
5994 61747
5995 61852
5996 61676
5997 61564
5998 61577
5999 61318
6000 61913
6001 61109
6002 61189
6003 61419
6004 61071
6005 61157
6006 61482
6007 60952
6008 61024
6009 60903
6010 61142
6011 60764
6012 60954
6013 61239
6014 61285
6015 60968
6016 60974
6017 60791
6018 61118
6019 60387
6020 61171
6021 61324
6022 61483
6023 61346
6024 61450
6025 61394
6026 61528
6027 61935
6028 61589
6029 62066
6030 61441
6031 62023
6032 61894
6033 62180
6034 62094
6035 62321
6036 62502
6037 62625
6038 62997
6039 63201
6040 62981
6041 63065
6042 63891
6043 64091
6044 64443
6045 64386
6046 64532
6047 64551
6048 64823
6049 64921
6050 64647
6051 64386
6052 64254
6053 64090
6054 63822
6055 63223
6056 62857
6057 62564
6058 62682
6059 62280
6060 62251
6061 62414
6062 61928
6063 62179
6064 62003
6065 61947
6066 62196
6067 62254
6068 62685
6069 62919
6070 63355
6071 63204
6072 63517
6073 64228
6074 63915
6075 63973
6076 64360
6077 64570
6078 64498
6079 64892
6080 64732
6081 64590
6082 64653
6083 64369
6084 64265
6085 63535
6086 63488
6087 63483
6088 63263
6089 63167
6090 63354
6091 62866
6092 62298
6093 62591
6094 62228
6095 61986
6096 62364
6097 62011
6098 61839
6099 62074
6100 62105
6101 61417
6102 61421
6103 61546
6104 61452
6105 61340
6106 61096
6107 61238
6108 61075
6109 61624
6110 61141
6111 61249
6112 60887
6113 61098
6114 60991
6115 61126
6116 61160
6117 61319
6118 61058
6119 61590
6120 61623
6121 61371
6122 61295
6123 61404
6124 61521
6125 61723
6126 61629
6127 61594
6128 61658
6129 61276
6130 61817
6131 61697
6132 62070
6133 62202
6134 62308
6135 62363
6136 62674
6137 63153
6138 63077
6139 63335
6140 63559
6141 63589
6142 64021
6143 64271
6144 64429
6145 64518
6146 64624
6147 64908
6148 65140
6149 64763
6150 64920
6151 64800
6152 64642
6153 64176
6154 64269
6155 63888
6156 63554
6157 63315
6158 62988
6159 62663
6160 62502
6161 62492
6162 62251
6163 62285
6164 62072
6165 62191
6166 62618
6167 62586
6168 62871
6169 63380
6170 63214
6171 62885
6172 63412
6173 63989
6174 63776
6175 64358
6176 64588
6177 64771
6178 65216
6179 64846
6180 64883
6181 64927
6182 65282
6183 64237
6184 64328
6185 64363
6186 64128
6187 63627
6188 63331
6189 63532
6190 63183
6191 63250
6192 62926
6193 62919
6194 62739
6195 62191
6196 62400
6197 62219
6198 62206
6199 62023
6200 61385
6201 61944
6202 61994
6203 61862
6204 61517
6205 61448
6206 61519
6207 61647
6208 61850
6209 61854
6210 61664
6211 61546
6212 61482
6213 61262
6214 61193
6215 61611
6216 61385
6217 61456
6218 61632
6219 61698
6220 61515
6221 61697
6222 61760
6223 61346
6224 61720
6225 61366
6226 62269
6227 61664
6228 62303
6229 61596
6230 62507
6231 62620
6232 62371
6233 62393
6234 62809
6235 63007
6236 62857
6237 63013
6238 63537
6239 63608
6240 63793
6241 63893
6242 64040
6243 64432
6244 64826
6245 64705
6246 64947
6247 65006
6248 65654
6249 65230
6250 65027
6251 64792
6252 64823
6253 64670
6254 64286
6255 64161
6256 63085
6257 63687
6258 63148
6259 63050
6260 62698
6261 62764
6262 62672
6263 62323
6264 62583
6265 62066
6266 62229
6267 62573
6268 62899
6269 63072
6270 63024
6271 63779
6272 64003
6273 63866
6274 64271
6275 64554
6276 64824
6277 65170
6278 64759
6279 65196
6280 65138
6281 65022
6282 65108
6283 64954
6284 64668
6285 64246
6286 63656
6287 63770
6288 63853
6289 63639
6290 63210
6291 62848
6292 62969
6293 62936
6294 62584
6295 62349
6296 61980
6297 62249
6298 61886
6299 61819
6300 61834
6301 61796
6302 61797
6303 61349
6304 61468
6305 61606
6306 62117
6307 61529
6308 61708
6309 61232
6310 61494
6311 61563
6312 61726
6313 61232
6314 61694
6315 61367
6316 61683
6317 61438
6318 61889
6319 61636
6320 61442
6321 62190
6322 61738
6323 61649
6324 61535
6325 61603
6326 61863
6327 61663
6328 61867
6329 62159
6330 61799
6331 62447
6332 62051
6333 62365
6334 62520
6335 62289
6336 62896
6337 62861
6338 63332
6339 62996
6340 63563
6341 63277
6342 64152
6343 64151
6344 64341
6345 64713
6346 64627
6347 64888
6348 64969
6349 65285
6350 64842
6351 64986
6352 64448
6353 63779
6354 64132
6355 63523
6356 63382
6357 63230
6358 63047
6359 62740
6360 62654
6361 62124
6362 62491
6363 62424
6364 62227
6365 62574
6366 62910
6367 62412
6368 62968
6369 63175
6370 63262
6371 63525
6372 64164
6373 64066
6374 64002
6375 64576
6376 64628
6377 64477
6378 65056
6379 64919
6380 64709
6381 64644
6382 64667
6383 64110
6384 64312
6385 64079
6386 64012
6387 63675
6388 63423
6389 63197
6390 63058
6391 63001
6392 62835
6393 62405
6394 62200
6395 61926
6396 62329
6397 62261
6398 61718
6399 61766
6400 61483
6401 61344
6402 61587
6403 61239
6404 61255
6405 61270
6406 60999
6407 61433
6408 61371
6409 61187
6410 61206
6411 61156
6412 60930
6413 61370
6414 61373
6415 61227
6416 61200
6417 61503
6418 61389
6419 61450
6420 61085
6421 61550
6422 61125
6423 61181
6424 61343
6425 61613
6426 61485
6427 61709
6428 61567
6429 61432
6430 62141
6431 62024
6432 61561
6433 62350
6434 62313
6435 62463
6436 62396
6437 63231
6438 62847
6439 63121
6440 63715
6441 63250
6442 63656
6443 63776
6444 64336
6445 64648
6446 64478
6447 64447
6448 65055
6449 65194
6450 64515
6451 64239
6452 64541
6453 64217
6454 63971
6455 63308
6456 63492
6457 62827
6458 62690
6459 62378
6460 62434
6461 62387
6462 62314
6463 61778
6464 61587
6465 62281
6466 62492
6467 62055
6468 62303
6469 62829
6470 62965
6471 62775
6472 63090
6473 63806
6474 63632
6475 64221
6476 64651
6477 64223
6478 64728
6479 64882
6480 64879
6481 64163
6482 64567
6483 64133
6484 63969
6485 63838
6486 63630
6487 63677
6488 63148
6489 62713
6490 62776
6491 62758
6492 62715
6493 62126
6494 62433
6495 61778
6496 61997
6497 61603
6498 61839
6499 61479
6500 61783
6501 61666
6502 61553
6503 61327
6504 61078
6505 61239
6506 61180
6507 61732
6508 61367
6509 61245
6510 61209
6511 61033
6512 60714
6513 61104
6514 61085
6515 60930
6516 60741
6517 60815
6518 61222
6519 61328
6520 61449
6521 61595
6522 61128
6523 61331
6524 61421
6525 61438
6526 61747
6527 61750
6528 61798
6529 61769
6530 61703
6531 61834
6532 61788
6533 62299
6534 62128
6535 62710
6536 62864
6537 62359
6538 62719
6539 63063
6540 63504
6541 63936
6542 63929
6543 64067
6544 64572
6545 64511
6546 64434
6547 64823
6548 65012
6549 64531
6550 64803
6551 64476
6552 63931
6553 64255
6554 63732
6555 63842
6556 63670
6557 62951
6558 63050
6559 62022
6560 62534
6561 62154
6562 62046
6563 62184
6564 61517
6565 62084
6566 62342
6567 62592
6568 62448
6569 62626
6570 63161
6571 62595
6572 63647
6573 63498
6574 63757
6575 64388
6576 64653
6577 64490
6578 64747
6579 64476
6580 64708
6581 64777
6582 64713
6583 64336
6584 64225
6585 63770
6586 63694
6587 63666
6588 63319
6589 63695
6590 62995
6591 63100
6592 62628
6593 62494
6594 62371
6595 62207
6596 62018
6597 61835
6598 61844
6599 61898
6600 61948
6601 61615
6602 61568
6603 61617
6604 61644
6605 61488
6606 61472
6607 61239
6608 61030
6609 61296
6610 61697
6611 61277
6612 61180
6613 61505
6614 61391
6615 61374
6616 61044
6617 61561
6618 61177
6619 61436
6620 61159
6621 62047
6622 61945
6623 61764
6624 61538
6625 61755
6626 61236
6627 61647
6628 61980
6629 61787
6630 61986
6631 61992
6632 62314
6633 62385
6634 62642
6635 62502
6636 62629
6637 62896
6638 63127
6639 63055
6640 63745
6641 63487
6642 63932
6643 64401
6644 64580
6645 64977
6646 64586
6647 65193
6648 64738
6649 64992
6650 64382
6651 64457
6652 64673
6653 64503
6654 64035
6655 63751
6656 63329
6657 63075
6658 62108
6659 62713
6660 62374
6661 61500
6662 61882
6663 61957
6664 61925
6665 62152
6666 62486
6667 62315
6668 62372
6669 62603
6670 62923
6671 62866
6672 63307
6673 63563
6674 63948
6675 63965
6676 64226
6677 64890
6678 64710
6679 64309
6680 64803
6681 64753
6682 64732
6683 64091
6684 64080
6685 63932
6686 63746
6687 64107
6688 63345
6689 63179
6690 62771
6691 62874
6692 62553
6693 62164
6694 62260
6695 61825
6696 62010
6697 61906
6698 61416
6699 61345
6700 61626
6701 61446
6702 61699
6703 61567
6704 61025
6705 61286
6706 60851
6707 61022
6708 61506
6709 60959
6710 61216
6711 61304
6712 61299
6713 61173
6714 61078
6715 61050
6716 61068
6717 61064
6718 60865
6719 61041
6720 60901
6721 61082
6722 61189
6723 61362
6724 60946
6725 61044
6726 61714
6727 61467
6728 61594
6729 61756
6730 61725
6731 61954
6732 62006
6733 61854
6734 62513
6735 62466
6736 62557
6737 62626
6738 62603
6739 62662
6740 63106
6741 63462
6742 63426
6743 63824
6744 63957
6745 64641
6746 64561
6747 64222
6748 64316
6749 64673
6750 64575
6751 64381
6752 64272
6753 63676
6754 63782
6755 63117
6756 63078
6757 62985
6758 62175
6759 62647
6760 62357
6761 61842
6762 61960
6763 61973
6764 61693
6765 61825
6766 62411
6767 62267
6768 62400
6769 62345
6770 62490
6771 62748
6772 63266
6773 62955
6774 63665
6775 63781
6776 64006
6777 64646
6778 64367
6779 64500
6780 64981
6781 63980
6782 63900
6783 63872
6784 63654
6785 63785
6786 63562
6787 63139
6788 63022
6789 62844
6790 62252
6791 61694
6792 62049
6793 61916
6794 61869
6795 61332
6796 61193
6797 61530
6798 61432
6799 61593
6800 60948
6801 61458
6802 61364
6803 60557
6804 61230
6805 60780
6806 60559
6807 60861
6808 60815
6809 60787
6810 60392
6811 60814
6812 60701
6813 60204
6814 60441
6815 60249
6816 60583
6817 60569
6818 60727
6819 60631
6820 60607
6821 60891
6822 60690
6823 60973
6824 61076
6825 60985
6826 60981
6827 60748
6828 61483
6829 60728
6830 61510
6831 61281
6832 61250
6833 61529
6834 61396
6835 61741
6836 61717
6837 61724
6838 62289
6839 62308
6840 62479
6841 62927
6842 62707
6843 63225
6844 63411
6845 63393
6846 63584
6847 64291
6848 64073
6849 63822
6850 63991
6851 63821
6852 63800
6853 63725
6854 62798
6855 62636
6856 62580
6857 62081
6858 62068
6859 61601
6860 61634
6861 60983
6862 61634
6863 61257
6864 61297
6865 61359
6866 61417
6867 61609
6868 62201
6869 61844
6870 62235
6871 62498
6872 62511
6873 62965
6874 63208
6875 63250
6876 63151
6877 63746
6878 63743
6879 64187
6880 64058
6881 63880
6882 63519
6883 63689
6884 63217
6885 63176
6886 62414
6887 62801
6888 62342
6889 62152
6890 62155
6891 61771
6892 61519
6893 61345
6894 61427
6895 61463
6896 61558
6897 60962
6898 61314
6899 60964
6900 60505
6901 60382
6902 60379
6903 60500
6904 60790
6905 60572
6906 60471
6907 60413
6908 60613
6909 60426
6910 60094
6911 60131
6912 60023
6913 60399
6914 59971
6915 60241
6916 60469
6917 60208
6918 60241
6919 60490
6920 60279
6921 60212
6922 60540
6923 60528
6924 60649
6925 60504
6926 60331
6927 60654
6928 60756
6929 61085
6930 61283
6931 61139
6932 60853
6933 61382
6934 60977
6935 61485
6936 61423
6937 61736
6938 62139
6939 62361
6940 62183
6941 62476
6942 62733
6943 63020
6944 63076
6945 63332
6946 63573
6947 63481
6948 63758
6949 63602
6950 63435
6951 63120
6952 63379
6953 62737
6954 62467
6955 62538
6956 62473
6957 62169
6958 61704
6959 61525
6960 61586
6961 61348
6962 61194
6963 61006
6964 61127
6965 61295
6966 61528
6967 61352
6968 61875
6969 62381
6970 61736
6971 61973
6972 62322
6973 62756
6974 62642
6975 62952
6976 63285
6977 63447
6978 63634
6979 63622
6980 63617
6981 63362
6982 63682
6983 62949
6984 62711
6985 63015
6986 62610
6987 62207
6988 61774
6989 62034
6990 61248
6991 61443
6992 61285
6993 61156
6994 60809
6995 60697
6996 60740
6997 60801
6998 60569
6999 60603
7000 60649
7001 60219
7002 60362
7003 60238
7004 60266
7005 60394
7006 60450
7007 59897
7008 60079
7009 60796
7010 60329
7011 60713
7012 60389
7013 60326
7014 60157
7015 59707
7016 60132
7017 60149
7018 60210
7019 60040
7020 59994
7021 60291
7022 59950
7023 60471
7024 60443
7025 60349
7026 60324
7027 60565
7028 60536
7029 60243
7030 60839
7031 60883
7032 60427
7033 60824
7034 61251
7035 61410
7036 61628
7037 61586
7038 61370
7039 62014
7040 62234
7041 61972
7042 62520
7043 62667
7044 62682
7045 63062
7046 63224
7047 63291
7048 63380
7049 63771
7050 63141
7051 63462
7052 63100
7053 63004
7054 62856
7055 62363
7056 62152
7057 61651
7058 61580
7059 61416
7060 61031
7061 60783
7062 60795
7063 60625
7064 60857
7065 60837
7066 60962
7067 61195
7068 61489
7069 61667
7070 61633
7071 62192
7072 62120
7073 62754
7074 62771
7075 63180
7076 63470
7077 63031
7078 63242
7079 63206
7080 63392
7081 63379
7082 63268
7083 63092
7084 63114
7085 62349
7086 62626
7087 61810
7088 62546
7089 61661
7090 61724
7091 61278
7092 60946
7093 61108
7094 60835
7095 61151
7096 60685
7097 60756
7098 60607
7099 60586
7100 60050
7101 60431
7102 60187
7103 60464
7104 59962
7105 60130
7106 60209
7107 60001
7108 60302
7109 60073
7110 60403
7111 59523
7112 60454
7113 59785
7114 60058
7115 59962
7116 60029
7117 60181
7118 60379
7119 60012
7120 60217
7121 60301
7122 60366
7123 60549
7124 60533
7125 59920
7126 60691
7127 60410
7128 60423
7129 60770
7130 60545
7131 60819
7132 60976
7133 61056
7134 60858
7135 60903
7136 61128
7137 61578
7138 61543
7139 61746
7140 62105
7141 62073
7142 62387
7143 62258
7144 62872
7145 63243
7146 63033
7147 63203
7148 63605
7149 63117
7150 63128
7151 63135
7152 63344
7153 62287
7154 62242
7155 62353
7156 62191
7157 62060
7158 61138
7159 61497
7160 61011
7161 60923
7162 60715
7163 60576
7164 61034
7165 60977
7166 60770
7167 61123
7168 61034
7169 61444
7170 61275
7171 61614
7172 61792
7173 62006
7174 62279
7175 62720
7176 62898
7177 63046
7178 63121
7179 63036
7180 63289
7181 63147
7182 63167
7183 62888
7184 62377
7185 62504
7186 62430
7187 61695
7188 62023
7189 61521
7190 61705
7191 61354
7192 61024
7193 60756
7194 61039
7195 60847
7196 60482
7197 60513
7198 60629
7199 60735
7200 60273
7201 60531
7202 60098
7203 60132
7204 59937
7205 59759
7206 60105
7207 59920
7208 60200
7209 59901
7210 59473
7211 59651
7212 59728
7213 59713
7214 59572
7215 59843
7216 59773
7217 59881
7218 59689
7219 59971
7220 59881
7221 60234
7222 59867
7223 60117
7224 60006
7225 59806
7226 60328
7227 60320
7228 60249
7229 60347
7230 60322
7231 60580
7232 60429
7233 61047
7234 61007
7235 60996
7236 61382
7237 61587
7238 61628
7239 61654
7240 61739
7241 61878
7242 62076
7243 62250
7244 62592
7245 62842
7246 62755
7247 62884
7248 62787
7249 62890
7250 62771
7251 62301
7252 62534
7253 62280
7254 62849
7255 61980
7256 62005
7257 61582
7258 61286
7259 60839
7260 60693
7261 60873
7262 60319
7263 60700
7264 60635
7265 60575
7266 61034
7267 60776
7268 60962
7269 61086
7270 61507
7271 61355
7272 61909
7273 61990
7274 62444
7275 62610
7276 62825
7277 62630
7278 62795
7279 62410
7280 62496
7281 62764
7282 62806
7283 62357
7284 62350
7285 62152
7286 62159
7287 61670
7288 61463
7289 61406
7290 61283
7291 60926
7292 61100
7293 60606
7294 60844
7295 60607
7296 61087
7297 60229
7298 60079
7299 60563
7300 59853
7301 60093
7302 60202
7303 59983
7304 59819
7305 60211
7306 59834
7307 59764
7308 59772
7309 59978
7310 59625
7311 59908
7312 59648
7313 59684
7314 59844
7315 60195
7316 59699
7317 59913
7318 59801
7319 59924
7320 60113
7321 60153
7322 60154
7323 59893
7324 59954
7325 60366
7326 60312
7327 60344
7328 60528
7329 60214
7330 60277
7331 60889
7332 60896
7333 60989
7334 61008
7335 61231
7336 61517
7337 61871
7338 61363
7339 61729
7340 62329
7341 62120
7342 61927
7343 62751
7344 62779
7345 62980
7346 62438
7347 62953
7348 62682
7349 63301
7350 63310
7351 62916
7352 62270
7353 62624
7354 62281
7355 62239
7356 61655
7357 61315
7358 60960
7359 60699
7360 60829
7361 60330
7362 60458
7363 60828
7364 61009
7365 60943
7366 60656
7367 60670
7368 60961
7369 60883
7370 61057
7371 61116
7372 61591
7373 61998
7374 62207
7375 61946
7376 62700
7377 63083
7378 62650
7379 62413
7380 62828
7381 62780
7382 62865
7383 62850
7384 62313
7385 62189
7386 61664
7387 62070
7388 61284
7389 61114
7390 61194
7391 60890
7392 60536
7393 60634
7394 60481
7395 60604
7396 60416
7397 60316
7398 60486
7399 60480
7400 59688
7401 59927
7402 59937
7403 60098
7404 59840
7405 59765
7406 59857
7407 59630
7408 59701
7409 59947
7410 59744
7411 59730
7412 59391
7413 58982
7414 59674
7415 59270
7416 59754
7417 59574
7418 59190
7419 59729
7420 59466
7421 59143
7422 59603
7423 59727
7424 59646
7425 59486
7426 59619
7427 59744
7428 59824
7429 59525
7430 60050
7431 60048
7432 60060
7433 60249
7434 59916
7435 60344
7436 60470
7437 60827
7438 60585
7439 60856
7440 61072
7441 61597
7442 61583
7443 62046
7444 61841
7445 62223
7446 62048
7447 62312
7448 62477
7449 61954
7450 61794
7451 62155
7452 62162
7453 61922
7454 61160
7455 61315
7456 60639
7457 61029
7458 60734
7459 60662
7460 60509
7461 59883
7462 60389
7463 60205
7464 59616
7465 60359
7466 59858
7467 60104
7468 60320
7469 60663
7470 60731
7471 60783
7472 61526
7473 61606
7474 61426
7475 61710
7476 61957
7477 62001
7478 62303
7479 62064
7480 62434
7481 62687
7482 62060
7483 61804
7484 61865
7485 61871
7486 61313
7487 61347
7488 61233
7489 60933
7490 60973
7491 60539
7492 60676
7493 60073
7494 60328
7495 60235
7496 59992
7497 60136
7498 60178
7499 60094
7500 59761
7501 59713
7502 59733
7503 59476
7504 59508
7505 59521
7506 59557
7507 59376
7508 59648
7509 59557
7510 59481
7511 59369
7512 59319
7513 59541
7514 59253
7515 59367
7516 59241
7517 59147
7518 59288
7519 59514
7520 59811
7521 59265
7522 59535
7523 59405
7524 59735
7525 59463
7526 59693
7527 59810
7528 59856
7529 60031
7530 59907
7531 60319
7532 60151
7533 60078
7534 60566
7535 60664
7536 60884
7537 60863
7538 61175
7539 61331
7540 61587
7541 61715
7542 61808
7543 61775
7544 62114
7545 62390
7546 62727
7547 62966
7548 62719
7549 62810
7550 62778
7551 62559
7552 62396
7553 62544
7554 62199
7555 61697
7556 61383
7557 61221
7558 61619
7559 60865
7560 60650
7561 60898
7562 60355
7563 60482
7564 60667
7565 60806
7566 60909
7567 61021
7568 60577
7569 60904
7570 61771
7571 61073
7572 61841
7573 62401
7574 62152
7575 62496
7576 62901
7577 62763
7578 62957
7579 62982
7580 62947
7581 63075
7582 62704
7583 62671
7584 62995
7585 62128
7586 61879
7587 61841
7588 61613
7589 61481
7590 61169
7591 61325
7592 61159
7593 61160
7594 61137
7595 60605
7596 60175
7597 60581
7598 60602
7599 60384
7600 60127
7601 60382
7602 59937
7603 60193
7604 59727
7605 60001
7606 60112
7607 60192
7608 59694
7609 59723
7610 59530
7611 59639
7612 60123
7613 60060
7614 59666
7615 59747
7616 59784
7617 60247
7618 59995
7619 60045
7620 60120
7621 59994
7622 60322
7623 59936
7624 60651
7625 60435
7626 60214
7627 60194
7628 60305
7629 60448
7630 61019
7631 61063
7632 60644
7633 61041
7634 60777
7635 60824
7636 61655
7637 61138
7638 61662
7639 62198
7640 62218
7641 61810
7642 62391
7643 62651
7644 63004
7645 62523
7646 62916
7647 62935
7648 63012
7649 63151
7650 62995
7651 63538
7652 62970
7653 62520
7654 62644
7655 62038
7656 61731
7657 61711
7658 61417
7659 61255
7660 60918
7661 60908
7662 60987
7663 60719
7664 60547
7665 61243
7666 61075
7667 61150
7668 61027
7669 61628
7670 61116
7671 61944
7672 61912
7673 62387
7674 62841
7675 62481
7676 63119
7677 63502
7678 63179
7679 62954
7680 63494
7681 63322
7682 63199
7683 63088
7684 62499
7685 62717
7686 62238
7687 62219
7688 62142
7689 61541
7690 61190
7691 61530
7692 61207
7693 61464
7694 60936
