H11890
GateTime 10
GateNumber 0
SN 30430302
0 68939
1 68349
2 68222
3 68662
4 68551
5 68230
6 68773
7 68627
8 68348
9 68846
10 68848
11 69085
12 68756
13 68911
14 69310
15 69213
16 69208
17 69374
18 69465
19 69486
20 69012
21 69322
22 68169
23 69036
24 68953
25 68654
26 68330
27 68824
28 68840
29 68933
30 68669
31 68792
32 68724
33 68335
34 68652
35 68899
36 68955
37 68731
38 68373
39 68548
40 68748
41 68701
42 68587
43 68629
44 68463
45 68390
46 68830
47 68771
48 68149
49 68531
50 68745
51 68766
52 68359
53 68562
54 68690
55 68515
56 69279
57 68699
58 68534
59 68672
60 68869
61 68745
62 69082
63 68662
64 68635
65 69406
66 69072
67 68927
68 68759
69 68966
70 68684
71 68490
72 68925
73 68817
74 68239
75 68386
76 68737
77 68802
78 68692
79 68674
80 68311
81 68659
82 68748
83 68051
84 68131
85 68931
86 68349
87 68148
88 68650
89 68349
90 68483
91 68346
92 68693
93 68834
94 68153
95 68494
96 68685
97 68589
98 68259
99 68885
100 68401
101 68514
102 68731
103 68867
104 68411
105 68466
106 68479
107 68601
108 68066
109 68685
110 67886
111 68520
112 68544
113 69045
114 68626
115 68774
116 68965
117 69059
118 69248
119 68850
120 68697
121 68289
122 68559
123 68819
124 68797
125 68941
126 68569
127 68837
128 68314
129 68608
130 68685
131 68772
132 68879
133 68483
134 68503
135 68350
136 68329
137 68396
138 68288
139 68964
140 68675
141 68617
142 68525
143 68734
144 68557
145 68198
146 68191
147 68697
148 68491
149 68192
150 68396
151 68288
152 68485
153 68291
154 67804
155 68451
156 68738
157 68719
158 68192
159 68900
160 68472
161 68494
162 68770
163 68466
164 69122
165 68647
166 68746
167 68627
168 68649
169 68740
170 68135
171 68227
172 67862
173 67844
174 67908
175 68389
176 68304
177 68231
178 67998
179 68088
180 67976
181 68211
182 67700
183 68054
184 68057
185 67591
186 68187
187 67552
188 67472
189 67910
190 67938
191 68122
192 68026
193 67710
194 67951
195 67720
196 67898
197 67901
198 68256
199 67870
200 67781
201 67676
202 67781
203 67565
204 67875
205 67757
206 67460
207 67936
208 67672
209 67775
210 67425
211 67398
212 67711
213 67642
214 67639
215 67855
216 68409
217 68392
218 68223
219 67911
220 67410
221 67917
222 67392
223 67654
224 67034
225 67513
226 67032
227 67337
228 67492
229 67322
230 67051
231 67258
232 67472
233 67315
234 67574
235 67647
236 67536
237 67450
238 67600
239 67511
240 67449
241 67147
242 67635
243 67830
244 67290
245 67516
246 67014
247 67626
248 67559
249 67574
250 66846
251 67603
252 67312
253 67047
254 66752
255 67234
256 67160
257 66967
258 67709
259 67235
260 67242
261 67009
262 67647
263 67305
264 67932
265 67650
266 67722
267 67421
268 67660
269 67110
270 67414
271 66948
272 66863
273 66794
274 67345
275 67324
276 66533
277 67149
278 66845
279 66745
280 66873
281 66716
282 66401
283 66488
284 66963
285 66845
286 66939
287 66659
288 67052
289 66488
290 66520
291 66489
292 66525
293 66962
294 66747
295 66934
296 66593
297 66989
298 66389
299 66613
300 66768
301 66650
302 66533
303 66793
304 66842
305 67157
306 66577
307 66169
308 66314
309 66479
310 66754
311 66466
312 66849
313 66712
314 67387
315 67006
316 67402
317 67003
318 67492
319 67327
320 66694
321 66843
322 66667
323 66775
324 66480
325 66809
326 66675
327 66885
328 66486
329 66716
330 66749
331 66634
332 66454
333 66702
334 66451
335 66644
336 66720
337 66347
338 66465
339 66727
340 66682
341 66498
342 66756
343 66227
344 66275
345 66090
346 66560
347 66576
348 66447
349 66647
350 66576
351 66315
352 66052
353 66013
354 66397
355 66654
356 66169
357 66478
358 66780
359 66514
360 66259
361 66422
362 66667
363 66414
364 66729
365 66617
366 66687
367 66737
368 66513
369 66187
370 66072
371 66157
372 66046
373 66151
374 65860
375 66011
376 66335
377 66385
378 65874
379 66267
380 65906
381 66191
382 66151
383 65879
384 65389
385 65653
386 65647
387 65881
388 65837
389 65576
390 65731
391 65707
392 66367
393 66375
394 65842
395 65819
396 66016
397 65752
398 65566
399 65982
400 65313
401 65951
402 65596
403 65650
404 65988
405 65679
406 66086
407 65821
408 66014
409 66057
410 65834
411 65559
412 65811
413 66183
414 65936
415 65799
416 66341
417 66638
418 66769
419 66005
420 66579
421 66184
422 66094
423 65757
424 65885
425 65839
426 65549
427 66353
428 65950
429 65592
430 65553
431 65891
432 65778
433 65617
434 65926
435 65544
436 65780
437 65959
438 65866
439 65871
440 65862
441 66157
442 65599
443 65898
444 65912
445 66038
446 65498
447 65757
448 65594
449 65970
450 66067
451 65712
452 65377
453 65767
454 65833
455 65436
456 65625
457 65643
458 65366
459 65746
460 65669
461 65880
462 65608
463 66224
464 66183
465 66107
466 66508
467 65775
468 65817
469 65622
470 65657
471 65849
472 65265
473 65377
474 65892
475 65505
476 65549
477 65453
478 65618
479 65761
480 65567
481 65065
482 65874
483 65424
484 65678
485 65850
486 65609
487 65451
488 65406
489 65065
490 65574
491 65954
492 65506
493 65873
494 65631
495 65963
496 65904
497 65767
498 65445
499 65880
500 65730
501 65548
502 65520
503 66123
504 65807
505 65897
506 66209
507 65994
508 66159
509 65805
510 65983
511 65282
512 66101
513 65938
514 66212
515 66076
516 66186
517 66030
518 66151
519 66031
520 65763
521 66128
522 65958
523 65664
524 66014
525 66113
526 65783
527 65749
528 65823
529 65018
530 65719
531 65408
532 65573
533 65660
534 65758
535 65851
536 65321
537 65737
538 65847
539 65678
540 65544
541 65714
542 65342
543 65667
544 65770
545 65683
546 65502
547 65438
548 65788
549 64924
550 65289
551 65560
552 65115
553 64966
554 65583
555 65417
556 65425
557 65285
558 65593
559 65762
560 65592
561 65720
562 65236
563 65951
564 65495
565 66206
566 66329
567 65592
568 65539
569 65054
570 65098
571 65406
572 65190
573 65005
574 65187
575 64870
576 65120
577 64986
578 65033
579 64869
580 64997
581 65024
582 64748
583 64753
584 64768
585 64988
586 64509
587 64895
588 64174
589 64596
590 64472
591 64624
592 64205
593 64505
594 64508
595 64650
596 64284
597 64456
598 64806
599 64491
600 64340
601 64594
602 64536
603 64820
604 64393
605 64640
606 64287
607 64431
608 64177
609 64530
610 64448
611 64386
612 64496
613 64206
614 64750
615 64794
616 64764
617 64888
618 65039
619 64412
620 64031
621 64386
622 63971
623 64135
624 64126
625 64041
626 63950
627 64128
628 63863
629 63700
630 64054
631 63665
632 63939
633 64078
634 64018
635 64424
636 63847
637 63419
638 64192
639 63734
640 63974
641 63551
642 64298
643 63829
644 63356
645 63713
646 64138
647 63656
648 63715
649 63454
650 63547
651 63541
652 63841
653 63360
654 63944
655 63201
656 63367
657 63613
658 63463
659 63585
660 63445
661 63317
662 63631
663 64132
664 63929
665 64068
666 64135
667 63807
668 63133
669 63348
670 63309
671 62883
672 63431
673 62894
674 62837
675 63241
676 63143
677 62981
678 62987
679 62722
680 62422
681 62706
682 62999
683 62955
684 62658
685 62324
686 62628
687 62861
688 62901
689 63205
690 62693
691 62829
692 62389
693 62773
694 62316
695 62560
696 62365
697 63196
698 62993
699 62446
700 62550
701 62517
702 62629
703 62674
704 62758
705 62414
706 62977
707 62950
708 62201
709 62665
710 62583
711 62568
712 62921
713 62740
714 62788
715 63530
716 63416
717 63756
718 63167
719 63562
720 63083
721 62738
722 62877
723 62845
724 62643
725 62742
726 62690
727 62841
728 62949
729 62933
730 62903
731 62850
732 62887
733 63098
734 62686
735 63226
736 62864
737 63134
738 63245
739 62798
740 62966
741 63128
742 62871
743 62683
744 62800
745 63016
746 62716
747 62915
748 63001
749 62828
750 63103
751 62795
752 62447
753 62956
754 62402
755 62465
756 62241
757 62514
758 62000
759 62020
760 62107
761 61406
762 61757
763 62190
764 62482
765 62649
766 62591
767 63003
768 62595
769 61660
770 62066
771 61798
772 62048
773 61693
774 62223
775 61569
776 61497
777 61596
778 61527
779 61561
780 61702
781 61591
782 61241
783 61790
784 61088
785 61420
786 61407
787 61533
788 61521
789 61705
790 61567
791 61038
792 61219
793 61578
794 61476
795 61393
796 61284
797 61578
798 61341
799 61129
800 61308
801 61624
802 61815
803 61653
804 61499
805 61632
806 61627
807 62200
808 61268
809 61687
810 61562
811 61342
812 61906
813 61607
814 62259
815 61916
816 62002
817 62037
818 62281
819 62091
820 62174
821 61403
822 62387
823 61521
824 62229
825 61474
826 61834
827 61745
828 61693
829 61190
830 61406
831 61705
832 61651
833 61359
834 61370
835 61658
836 61743
837 61847
838 61795
839 61460
840 61912
841 61768
842 61552
843 61655
844 61982
845 61911
846 61755
847 61536
848 62029
849 61274
850 61889
851 61687
852 61768
853 61619
854 61757
855 61606
856 61390
857 61842
858 61556
859 61512
860 61424
861 61524
862 61522
863 61442
864 62087
865 62006
866 61937
867 62109
868 61525
869 61723
870 61503
871 61535
872 61676
873 61249
874 61109
875 61303
876 61226
877 61461
878 61511
879 61625
880 61200
881 60973
882 61335
883 61414
884 60959
885 61057
886 61284
887 61248
888 60690
889 61110
890 61006
891 61307
892 61073
893 61452
894 61029
895 60966
896 60831
897 61298
898 61020
899 61059
900 61347
901 60924
902 60605
903 61421
904 61247
905 61327
906 61024
907 61540
908 61281
909 61243
910 61074
911 61236
912 61723
913 61451
914 61360
915 62074
916 61897
917 62320
918 62240
919 62186
920 62049
921 61780
922 61373
923 61455
924 61417
925 61681
926 61741
927 61575
928 61579
929 61375
930 61522
931 60986
932 61804
933 61540
934 61694
935 61457
936 61727
937 61778
938 61987
939 61768
940 61536
941 61941
942 61713
943 61594
944 61855
945 61893
946 61566
947 61803
948 61733
949 61520
950 61370
951 61701
952 61403
953 61113
954 61108
955 61575
956 61185
957 61578
958 61667
959 61660
960 61606
961 61380
962 62101
963 61995
964 62161
965 62151
966 61995
967 61729
968 61057
969 61254
970 61307
971 61193
972 61406
973 61002
974 60890
975 61100
976 60889
977 61275
978 60822
979 60883
980 61051
981 60703
982 60468
983 61067
984 60717
985 60901
986 60562
987 60715
988 60540
989 60426
990 61030
991 61230
992 61003
993 60850
994 60642
995 60912
996 61011
997 61113
998 60748
999 60880
1000 60886
1001 61034
1002 60774
1003 60860
1004 60770
1005 60522
1006 60598
1007 60787
1008 60997
1009 60764
1010 61009
1011 61081
1012 61343
1013 60982
1014 61112
1015 61011
1016 61747
1017 61995
1018 61815
1019 61451
1020 61484
1021 61225
1022 61147
1023 60911
1024 61220
1025 61123
1026 60927
1027 61040
1028 61636
1029 61324
1030 61146
1031 60947
1032 61544
1033 61620
1034 61395
1035 61298
1036 61695
1037 61457
1038 61241
1039 61461
1040 61261
1041 61009
1042 61527
1043 61403
1044 61775
1045 61604
1046 61772
1047 61326
1048 61205
1049 61619
1050 61098
1051 61465
1052 61867
1053 61383
1054 61491
1055 60807
1056 60974
1057 61230
1058 61057
1059 61458
1060 61117
1061 60964
1062 60966
1063 61502
1064 61365
1065 61342
1066 61847
1067 61091
1068 61475
1069 61064
1070 61146
1071 61165
1072 61033
1073 60448
1074 60811
1075 61104
1076 60799
1077 60067
1078 61079
1079 60604
1080 60617
1081 60808
1082 60745
1083 60689
1084 60544
1085 60381
1086 60355
1087 60572
1088 60301
1089 60898
1090 60244
1091 60575
1092 60554
1093 60688
1094 60757
1095 60990
1096 60384
1097 60522
1098 60832
1099 60785
1100 60531
1101 60381
1102 60553
1103 60768
1104 60859
1105 60440
1106 60578
1107 60382
1108 60701
1109 60377
1110 60729
1111 60801
1112 60629
1113 60873
1114 61475
1115 61099
1116 61407
1117 61937
1118 61585
1119 61359
1120 61375
1121 61333
1122 61289
1123 60912
1124 61062
1125 61306
1126 61141
1127 61528
1128 61234
1129 61289
1130 61023
1131 61220
1132 61288
1133 61458
1134 61520
1135 61291
1136 61645
1137 61176
1138 61114
1139 61465
1140 61416
1141 61500
1142 60932
1143 61491
1144 61174
1145 61363
1146 61359
1147 61409
1148 61354
1149 61673
1150 60898
1151 60895
1152 61359
1153 61390
1154 61425
1155 61491
1156 61397
1157 61116
1158 60925
1159 61317
1160 61341
1161 61147
1162 60768
1163 61279
1164 61351
1165 61799
1166 61345
1167 61552
1168 61312
1169 61379
1170 60993
1171 60922
1172 60681
1173 60528
1174 60524
1175 60387
1176 60808
1177 60749
1178 60576
1179 60550
1180 60263
1181 60077
1182 61133
1183 60732
1184 60860
1185 60653
1186 59982
1187 60484
1188 60706
1189 60243
1190 60508
1191 60242
1192 60553
1193 60662
1194 60289
1195 60817
1196 60962
1197 60353
1198 60476
1199 60794
1200 60619
1201 60940
1202 60635
1203 60425
1204 60575
1205 60992
1206 60605
1207 61047
1208 60576
1209 60590
1210 61092
1211 60590
1212 61216
1213 61022
1214 61379
1215 61188
1216 61566
1217 61914
1218 61367
1219 61233
1220 61490
1221 61028
1222 61121
1223 61544
1224 60971
1225 61048
1226 60961
1227 61104
1228 61387
1229 61403
1230 61598
1231 61322
1232 61359
1233 61349
1234 61202
1235 60811
1236 60859
1237 61792
1238 61460
1239 61752
1240 61273
1241 61790
1242 61251
1243 61434
1244 61568
1245 61326
1246 61379
1247 61378
1248 61511
1249 61384
1250 61108
1251 61210
1252 61852
1253 61222
1254 61393
1255 61169
1256 61075
1257 61101
1258 60891
1259 61081
1260 61327
1261 61485
1262 61401
1263 60772
1264 61095
1265 61316
1266 61442
1267 61210
1268 61197
1269 61291
1270 60915
1271 60730
1272 60774
1273 60994
1274 60941
1275 60472
1276 60771
1277 60694
1278 60589
1279 60314
1280 60675
1281 60760
1282 60294
1283 60431
1284 60862
1285 60361
1286 60639
1287 60118
1288 60804
1289 60616
1290 60473
1291 60736
1292 60422
1293 60142
1294 60649
1295 60445
1296 60639
1297 60433
1298 60460
1299 60444
1300 60358
1301 60401
1302 60892
1303 60708
1304 60237
1305 60444
1306 60681
1307 60937
1308 60784
1309 60768
1310 60720
1311 60987
1312 60770
1313 60629
1314 61605
1315 61167
1316 61140
1317 61498
1318 61394
1319 60999
1320 61156
1321 60909
1322 60736
1323 60920
1324 60597
1325 60854
1326 60859
1327 61201
1328 61463
1329 61157
1330 61058
1331 61332
1332 61060
1333 61162
1334 61466
1335 61375
1336 61350
1337 61481
1338 61318
1339 61373
1340 61777
1341 61368
1342 61239
1343 61114
1344 61418
1345 61472
1346 61219
1347 61429
1348 61271
1349 60914
1350 61733
1351 61446
1352 60987
1353 61280
1354 61271
1355 60948
1356 61070
1357 61017
1358 60726
1359 61310
1360 60867
1361 61127
1362 61047
1363 61302
1364 61223
1365 61579
1366 61502
1367 61709
1368 61180
1369 60724
1370 60811
1371 61031
1372 60629
1373 60376
1374 60812
1375 61136
1376 60960
1377 60952
1378 60473
1379 60920
1380 60641
1381 60423
1382 60619
1383 60397
1384 59967
1385 60357
1386 60347
1387 60478
1388 60478
1389 60033
1390 60294
1391 60078
1392 60602
1393 60080
1394 60518
1395 60936
1396 60553
1397 60186
1398 60503
1399 60408
1400 60307
1401 60178
1402 60794
1403 60675
1404 60855
1405 60406
1406 60619
1407 60967
1408 60576
1409 60525
1410 60704
1411 60643
1412 61017
1413 60848
1414 61366
1415 61369
1416 61195
1417 61716
1418 61841
1419 61492
1420 61644
1421 61461
1422 61111
1423 61311
1424 60977
1425 61068
1426 61124
1427 61090
1428 61572
1429 61372
1430 61213
1431 61225
1432 61407
1433 61209
1434 61397
1435 61427
1436 61444
1437 61365
1438 61242
1439 61305
1440 61456
1441 61724
1442 61501
1443 61416
1444 61774
1445 61997
1446 61509
1447 61553
1448 61553
1449 61138
1450 61407
1451 61398
1452 61176
1453 61459
1454 61350
1455 60882
1456 61309
1457 61621
1458 61218
1459 61675
1460 61266
1461 61172
1462 61297
1463 61592
1464 61279
1465 61615
1466 61598
1467 61853
1468 61184
1469 61233
1470 61227
1471 60745
1472 60820
1473 60847
1474 61013
1475 60769
1476 61106
1477 60929
1478 60581
1479 60709
1480 60504
1481 60852
1482 60232
1483 60562
1484 60520
1485 60510
1486 60680
1487 60722
1488 60379
1489 60204
1490 60438
1491 60122
1492 60456
1493 60647
1494 60469
1495 60708
1496 60889
1497 60700
1498 60697
1499 60962
1500 60763
1501 60649
1502 60966
1503 60329
1504 61041
1505 60950
1506 61087
1507 60988
1508 60769
1509 60895
1510 60795
1511 60610
1512 60931
1513 61215
1514 61680
1515 61263
1516 61511
1517 61772
1518 61872
1519 61511
1520 61587
1521 61612
1522 61469
1523 61161
1524 60958
1525 61374
1526 61187
1527 61145
1528 61196
1529 61467
1530 61059
1531 60766
1532 61514
1533 61560
1534 61777
1535 61538
1536 61178
1537 61172
1538 61275
1539 61441
1540 61152
1541 61690
1542 61085
1543 61847
1544 61641
1545 61010
1546 61716
1547 61492
1548 60950
1549 61568
1550 61512
1551 61325
1552 60802
1553 60981
1554 60835
1555 61464
1556 61141
1557 61157
1558 61294
1559 61373
1560 61181
1561 61761
1562 61145
1563 60926
1564 61800
1565 61906
1566 61640
1567 61544
1568 61360
1569 61062
1570 60755
1571 60775
1572 60542
1573 60640
1574 61017
1575 61021
1576 60743
1577 60981
1578 60569
1579 60798
1580 60660
1581 60743
1582 60820
1583 60717
1584 60294
1585 60592
1586 60769
1587 60348
1588 60776
1589 60774
1590 60432
1591 60372
1592 60610
1593 60021
1594 60399
1595 60412
1596 60443
1597 60493
1598 60419
1599 60440
1600 60583
1601 60408
1602 60176
1603 60639
1604 60844
1605 60593
1606 60646
1607 60789
1608 60713
1609 60841
1610 60746
1611 60897
1612 60657
1613 61246
1614 61122
1615 61313
1616 61303
1617 61805
1618 61403
1619 61347
1620 61413
1621 61260
1622 60984
1623 61342
1624 60915
1625 61066
1626 61096
1627 61114
1628 61394
1629 61411
1630 61263
1631 61031
1632 61460
1633 61649
1634 61377
1635 61265
1636 61318
1637 61651
1638 61537
1639 61645
1640 61360
1641 61097
1642 61616
1643 60982
1644 61278
1645 61240
1646 60893
1647 61246
1648 61062
1649 61129
1650 61301
1651 61257
1652 61024
1653 61423
1654 61526
1655 61019
1656 61433
1657 60478
1658 61373
1659 60992
1660 60975
1661 61172
1662 61515
1663 61083
1664 61442
1665 61751
1666 61443
1667 61054
1668 61256
1669 60955
1670 60785
1671 60941
1672 60951
1673 61162
1674 61160
1675 60550
1676 60830
1677 60429
1678 60192
1679 60318
1680 60517
1681 60884
1682 60781
1683 60518
1684 60322
1685 60642
1686 60890
1687 60511
1688 60643
1689 60472
1690 60705
1691 60302
1692 60698
1693 60577
1694 60651
1695 60179
1696 60534
1697 60698
1698 60594
1699 60611
1700 60235
1701 60863
1702 60852
1703 60756
1704 60760
1705 60719
1706 60808
1707 60706
1708 60774
1709 61083
1710 61133
1711 60780
1712 61016
1713 60802
1714 61067
1715 61306
1716 61214
1717 61529
1718 61651
1719 61143
1720 60998
1721 61395
1722 61292
1723 61490
1724 60727
1725 61036
1726 61409
1727 61436
1728 60738
1729 60892
1730 60801
1731 61476
1732 60952
1733 61272
1734 60948
1735 61315
1736 61357
1737 61058
1738 61374
1739 61152
1740 61346
1741 61423
1742 61446
1743 61403
1744 61608
1745 61135
1746 61377
1747 61349
1748 61409
1749 61240
1750 61633
1751 61084
1752 61102
1753 61452
1754 61204
1755 61575
1756 61352
1757 61183
1758 60903
1759 61599
1760 61346
1761 61108
1762 61559
1763 61343
1764 61931
1765 61678
1766 61732
1767 61156
1768 61284
1769 61479
1770 61064
1771 60585
1772 61000
1773 60787
1774 61013
1775 60491
1776 60542
1777 60946
1778 60889
1779 60442
1780 60891
1781 60476
1782 60633
1783 61153
1784 60173
1785 60794
1786 60749
1787 60343
1788 60560
1789 60406
1790 60558
1791 60599
1792 60725
1793 60255
1794 60054
1795 60260
1796 60465
1797 60442
1798 60657
1799 60474
1800 60475
1801 60484
1802 60658
1803 60877
1804 60959
1805 60773
1806 60860
1807 60783
1808 60293
1809 61184
1810 60782
1811 61209
1812 60847
1813 61018
1814 60999
1815 61491
1816 61410
1817 61600
1818 61205
1819 61234
1820 61340
1821 61123
1822 61379
1823 61166
1824 61200
1825 61191
1826 61471
1827 60888
1828 61045
1829 60799
1830 61161
1831 61328
1832 61302
1833 61482
1834 61189
1835 61477
1836 61341
1837 61109
1838 61420
1839 61639
1840 61470
1841 60728
1842 61468
1843 61243
1844 61238
1845 61377
1846 61084
1847 61231
1848 60944
1849 61146
1850 61310
1851 60938
1852 61435
1853 61264
1854 60562
1855 60716
1856 60950
1857 61037
1858 60851
1859 61116
1860 61164
1861 60880
1862 60943
1863 61384
1864 61703
1865 61176
1866 61457
1867 61094
1868 61055
1869 61157
1870 60954
1871 61031
1872 60673
1873 61457
1874 61085
1875 60794
1876 61039
1877 60882
1878 60951
1879 60666
1880 60772
1881 61079
1882 61044
1883 60797
1884 60468
1885 60445
1886 60745
1887 60661
1888 60528
1889 60650
1890 60584
1891 60262
1892 60503
1893 60528
1894 60706
1895 60729
1896 60953
1897 60759
1898 60725
1899 60653
1900 60673
1901 60973
1902 60967
1903 60713
1904 61195
1905 60609
1906 60921
1907 60949
1908 60975
1909 60770
1910 61288
1911 60946
1912 61400
1913 61226
1914 61382
1915 61556
1916 61367
1917 61903
1918 61817
1919 61942
1920 60934
1921 60890
1922 61415
1923 60997
1924 61268
1925 61237
1926 61343
1927 61310
1928 61115
1929 61382
1930 61383
1931 61407
1932 61416
1933 61238
1934 60665
1935 61471
1936 60977
1937 61013
1938 61585
1939 61121
1940 61358
1941 60865
1942 61437
1943 61043
1944 61232
1945 61046
1946 61601
1947 61358
1948 60848
1949 60968
1950 61142
1951 60646
1952 61384
1953 61104
1954 61019
1955 61125
1956 61313
1957 60932
1958 61311
1959 61057
1960 61217
1961 61234
1962 61145
1963 61669
1964 61806
1965 61574
1966 61643
1967 61362
1968 61381
1969 61133
1970 61152
1971 60795
1972 60726
1973 60826
1974 60846
1975 60887
1976 61001
1977 60972
1978 60702
1979 60639
1980 60414
1981 60683
1982 60874
1983 60388
1984 60861
1985 60485
1986 60552
1987 60880
1988 60177
1989 60383
1990 60951
1991 60430
1992 60093
1993 60301
1994 60951
1995 60611
1996 60519
1997 60508
1998 60668
1999 60785
2000 60525
2001 60376
2002 60914
2003 60409
2004 60360
2005 61017
2006 60826
2007 60771
2008 60406
2009 60564
2010 60592
2011 61041
2012 61188
2013 60919
2014 60983
2015 61283
2016 61485
2017 61431
2018 61513
2019 61236
2020 61644
2021 61006
2022 60892
2023 61325
2024 60875
2025 61302
2026 61104
2027 61081
2028 61313
2029 61375
2030 61475
2031 61060
2032 61370
2033 61027
2034 61447
2035 61350
2036 61266
2037 61279
2038 61045
2039 61356
2040 61764
2041 61048
2042 61283
2043 61311
2044 61192
2045 61002
2046 61024
2047 61504
2048 61114
2049 60705
2050 61189
2051 60906
2052 60829
2053 60678
2054 60871
2055 61061
2056 61207
2057 60914
2058 60637
2059 61001
2060 61292
2061 60985
2062 61075
2063 61026
2064 61392
2065 61398
2066 61765
2067 61366
2068 61067
2069 60758
2070 60865
2071 61060
2072 61078
2073 60665
2074 61098
2075 60445
2076 60455
2077 60502
2078 60435
2079 60826
2080 60363
2081 61078
2082 60527
2083 60874
2084 61006
2085 60570
2086 60595
2087 60349
2088 60015
2089 60207
2090 60418
2091 60222
2092 60299
2093 60462
2094 60506
2095 60628
2096 60419
2097 60727
2098 60773
2099 60318
2100 60689
2101 60560
2102 60976
2103 60568
2104 60638
2105 61006
2106 60781
2107 60675
2108 60780
2109 60618
2110 60662
2111 61108
2112 60986
2113 61101
2114 61119
2115 61195
2116 61711
2117 61786
2118 61689
2119 61795
2120 61290
2121 60980
2122 61064
2123 60964
2124 61178
2125 61043
2126 60933
2127 61207
2128 61277
2129 61320
2130 61270
2131 61069
2132 61267
2133 61517
2134 61471
2135 61445
2136 61293
2137 61359
2138 61255
2139 61413
2140 61579
2141 61239
2142 61271
2143 61545
2144 61365
2145 61166
2146 61449
2147 61773
2148 61377
2149 61115
2150 60872
2151 61048
2152 60867
2153 61338
2154 61339
2155 61145
2156 61131
2157 60880
2158 60987
2159 60947
2160 60925
2161 61114
2162 60875
2163 61497
2164 61542
2165 61645
2166 61577
2167 61353
2168 61135
2169 60835
2170 60821
2171 60902
2172 61090
2173 60852
2174 60901
2175 60920
2176 60658
2177 60928
2178 60722
2179 60887
2180 60654
2181 60845
2182 60417
2183 60641
2184 60507
2185 60808
2186 60911
2187 60459
2188 60266
2189 60468
2190 60439
2191 60036
2192 60536
2193 60139
2194 60523
2195 60524
2196 60161
2197 60616
2198 59996
2199 60687
2200 60832
2201 60829
2202 60514
2203 60610
2204 60464
2205 60582
2206 60801
2207 60490
2208 60544
2209 60537
2210 60654
2211 60560
2212 60894
2213 60555
2214 61360
2215 61152
2216 61367
2217 61852
2218 61323
2219 61255
2220 61297
2221 60844
2222 60850
2223 61670
2224 61211
2225 60876
2226 61247
2227 61557
2228 61191
2229 61241
2230 61479
2231 61305
2232 61346
2233 60955
2234 61484
2235 61144
2236 61096
2237 60967
2238 61284
2239 61494
2240 61633
2241 61260
2242 61187
2243 61340
2244 61189
2245 61244
2246 61405
2247 60948
2248 61142
2249 61249
2250 61223
2251 61069
2252 61464
2253 61032
2254 61199
2255 60915
2256 61399
2257 60752
2258 60812
2259 60954
2260 61037
2261 61180
2262 60852
2263 61062
2264 61500
2265 61367
2266 61747
2267 61522
2268 61475
2269 60872
2270 60750
2271 61023
2272 60726
2273 60446
2274 60411
2275 60503
2276 60678
2277 60448
2278 60568
2279 60650
2280 61132
2281 60549
2282 61138
2283 60424
2284 60475
2285 60640
2286 60796
2287 60808
2288 60998
2289 60294
2290 60469
2291 60273
2292 60099
2293 60052
2294 59950
2295 60546
2296 60683
2297 60217
2298 61023
2299 60386
2300 60498
2301 60377
2302 60293
2303 60599
2304 60528
2305 60500
2306 61318
2307 60659
2308 60984
2309 60904
2310 60548
2311 60935
2312 60527
2313 61031
2314 61453
2315 61046
2316 61392
2317 61670
2318 61084
2319 61458
2320 61358
2321 61299
2322 61275
2323 61124
2324 61073
2325 61374
2326 61301
2327 60921
2328 60728
2329 61323
2330 61430
2331 61286
2332 60914
2333 61053
2334 61298
2335 61266
2336 61431
2337 61245
2338 61068
2339 61047
2340 61182
2341 61164
2342 61986
2343 61450
2344 61788
2345 61162
2346 61268
2347 61393
2348 61118
2349 61573
2350 61249
2351 61294
2352 61510
2353 61209
2354 61429
2355 61188
2356 61178
2357 61294
2358 60968
2359 61199
2360 61252
2361 61151
2362 61400
2363 61400
2364 61506
2365 61772
2366 61448
2367 61409
2368 61033
2369 60377
2370 60783
2371 60845
2372 60815
2373 60696
2374 61022
2375 60474
2376 60871
2377 60856
2378 60420
2379 60544
2380 60841
2381 60591
2382 60548
2383 60741
2384 60845
2385 60667
2386 60486
2387 60102
2388 60572
2389 60621
2390 60395
2391 60227
2392 60407
2393 60139
2394 60235
2395 60209
2396 60388
2397 60631
2398 60711
2399 60447
2400 60605
2401 60374
2402 60652
2403 60722
2404 60892
2405 60986
2406 60969
2407 60528
2408 60705
2409 60788
2410 60724
2411 60990
2412 60984
2413 60999
2414 61165
2415 61161
2416 61454
2417 61624
2418 61335
2419 61732
2420 61409
2421 61134
2422 61091
2423 61398
2424 60930
2425 61313
2426 61358
2427 61577
2428 60973
2429 61380
2430 61550
2431 61151
2432 61513
2433 61437
2434 61572
2435 61365
2436 61409
2437 61598
2438 61461
2439 61603
2440 61897
2441 61520
2442 61360
2443 61297
2444 61586
2445 61926
2446 61826
2447 61403
2448 61544
2449 60921
2450 60957
2451 61296
2452 61549
2453 61211
2454 61137
2455 61246
2456 61249
2457 61251
2458 61147
2459 60938
2460 61301
2461 61413
2462 61569
2463 61175
2464 61542
2465 61266
2466 61706
2467 61321
2468 61218
2469 61277
2470 61180
2471 60899
2472 60915
2473 61089
2474 60639
2475 60732
2476 60913
2477 60774
2478 61013
2479 60570
2480 60368
2481 60668
2482 60783
2483 60367
2484 60423
2485 60348
2486 60480
2487 60738
2488 60632
2489 60325
2490 60661
2491 60556
2492 60338
2493 60533
2494 60511
2495 60642
2496 60586
2497 60690
2498 60740
2499 60403
2500 60409
2501 61052
2502 60816
2503 60883
2504 61158
2505 60916
2506 60949
2507 60967
2508 60923
2509 60741
2510 60822
2511 60590
2512 61280
2513 61684
2514 60967
2515 61694
2516 61107
2517 61853
2518 61732
2519 61667
2520 61186
2521 61409
2522 61726
2523 61599
2524 61166
2525 61256
2526 61277
2527 61259
2528 61209
2529 61271
2530 61270
2531 61162
2532 61397
2533 61326
2534 61688
2535 61632
2536 61122
2537 61370
2538 61945
2539 61705
2540 61134
2541 61234
2542 62053
2543 61598
2544 61636
2545 61348
2546 61410
2547 61768
2548 61591
2549 61418
2550 60862
2551 61656
2552 61368
2553 61148
2554 61552
2555 61381
2556 61320
2557 61428
2558 61256
2559 61438
2560 61148
2561 61384
2562 61084
2563 61521
2564 61216
2565 61599
2566 61851
2567 61563
2568 61345
2569 60918
2570 60962
2571 61016
2572 61446
2573 61004
2574 60770
2575 60855
2576 61063
2577 60823
2578 61251
2579 61323
2580 60680
2581 60807
2582 60907
2583 60053
2584 60784
2585 60239
2586 60837
2587 60773
2588 60763
2589 60690
2590 60656
2591 60596
2592 60493
2593 60769
2594 60611
2595 60423
2596 60667
2597 60641
2598 60405
2599 61075
2600 60742
2601 60976
2602 60501
2603 60964
2604 60421
2605 60921
2606 60490
2607 61081
2608 61224
2609 60833
2610 60992
2611 60979
2612 61300
2613 61335
2614 61395
2615 61188
2616 61580
2617 61888
2618 61392
2619 61698
2620 61757
2621 61621
2622 61577
2623 61299
2624 61289
2625 61275
2626 61359
2627 61506
2628 61260
2629 61798
2630 61423
2631 61727
2632 61522
2633 61401
2634 61443
2635 61979
2636 61084
2637 61453
2638 61816
2639 61424
2640 61714
2641 61838
2642 61801
2643 61643
2644 61302
2645 61347
2646 61552
2647 61643
2648 61856
2649 61343
2650 61071
2651 61300
2652 61910
2653 61662
2654 61414
2655 61478
2656 61630
2657 61503
2658 61302
2659 61074
2660 61371
2661 61503
2662 61482
2663 61855
2664 61592
2665 61873
2666 61710
2667 61541
2668 61542
2669 60957
2670 61591
2671 61158
2672 61228
2673 61054
2674 61230
2675 61179
2676 60660
2677 60597
2678 61163
2679 60375
2680 61353
2681 60378
2682 60371
2683 60843
2684 60554
2685 60840
2686 60470
2687 60577
2688 60488
2689 61297
2690 60167
2691 60455
2692 60653
2693 60835
2694 60868
2695 60531
2696 59971
2697 60934
2698 60383
2699 61155
2700 60868
2701 60716
2702 60885
2703 61288
2704 60698
2705 61162
2706 61078
2707 61026
2708 61029
2709 61294
2710 61375
2711 61048
2712 60999
2713 61068
2714 61362
2715 61254
2716 61238
2717 61452
2718 61325
2719 61570
2720 61880
2721 61314
2722 61174
2723 61303
2724 61364
2725 61197
2726 61383
2727 61777
2728 61613
2729 61517
2730 60941
2731 61543
2732 61959
2733 61577
2734 62055
2735 61740
2736 61690
2737 61935
2738 62169
2739 61870
2740 62013
2741 62069
2742 61726
2743 61712
2744 61590
2745 62092
2746 61708
2747 62135
2748 61900
2749 61440
2750 61182
2751 61681
2752 61439
2753 61481
2754 61480
2755 61710
2756 61596
2757 61328
2758 61342
2759 62098
2760 61446
2761 61401
2762 61750
2763 61613
2764 61701
2765 61863
2766 61700
2767 61763
2768 61477
2769 61357
2770 61275
2771 61394
2772 61094
2773 61090
2774 61353
2775 60661
2776 60991
2777 60961
2778 61231
2779 61350
2780 61413
2781 60676
2782 60834
2783 60606
2784 60914
2785 60863
2786 60671
2787 60986
2788 60727
2789 60971
2790 60715
2791 60664
2792 60474
2793 61060
2794 60758
2795 60692
2796 60751
2797 60777
2798 60946
2799 60997
2800 61115
2801 60962
2802 60803
2803 60960
2804 61220
2805 61403
2806 61289
2807 61341
2808 61200
2809 61616
2810 60943
2811 61730
2812 61240
2813 61221
2814 61178
2815 61869
2816 61706
2817 62001
2818 62028
2819 62380
2820 61688
2821 61655
2822 61834
2823 61656
2824 61609
2825 61785
2826 61375
2827 61666
2828 61411
2829 61740
2830 61785
2831 61830
2832 61887
2833 62039
2834 61902
2835 61583
2836 61892
2837 61970
2838 61943
2839 62025
2840 62206
2841 62167
2842 61861
2843 62252
2844 61743
2845 61774
2846 61755
2847 61889
2848 61685
2849 61656
2850 62112
2851 62109
2852 61864
2853 61056
2854 61747
2855 61532
2856 61989
2857 61763
2858 61871
2859 61709
2860 61578
2861 61492
2862 61453
2863 61495
2864 61727
2865 61639
2866 61865
2867 61635
2868 61528
2869 61741
2870 61632
2871 60867
2872 61280
2873 61165
2874 61286
2875 60870
2876 61634
2877 61545
2878 61348
2879 61208
2880 60756
2881 60975
2882 61214
2883 60675
2884 60888
2885 60715
2886 60884
2887 60834
2888 60463
2889 61024
2890 61117
2891 60796
2892 60918
2893 60860
2894 60911
2895 61032
2896 61065
2897 60864
2898 60695
2899 61142
2900 60922
2901 61414
2902 60561
2903 61266
2904 61132
2905 61055
2906 61037
2907 61176
2908 61213
2909 61362
2910 61679
2911 61179
2912 61465
2913 61384
2914 61263
2915 61637
2916 61910
2917 61897
2918 61822
2919 61663
2920 61998
2921 61557
2922 62165
2923 61562
2924 61204
2925 61718
2926 61383
2927 61643
2928 61305
2929 61483
2930 61778
2931 61942
2932 61555
2933 61688
2934 62001
2935 62018
2936 61682
2937 61910
2938 61630
2939 62024
2940 62352
2941 62088
2942 61763
2943 62455
2944 61506
2945 61809
2946 61569
2947 62274
2948 61502
2949 61798
2950 61609
2951 61634
2952 61495
2953 62017
2954 61689
2955 62115
2956 61959
2957 61570
2958 61493
2959 61448
2960 61378
2961 61554
2962 61765
2963 61735
2964 61285
2965 62322
2966 62218
2967 61952
2968 61768
2969 61295
2970 61041
2971 61215
2972 61298
2973 61283
2974 60904
2975 61024
2976 60843
2977 60840
2978 60950
2979 60843
2980 60684
2981 61075
2982 61044
2983 60521
2984 60740
2985 61075
2986 61188
2987 60955
2988 60589
2989 61194
2990 60761
2991 60286
2992 60885
2993 60783
2994 60713
2995 60528
2996 61111
2997 60517
2998 60529
2999 60966
3000 61064
3001 61383
3002 61254
3003 60894
3004 60592
3005 61036
3006 61002
3007 61201
3008 61218
3009 61423
3010 61248
3011 61244
3012 61156
3013 61315
3014 61458
3015 61368
3016 61726
3017 61879
3018 61627
3019 61814
3020 61712
3021 61577
3022 60958
3023 61267
3024 61552
3025 61840
3026 61583
3027 61574
3028 61402
3029 61298
3030 61459
3031 61588
3032 61944
3033 61509
3034 62057
3035 61732
3036 61867
3037 61402
3038 62040
3039 61903
3040 61848
3041 62273
3042 61995
3043 61707
3044 61831
3045 61671
3046 61904
3047 61971
3048 61667
3049 61178
3050 62049
3051 61519
3052 61348
3053 62037
3054 61729
3055 61439
3056 61438
3057 61750
3058 61137
3059 61297
3060 61705
3061 61333
3062 61554
3063 61733
3064 61781
3065 61995
3066 62007
3067 61794
3068 61253
3069 61431
3070 61053
3071 61475
3072 60940
3073 60941
3074 61425
3075 61068
3076 60980
3077 61173
3078 60765
3079 60907
3080 60749
3081 60613
3082 60566
3083 60664
3084 60602
3085 60163
3086 60957
3087 60716
3088 60849
3089 60710
3090 60525
3091 60715
3092 60595
3093 60351
3094 60923
3095 60571
3096 60591
3097 60556
3098 60111
3099 60589
3100 60663
3101 60360
3102 60498
3103 61043
3104 60540
3105 60815
3106 60806
3107 61031
3108 61158
3109 60777
3110 60783
3111 60775
3112 61476
3113 61140
3114 61068
3115 61191
3116 60688
3117 61316
3118 61320
3119 60977
3120 61114
3121 61024
3122 61199
3123 61009
3124 61468
3125 60871
3126 61615
3127 61075
3128 61240
3129 61497
3130 61508
3131 61188
3132 60994
3133 61105
3134 61576
3135 61459
3136 60993
3137 61283
3138 61032
3139 61059
3140 61212
3141 61039
3142 61453
3143 61211
3144 61244
3145 61446
3146 61187
3147 61392
3148 61342
3149 61480
3150 61391
3151 60816
3152 60928
3153 61136
3154 60579
3155 61213
3156 60889
3157 61053
3158 61054
3159 61163
3160 61344
3161 61465
3162 61396
3163 60682
3164 60893
3165 61120
3166 61080
3167 60950
3168 61368
3169 61326
3170 60615
3171 61041
3172 60648
3173 60369
3174 60583
3175 60483
3176 60472
3177 60712
3178 60638
3179 60634
3180 60452
3181 60821
3182 60325
3183 60002
3184 60557
3185 60414
3186 60509
3187 60563
3188 60207
3189 60198
3190 60327
3191 60570
3192 60361
3193 60485
3194 60921
3195 60581
3196 60697
3197 60400
3198 60250
3199 60405
3200 60544
3201 60607
3202 60635
3203 60437
3204 60467
3205 60800
3206 60570
3207 60753
3208 60626
3209 60751
3210 61066
3211 60971
3212 61066
3213 61054
3214 60736
3215 61579
3216 61280
3217 61817
3218 61311
3219 61168
3220 61125
3221 61634
3222 61161
3223 60926
3224 61214
3225 61306
3226 61055
3227 61020
3228 61299
3229 60858
3230 61480
3231 61216
3232 61274
3233 61263
3234 61274
3235 61342
3236 61300
3237 61676
3238 61664
3239 61647
3240 61414
3241 61908
3242 61668
3243 61659
3244 61583
3245 61622
3246 61726
3247 61406
3248 61511
3249 61062
3250 61420
3251 61486
3252 61570
3253 61063
3254 61397
3255 61425
3256 61652
3257 61118
3258 61323
3259 61130
3260 61178
3261 61639
3262 61402
3263 61498
3264 61141
3265 61839
3266 61612
3267 61089
3268 61003
3269 61219
3270 61261
3271 60792
3272 61105
3273 60992
3274 61110
3275 60765
3276 61332
3277 60650
3278 60526
3279 60832
3280 60815
3281 61109
3282 60486
3283 60659
3284 60693
3285 60533
3286 60848
3287 60538
3288 60916
3289 60292
3290 60587
3291 60182
3292 60372
3293 61002
3294 60785
3295 60790
3296 61047
3297 60993
3298 61027
3299 61010
3300 60850
3301 61111
3302 60967
3303 60777
3304 60884
3305 60903
3306 60771
3307 61101
3308 61527
3309 61234
3310 61432
3311 61519
3312 61246
3313 61215
3314 61505
3315 62120
3316 61827
3317 62099
3318 62201
3319 61542
3320 61850
3321 61628
3322 61354
3323 61467
3324 61786
3325 61543
3326 61946
3327 61956
3328 61833
3329 61747
3330 61788
3331 61691
3332 61874
3333 61832
3334 61807
3335 62058
3336 62204
3337 62589
3338 62286
3339 62019
3340 61808
3341 62313
3342 61828
3343 62044
3344 61841
3345 61866
3346 61661
3347 61978
3348 61533
3349 62207
3350 61972
3351 61555
3352 61491
3353 62209
3354 62076
3355 61696
3356 61838
3357 61743
3358 61569
3359 61714
3360 62171
3361 61914
3362 61876
3363 61760
3364 61846
3365 61815
3366 61853
3367 61793
3368 62028
3369 61933
3370 61962
3371 61595
3372 61326
3373 61300
3374 61499
3375 61340
3376 61306
3377 61673
3378 61329
3379 61022
3380 61574
3381 61071
3382 61510
3383 61195
3384 61308
3385 61007
3386 60762
3387 61146
3388 61144
3389 61201
3390 60990
3391 60942
3392 61127
3393 61475
3394 60769
3395 61012
3396 61394
3397 60988
3398 61306
3399 61121
3400 61430
3401 61277
3402 61159
3403 61568
3404 61402
3405 61088
3406 61520
3407 61120
3408 61613
3409 61237
3410 61535
3411 61894
3412 61367
3413 61873
3414 61919
3415 61886
3416 62269
3417 62258
3418 61950
3419 62053
3420 62152
3421 61665
3422 61784
3423 61752
3424 61777
3425 62150
3426 62193
3427 62058
3428 62002
3429 61709
3430 62047
3431 62189
3432 62219
3433 61825
3434 62116
3435 62086
3436 62326
3437 62172
3438 62053
3439 62469
3440 62619
3441 62129
3442 62800
3443 62539
3444 62084
3445 62729
3446 62568
3447 61938
3448 62727
3449 62357
3450 62411
3451 62251
3452 61821
3453 62042
3454 62063
3455 62069
3456 61903
3457 62206
3458 61773
3459 62054
3460 62146
3461 62032
3462 61716
3463 62028
3464 62100
3465 62203
3466 62338
3467 62163
3468 62177
3469 61863
3470 62242
3471 61491
3472 61951
3473 61592
3474 61869
3475 61395
3476 61448
3477 61387
3478 61681
3479 61118
3480 61686
3481 61513
3482 61310
3483 61321
3484 61224
3485 61565
3486 61335
3487 61697
3488 61109
3489 60907
3490 61200
3491 60977
3492 61316
3493 61074
3494 61515
3495 61297
3496 61910
3497 61539
3498 61695
3499 61086
3500 61676
3501 61302
3502 61757
3503 61341
3504 61684
3505 61554
3506 61840
3507 61749
3508 61345
3509 61910
3510 62182
3511 61858
3512 61491
3513 61900
3514 62125
3515 61898
3516 62079
3517 62517
3518 62155
3519 62366
3520 62725
3521 61560
3522 62105
3523 62181
3524 62168
3525 62427
3526 62189
3527 62471
3528 62389
3529 62361
3530 62240
3531 62812
3532 62132
3533 62153
3534 62307
3535 62723
3536 62470
3537 62317
3538 62607
3539 62842
3540 62552
3541 62892
3542 62828
3543 62866
3544 62632
3545 62401
3546 62393
3547 62472
3548 62828
3549 62857
3550 62301
3551 62442
3552 62322
3553 61913
3554 62631
3555 62682
3556 62683
3557 62266
3558 62301
3559 62563
3560 62478
3561 62001
3562 62191
3563 62678
3564 62241
3565 62145
3566 62367
3567 62734
3568 62400
3569 62164
3570 62599
3571 62313
3572 61869
3573 62113
3574 61913
3575 62032
3576 62203
3577 62163
3578 61653
3579 61696
3580 62008
3581 62358
3582 61756
3583 61772
3584 61394
3585 61579
3586 61553
3587 61831
3588 61617
3589 61626
3590 61980
3591 61573
3592 61971
3593 61630
3594 61812
3595 61697
3596 62260
3597 61756
3598 61871
3599 61726
3600 62061
3601 61899
3602 62368
3603 62209
3604 62083
3605 61961
3606 62068
3607 62404
3608 62281
3609 62138
3610 61974
3611 62255
3612 62397
3613 62173
3614 62680
3615 62446
3616 62988
3617 62809
3618 62401
3619 62775
3620 62887
3621 62681
3622 62894
3623 62745
3624 62507
3625 62611
3626 62649
3627 62588
3628 62851
3629 63491
3630 62633
3631 63279
3632 62777
3633 62700
3634 63105
3635 63134
3636 63026
3637 62994
3638 63564
3639 63432
3640 63359
3641 63220
3642 63095
3643 63231
3644 63198
3645 63132
3646 63170
3647 62877
3648 63207
3649 63311
3650 63248
3651 62832
3652 63005
3653 63336
3654 62778
3655 62740
3656 63024
3657 62935
3658 62715
3659 63101
3660 63038
3661 63245
3662 62961
3663 63400
3664 62956
3665 63047
3666 63221
3667 63398
3668 62879
3669 63242
3670 63045
3671 63154
3672 63352
3673 62599
3674 62791
3675 62406
3676 62775
3677 62670
3678 62232
3679 62305
3680 62740
3681 62441
3682 62772
3683 62306
3684 62611
3685 62393
3686 62730
3687 62415
3688 62576
3689 62026
3690 62397
3691 62838
3692 62661
3693 62524
3694 62367
3695 62679
3696 62621
3697 62787
3698 62469
3699 62703
3700 62701
3701 62886
3702 62975
3703 62861
3704 62581
3705 63046
3706 62558
3707 62905
3708 63111
3709 63311
3710 62862
3711 63052
3712 63308
3713 63548
3714 63188
3715 63463
3716 63686
3717 63787
3718 63853
3719 63784
3720 63410
3721 63981
3722 63556
3723 63633
3724 63520
3725 63814
3726 63634
3727 63763
3728 63901
3729 64010
3730 63737
3731 64177
3732 63883
3733 64047
3734 64217
3735 63982
3736 64135
3737 63767
3738 63724
3739 64014
3740 63955
3741 64402
3742 64078
3743 64450
3744 64215
3745 64245
3746 63947
3747 64070
3748 64009
3749 64690
3750 64498
3751 63987
3752 64142
3753 64015
3754 64013
3755 63744
3756 63909
3757 64253
3758 64154
3759 63854
3760 64467
3761 64270
3762 64069
3763 63835
3764 63989
3765 64189
3766 64213
3767 63778
3768 63855
3769 63721
3770 63887
3771 63725
3772 63410
3773 63806
3774 63425
3775 63888
3776 62888
3777 64048
3778 63872
3779 63597
3780 63587
3781 63695
3782 63709
3783 63289
3784 63184
3785 63109
3786 63271
3787 63066
3788 62948
3789 62969
3790 63294
3791 63178
3792 63228
3793 63107
3794 63197
3795 63239
3796 63436
3797 63306
3798 63437
3799 63771
3800 63475
3801 63562
3802 63550
3803 63663
3804 63880
3805 63997
3806 64038
3807 63651
3808 63887
3809 64130
3810 64124
3811 64188
3812 63736
3813 64368
3814 64269
3815 64523
3816 64230
3817 64833
3818 64322
3819 64519
3820 64290
3821 64520
3822 64261
3823 64670
3824 64304
3825 64323
3826 64333
3827 64654
3828 64722
3829 64435
3830 64442
3831 65220
3832 64553
3833 65156
3834 65172
3835 64921
3836 65098
3837 65039
3838 65121
3839 64903
3840 65124
3841 64633
3842 65352
3843 64645
3844 65070
3845 65199
3846 64887
3847 64708
3848 65246
3849 64916
3850 65093
3851 64677
3852 64589
3853 64802
3854 64625
3855 64659
3856 64723
3857 64904
3858 64846
3859 64834
3860 64922
3861 64888
3862 64599
3863 64660
3864 64817
3865 65214
3866 65094
3867 64853
3868 64351
3869 64621
3870 64474
3871 64657
3872 64216
3873 64634
3874 63949
3875 64234
3876 64593
3877 64545
3878 64111
3879 64374
3880 64490
3881 63976
3882 64196
3883 64194
3884 63854
3885 64024
3886 63941
3887 64108
3888 63745
3889 63948
3890 64191
3891 63747
3892 64010
3893 64273
3894 64140
3895 64093
3896 64011
3897 64321
3898 64433
3899 64345
3900 63649
3901 64680
3902 64208
3903 64496
3904 64365
3905 64197
3906 65148
3907 64218
3908 64365
3909 64541
3910 64874
3911 64693
3912 64743
3913 64872
3914 64851
3915 64812
3916 65100
3917 65039
3918 64863
3919 65319
3920 65427
3921 64977
3922 65215
3923 64970
3924 65013
3925 64928
3926 65182
3927 65129
3928 65292
3929 65086
3930 65036
3931 65564
3932 65332
3933 65167
3934 65246
3935 65175
3936 65411
3937 65750
3938 65556
3939 65884
3940 65240
3941 65551
3942 65969
3943 65384
3944 65849
3945 65354
3946 65838
3947 65403
3948 65677
3949 65467
3950 65416
3951 65378
3952 65485
3953 65629
3954 65077
3955 65479
3956 65385
3957 65008
3958 65207
3959 65317
3960 65187
3961 65313
3962 65572
3963 65242
3964 65232
3965 65001
3966 65239
3967 65437
3968 65416
3969 65173
3970 65222
3971 65362
3972 64836
3973 64948
3974 64990
3975 64590
3976 64467
3977 64574
3978 64695
3979 64614
3980 64641
3981 64018
3982 64974
3983 64627
3984 64472
3985 64593
3986 64209
3987 64831
3988 64480
3989 64429
3990 64561
3991 64397
3992 64142
3993 64508
3994 64893
3995 64792
3996 64710
3997 64677
3998 64575
3999 64362
4000 64303
4001 64572
4002 64742
4003 64625
4004 64624
4005 64995
4006 64745
4007 64095
4008 64437
4009 64753
4010 65225
4011 65142
4012 65122
4013 64782
4014 65023
4015 65260
4016 65261
4017 65149
4018 65513
4019 65217
4020 65145
4021 65357
4022 65463
4023 65247
4024 65301
4025 65559
4026 65044
4027 65468
4028 64922
4029 64896
4030 65205
4031 65278
4032 65684
4033 65319
4034 65684
4035 65921
4036 65787
4037 65574
4038 65711
4039 65750
4040 65406
4041 65930
4042 65930
4043 66226
4044 66027
4045 65581
4046 65711
4047 65419
4048 65374
4049 65473
4050 65749
4051 65184
4052 65722
4053 65482
4054 65493
4055 65249
4056 65502
4057 64989
4058 65612
4059 65702
4060 65282
4061 65282
4062 65552
4063 65343
4064 65499
4065 65403
4066 65228
4067 65226
4068 65094
4069 65299
4070 65128
4071 64788
4072 64803
4073 64671
4074 64512
4075 64765
4076 64684
4077 65041
4078 64685
4079 64496
4080 64322
4081 64580
4082 64768
4083 64639
4084 64509
4085 64436
4086 64246
4087 64200
4088 64532
4089 64397
4090 64196
4091 64160
4092 64207
4093 64338
4094 64065
4095 64339
4096 64245
4097 64254
4098 64265
4099 64293
4100 64454
4101 64732
4102 64667
4103 64366
4104 65030
4105 64571
4106 64454
4107 64652
4108 64709
4109 64952
4110 64967
4111 64747
4112 65069
4113 65207
4114 64933
4115 64834
4116 65310
4117 65514
4118 65202
4119 65056
4120 65257
4121 64899
4122 65060
4123 65363
4124 65032
4125 65308
4126 65361
4127 65129
4128 64874
4129 65194
4130 65336
4131 65427
4132 65424
4133 65660
4134 65129
4135 65903
4136 65770
4137 65240
4138 65530
4139 65585
4140 65712
4141 65547
4142 65427
4143 65484
4144 65382
4145 65722
4146 65574
4147 65497
4148 65160
4149 65576
4150 65318
4151 65176
4152 65369
4153 65188
4154 65290
4155 65306
4156 65224
4157 65412
4158 65194
4159 65006
4160 65007
4161 64833
4162 65371
4163 65097
4164 65209
4165 65182
4166 65485
4167 65346
4168 64876
4169 64932
4170 65090
4171 64588
4172 64904
4173 64724
4174 64736
4175 64817
4176 64514
4177 64810
4178 64814
4179 64810
4180 64742
4181 64493
4182 64202
4183 64578
4184 64592
4185 64120
4186 64707
4187 64282
4188 64374
4189 64284
4190 64059
4191 64191
4192 64298
4193 64336
4194 64299
4195 64212
4196 64017
4197 64344
4198 64358
4199 64328
4200 64503
4201 64504
4202 64780
4203 64468
4204 64461
4205 64583
4206 64910
4207 64835
4208 64504
4209 64603
4210 64490
4211 64838
4212 64700
4213 64774
4214 64796
4215 65174
4216 65373
4217 65286
4218 65516
4219 65389
4220 65222
4221 65254
4222 65040
4223 65305
4224 65470
4225 64984
4226 64990
4227 65116
4228 64926
4229 65047
4230 65058
4231 64916
4232 65097
4233 65457
4234 65019
4235 65557
4236 65756
4237 65796
4238 65898
4239 65866
4240 65421
4241 65552
4242 65951
4243 66028
4244 65677
4245 65548
4246 65582
4247 65614
4248 65406
4249 64895
4250 65440
4251 65292
4252 65051
4253 65037
4254 65183
4255 65082
4256 64957
4257 65624
4258 65112
4259 65532
4260 64827
4261 65625
4262 65165
4263 65088
4264 65411
4265 65114
4266 65257
4267 65164
4268 64918
4269 64814
4270 65093
4271 64699
4272 64905
4273 64499
4274 64455
4275 64529
4276 64542
4277 64824
4278 64400
4279 64518
4280 64538
4281 64262
4282 64535
4283 63832
4284 64188
4285 64354
4286 64426
4287 64183
4288 64297
4289 64201
4290 64773
4291 63913
4292 64118
4293 64329
4294 63930
4295 64170
4296 64179
4297 64232
4298 64634
4299 64798
4300 64708
4301 64448
4302 64666
4303 64292
4304 64999
4305 65040
4306 64308
4307 64487
4308 64582
4309 64838
4310 65228
4311 64814
4312 64987
4313 64889
4314 64747
4315 64872
4316 65424
4317 65022
4318 65003
4319 65471
4320 65140
4321 65416
4322 65148
4323 64788
4324 65384
4325 65337
4326 65065
4327 65136
4328 65326
4329 65153
4330 65245
4331 65563
4332 65038
4333 65416
4334 65384
4335 65461
4336 65150
4337 65149
4338 66057
4339 65597
4340 65683
4341 65835
4342 65673
4343 65667
4344 65832
4345 65822
4346 65398
4347 65500
4348 65579
4349 65852
4350 65131
4351 65429
4352 65144
4353 65825
4354 65665
4355 65467
4356 65301
4357 65349
4358 65075
4359 65445
4360 65176
4361 65627
4362 65197
4363 65656
4364 65271
4365 65304
4366 65599
4367 65132
4368 65125
4369 65227
4370 64796
4371 65182
4372 64957
4373 64919
4374 64501
4375 64836
4376 64959
4377 64550
4378 64507
4379 64674
4380 64884
4381 64493
4382 64453
4383 64694
4384 64274
4385 64512
4386 64584
4387 64418
4388 64398
4389 64401
4390 63981
4391 64154
4392 64140
4393 63986
4394 64472
4395 64273
4396 64497
4397 64431
4398 64370
4399 64384
4400 64542
4401 64475
4402 64457
4403 64990
4404 65009
4405 64719
4406 64948
4407 64843
4408 64677
4409 64992
4410 64779
4411 65079
4412 64920
4413 65237
4414 65160
4415 65061
4416 65219
4417 65142
4418 65569
4419 65378
4420 65227
4421 64897
4422 65213
4423 65079
4424 65529
4425 64837
4426 64965
4427 65171
4428 65259
4429 65656
4430 65489
4431 65308
4432 65690
4433 65527
4434 65725
4435 65735
4436 65932
4437 65576
4438 66218
4439 65961
4440 65684
4441 65806
4442 66295
4443 65983
4444 65977
4445 65365
4446 66123
4447 65265
4448 65479
4449 65874
4450 65366
4451 65512
4452 65495
4453 65343
4454 65430
4455 65302
4456 65553
4457 65574
4458 65339
4459 65482
4460 64995
4461 65234
4462 64831
4463 65589
4464 65370
4465 65622
4466 65496
4467 65493
4468 65400
4469 65093
4470 65433
4471 64775
4472 65320
4473 64979
4474 64933
4475 64766
4476 64796
4477 64710
4478 64833
4479 64494
4480 64758
4481 64512
4482 64534
4483 64967
4484 64592
4485 64261
4486 64418
4487 64733
4488 64123
4489 64234
4490 64341
4491 64299
4492 64879
4493 64528
4494 64688
4495 64487
4496 64474
4497 64454
4498 64891
4499 64670
4500 64821
4501 64578
4502 64701
4503 64664
4504 65183
4505 64920
4506 65185
4507 64892
4508 64878
4509 65380
4510 64947
4511 65216
4512 65006
4513 65525
4514 65390
4515 65484
4516 65093
4517 65508
4518 66006
4519 65579
4520 66016
4521 65866
4522 65535
4523 65655
4524 65268
4525 65437
4526 65732
4527 65894
4528 65578
4529 65855
4530 65476
4531 65706
4532 65854
4533 65490
4534 65313
4535 65618
4536 66005
4537 65909
4538 66357
4539 66234
4540 66321
4541 65945
4542 66042
4543 65736
4544 65965
4545 66016
4546 65833
4547 65978
4548 65742
4549 65678
4550 65200
4551 65854
4552 65940
4553 65605
4554 65889
4555 65518
4556 65486
4557 65730
4558 65547
4559 65831
4560 65629
4561 65340
4562 66061
4563 65540
4564 65880
4565 65429
4566 65741
4567 65837
4568 65311
4569 65198
4570 65243
4571 65654
4572 65520
4573 64967
4574 64880
4575 65171
4576 65059
4577 64932
4578 65031
4579 65249
4580 64792
4581 65107
4582 65366
4583 65209
4584 64888
4585 64696
4586 64583
4587 65099
4588 64667
4589 64967
4590 64917
4591 64733
4592 64719
4593 65303
4594 64825
4595 64803
4596 64565
4597 64515
4598 65178
4599 65513
4600 64848
4601 65403
4602 64963
4603 64862
4604 64949
4605 65393
4606 65131
4607 65250
4608 65246
4609 65503
4610 65464
4611 65333
4612 65426
4613 65880
4614 65775
4615 65842
4616 66035
4617 65805
4618 65898
4619 66133
4620 66257
4621 65808
4622 66115
4623 65994
4624 65506
4625 65973
4626 65679
4627 65475
4628 65714
4629 65743
4630 65746
4631 65865
4632 66069
4633 65797
4634 66297
4635 66453
4636 66293
4637 65870
4638 66647
4639 66319
4640 66340
4641 66463
4642 66479
4643 66434
4644 66604
4645 65925
4646 66448
4647 66080
4648 65786
4649 66118
4650 66276
4651 65973
4652 66064
4653 66029
4654 65723
4655 66182
4656 66438
4657 65591
4658 66102
4659 65544
4660 66285
4661 65908
4662 65952
4663 66165
4664 66263
4665 66015
4666 66394
4667 66107
4668 65850
4669 65560
4670 65513
4671 65506
4672 65499
4673 66025
4674 65761
4675 65303
4676 65604
4677 65265
4678 65380
4679 65605
4680 65598
4681 65124
4682 65287
4683 64965
4684 65394
4685 65306
4686 65216
4687 64957
4688 65343
4689 65579
4690 64962
4691 64791
4692 65169
4693 65040
4694 65329
4695 65455
4696 65163
4697 65117
4698 65486
4699 65415
4700 65171
4701 65654
4702 65620
4703 65447
4704 65276
4705 65704
4706 65674
4707 65967
4708 65726
4709 65564
4710 66184
4711 65637
4712 65951
4713 65821
4714 65929
4715 66368
4716 66054
4717 66027
4718 66375
4719 66375
4720 66067
4721 65875
4722 66281
4723 66068
4724 66028
4725 66047
4726 66077
4727 66120
4728 66259
4729 66465
4730 66380
4731 66114
4732 66398
4733 66167
4734 66388
4735 66470
4736 66501
4737 66766
4738 66584
4739 66635
4740 67021
4741 66431
4742 66853
4743 66775
4744 66413
4745 66709
4746 66700
4747 66645
4748 66675
4749 66809
4750 66244
4751 66527
4752 66540
4753 66065
4754 66113
4755 66728
4756 66471
4757 66143
4758 66388
4759 66135
4760 66454
4761 65813
4762 66475
4763 66437
4764 65939
4765 66246
4766 66175
4767 65975
4768 66066
4769 66203
4770 66096
4771 65696
4772 66053
4773 65385
4774 65569
4775 65662
4776 65421
4777 65672
4778 65210
4779 65549
4780 65349
4781 65609
4782 65667
4783 65550
4784 65556
4785 65703
4786 65312
4787 65539
4788 65516
4789 65269
4790 65289
4791 65556
4792 65364
4793 65290
4794 65057
4795 65340
4796 65651
4797 65127
4798 65563
4799 65667
4800 65754
4801 65386
4802 65686
4803 65563
4804 66004
4805 65454
4806 66088
4807 65774
4808 65948
4809 65565
4810 65827
4811 65970
4812 66110
4813 66455
4814 66139
4815 66652
4816 66322
4817 66439
4818 66026
4819 66466
4820 66807
4821 66366
4822 66067
4823 66319
4824 66400
4825 66646
4826 66849
4827 66314
4828 66732
4829 66877
4830 66454
4831 66475
4832 66795
4833 66976
4834 66569
4835 66769
4836 66976
4837 67020
4838 67159
4839 66915
4840 66751
4841 67347
4842 66918
4843 67047
4844 66982
4845 67213
4846 66502
4847 66739
4848 67146
4849 66277
4850 66802
4851 66749
4852 66762
4853 67030
4854 66617
4855 66751
4856 66699
4857 66689
4858 66590
4859 66588
4860 66816
4861 66861
4862 66356
4863 66917
4864 66440
4865 66650
4866 66791
4867 66849
4868 66449
4869 66499
4870 66399
4871 66334
4872 65945
4873 65959
4874 65910
4875 66019
4876 65880
4877 65800
4878 66098
4879 65923
4880 65567
4881 66542
4882 65626
4883 66020
4884 66040
4885 66203
4886 65913
4887 65719
4888 65940
4889 65884
4890 65729
4891 65506
4892 66135
4893 66032
4894 65484
4895 65893
4896 66036
4897 65869
4898 66673
4899 65732
4900 66001
4901 66160
4902 66009
4903 66080
4904 66069
4905 66219
4906 66043
4907 66013
4908 66315
4909 66095
4910 66382
4911 66452
4912 66892
4913 66257
4914 66935
4915 66412
4916 66949
4917 66497
4918 67280
4919 66435
4920 67038
4921 66879
4922 66949
4923 66565
4924 66778
4925 66660
4926 66845
4927 67143
4928 67040
4929 66980
4930 66557
4931 67129
4932 67535
4933 67419
4934 67213
4935 66828
4936 67275
4937 67434
4938 66979
4939 67110
4940 67350
4941 67230
4942 67587
4943 67291
4944 67334
4945 67702
4946 66751
4947 66990
4948 67475
4949 67458
4950 67068
4951 67445
4952 66828
4953 66909
4954 67203
4955 66967
4956 66800
4957 66726
4958 66679
4959 66896
4960 66279
4961 66726
4962 66782
4963 66891
4964 66782
4965 67235
4966 66466
4967 66755
4968 67105
4969 66571
4970 66220
4971 66479
4972 66532
4973 66647
4974 66236
4975 66177
4976 66727
4977 66036
4978 66135
4979 65987
4980 66317
4981 66312
4982 66283
4983 66323
4984 65929
4985 66341
4986 66154
4987 65734
4988 66137
4989 66021
4990 65847
4991 65669
4992 65406
4993 65516
4994 65796
4995 65685
4996 65400
4997 66114
4998 66079
4999 65980
5000 65737
5001 65901
5002 66309
5003 66173
5004 66045
5005 66380
5006 66109
5007 66142
5008 66014
5009 66517
5010 66565
5011 66601
5012 66594
5013 66811
5014 66429
5015 66367
5016 66996
5017 66824
5018 67320
5019 67005
5020 66733
5021 67014
5022 66932
5023 67085
5024 66626
5025 67232
5026 66578
5027 66718
5028 66689
5029 67072
5030 67130
5031 66965
5032 67132
5033 66814
5034 66845
5035 67293
5036 67020
5037 67236
5038 67292
5039 67096
5040 67593
5041 67312
5042 67201
5043 66940
5044 66901
5045 67314
5046 67082
5047 67086
5048 66881
5049 66975
5050 67321
5051 67133
5052 67000
5053 67194
5054 66771
5055 66956
5056 67036
5057 67000
5058 66801
5059 66588
5060 66846
5061 66827
5062 66787
5063 67176
5064 66655
5065 67081
5066 66918
5067 66845
5068 67016
5069 66532
5070 66530
5071 66615
5072 66730
5073 66421
5074 66473
5075 66103
5076 66602
5077 66105
5078 66197
5079 66029
5080 66353
5081 65638
5082 65937
5083 66173
5084 65969
5085 65684
5086 65992
5087 65998
5088 65715
5089 66123
5090 65640
5091 66004
5092 65884
5093 65524
5094 66004
5095 65763
5096 66038
5097 65757
5098 66046
5099 66453
5100 66265
5101 65942
5102 66430
5103 66305
5104 66523
5105 66518
5106 66417
5107 66336
5108 66747
5109 66565
5110 66702
5111 66674
5112 66706
5113 67088
5114 66833
5115 66852
5116 67018
5117 66816
5118 66985
5119 67089
5120 67006
5121 66944
5122 66921
5123 66913
5124 67103
5125 66834
5126 66767
5127 66921
5128 67151
5129 67138
5130 66909
5131 66897
5132 67585
5133 67265
5134 68016
5135 67548
5136 67649
5137 67717
5138 67531
5139 67173
5140 67540
5141 67476
5142 67556
5143 67427
5144 67653
5145 67723
5146 67390
5147 67620
5148 67220
5149 67457
5150 67444
5151 67177
5152 67352
5153 67015
5154 67595
5155 67177
5156 66992
5157 67087
5158 66821
5159 66801
5160 67275
5161 67012
5162 67652
5163 67376
5164 67389
5165 67571
5166 67496
5167 66916
5168 67496
5169 67660
5170 67228
5171 67320
5172 67359
5173 66755
5174 66912
5175 66892
5176 66731
5177 66869
5178 66831
5179 66899
5180 66498
5181 66553
5182 66586
5183 67349
5184 66695
5185 66543
5186 66245
5187 66564
5188 66661
5189 67095
5190 66580
5191 66382
5192 66128
5193 66426
5194 66156
5195 66913
5196 66291
5197 66847
5198 66715
5199 66936
5200 66620
5201 66903
5202 67173
5203 67191
5204 66870
5205 67010
5206 66881
5207 67012
5208 66778
5209 67313
5210 67124
5211 67190
5212 67153
5213 67403
5214 67107
5215 67242
5216 67782
5217 67797
5218 67731
5219 67624
5220 67409
5221 67579
5222 67810
5223 67668
5224 67775
5225 67983
5226 68161
5227 67163
5228 67787
5229 68044
5230 68197
5231 67617
5232 67304
5233 67878
5234 67916
5235 68016
5236 67978
5237 68213
5238 67635
5239 68165
5240 67766
5241 68106
5242 68208
5243 68210
5244 68228
5245 68032
5246 67641
5247 67959
5248 68500
5249 68294
5250 67987
5251 67750
5252 67932
5253 67633
5254 67562
5255 68055
5256 67388
5257 67164
5258 67677
5259 67322
5260 67719
5261 67778
5262 67224
5263 67597
5264 67770
5265 67589
5266 67901
5267 67317
5268 67641
5269 67625
5270 67729
5271 66871
5272 67795
5273 67426
5274 67016
5275 67021
5276 67579
5277 67331
5278 67107
5279 67041
5280 66904
5281 67439
5282 67070
5283 67340
5284 67288
5285 67229
5286 67098
5287 67023
5288 66839
5289 67077
5290 67173
5291 66967
5292 67037
5293 67219
5294 67239
5295 67424
5296 67291
5297 67423
5298 67411
5299 67587
5300 67145
5301 67270
5302 67241
5303 67561
5304 66924
5305 67311
5306 67387
5307 67644
5308 67689
5309 67290
5310 67888
5311 67757
5312 68039
5313 67511
5314 67560
5315 67768
5316 67945
5317 67845
5318 67877
5319 67878
5320 67922
5321 68290
5322 68125
5323 68187
5324 67624
5325 67984
5326 67813
5327 67895
5328 67971
5329 68251
5330 67792
5331 68601
5332 68138
5333 68442
5334 68403
5335 68393
5336 68411
5337 68012
5338 68262
5339 68791
5340 68633
5341 68800
5342 68698
5343 68690
5344 68441
5345 68276
5346 68226
5347 68095
5348 67951
5349 68842
5350 68338
5351 68297
5352 67884
5353 68309
5354 67958
5355 68030
5356 68192
5357 67809
5358 68242
5359 67971
5360 68001
5361 67688
5362 67871
5363 67863
5364 68524
5365 67832
5366 67863
5367 67610
5368 67778
5369 67688
5370 67522
5371 67676
5372 67626
5373 67541
5374 67748
5375 67568
5376 67897
5377 67860
5378 67352
5379 67182
5380 67774
5381 67699
5382 67336
5383 67340
5384 67059
5385 67514
5386 67564
5387 67186
5388 67248
5389 66869
5390 67351
5391 67249
5392 67118
5393 67317
5394 67450
5395 67066
5396 67476
5397 67666
5398 67608
5399 67659
5400 67212
5401 67397
5402 67504
5403 67493
5404 67454
5405 67382
5406 67965
5407 67937
5408 67559
5409 67804
5410 67665
5411 67916
5412 67383
5413 67887
5414 67752
5415 68122
5416 68178
5417 67801
5418 68456
5419 68211
5420 68536
5421 68171
5422 67929
5423 68177
5424 68209
5425 68013
5426 68484
5427 68153
5428 68763
5429 68503
5430 69019
5431 68535
5432 68974
5433 68696
5434 68774
5435 68688
5436 68470
5437 68339
5438 68853
5439 68765
5440 69049
5441 69385
5442 68879
5443 69055
5444 68499
5445 68847
5446 68715
5447 68621
5448 68783
5449 68521
5450 68907
5451 68663
5452 68608
5453 68664
5454 68508
5455 68070
5456 68687
5457 68700
5458 68170
5459 68405
5460 68458
5461 68610
5462 68163
5463 68547
5464 68793
5465 68216
5466 68532
5467 68205
5468 68479
5469 68234
5470 68138
5471 68469
5472 68218
5473 67874
5474 68205
5475 67974
5476 68132
5477 68426
5478 68277
5479 67987
5480 67716
5481 67982
5482 68136
5483 68178
5484 68459
5485 67635
5486 67939
5487 67644
5488 67842
5489 67623
5490 67506
5491 67153
5492 67676
5493 67441
5494 68074
5495 67420
5496 67647
5497 67760
5498 67547
5499 67588
5500 67777
5501 67729
5502 68068
5503 68194
5504 67665
5505 68409
5506 68441
5507 68158
5508 67932
5509 68311
5510 68134
5511 68286
5512 68081
5513 68274
5514 68738
5515 68439
5516 68607
5517 68654
5518 68577
5519 68313
5520 68628
5521 68619
5522 68749
5523 68319
5524 68809
5525 69199
5526 68591
5527 68899
5528 68777
5529 69026
5530 68324
5531 68507
5532 68853
5533 69235
5534 68923
5535 68504
5536 68713
5537 68974
5538 68906
5539 68917
5540 68822
5541 69072
5542 69022
5543 69052
5544 68280
5545 68791
5546 68858
5547 68952
5548 68932
5549 68973
5550 68790
5551 68664
5552 68820
5553 68887
5554 68640
5555 68747
5556 68726
5557 68765
5558 68370
5559 68819
5560 69086
5561 68904
5562 68395
5563 68846
5564 68726
5565 68571
5566 68623
5567 68616
5568 68695
5569 68292
5570 68487
5571 68332
5572 67986
5573 68073
5574 68820
5575 68709
5576 68269
5577 68522
5578 68003
5579 68083
5580 67903
5581 68494
5582 68387
5583 68127
5584 67996
5585 67986
5586 67807
5587 67809
5588 68120
5589 68209
5590 67550
5591 68223
5592 67850
5593 68004
5594 68479
5595 67843
5596 68119
5597 68140
5598 67939
5599 67904
5600 68357
5601 68159
5602 68654
5603 67826
5604 67703
5605 68306
5606 68495
5607 68518
5608 68425
5609 68492
5610 68486
5611 68620
5612 68381
5613 68639
5614 68855
5615 68662
5616 69012
5617 68748
5618 69018
5619 69066
5620 68863
5621 69043
5622 68676
5623 68689
5624 69570
5625 69204
5626 68950
5627 68930
5628 68931
5629 69251
5630 69025
5631 68843
5632 69351
5633 69091
5634 69004
5635 68743
5636 68891
5637 69764
5638 69395
5639 69057
5640 69319
5641 69464
5642 69436
5643 69395
5644 69107
5645 69406
5646 69312
5647 69424
5648 69384
5649 69258
5650 68856
5651 68719
5652 69024
5653 69498
5654 69370
5655 68706
5656 68969
5657 68917
5658 68825
5659 68770
5660 69199
5661 68810
5662 68686
5663 68652
5664 69178
5665 69228
5666 68828
5667 68727
5668 68622
5669 68712
5670 68391
5671 68839
5672 68639
5673 68547
5674 68585
5675 68819
5676 68510
5677 68474
5678 68623
5679 68569
5680 68607
5681 68612
5682 68338
5683 68322
5684 68435
5685 68660
5686 68493
5687 68513
5688 68137
5689 67995
5690 67995
5691 68061
5692 68023
5693 68616
5694 68094
5695 68195
5696 68102
5697 68418
5698 68382
5699 68655
5700 68364
5701 68456
5702 68492
5703 68475
5704 68443
5705 68536
5706 68595
5707 68761
5708 68276
5709 68501
5710 69282
5711 69104
5712 68578
5713 68855
5714 68801
5715 68916
5716 69019
5717 69050
5718 69608
5719 68922
5720 68886
5721 69035
5722 69211
5723 68987
5724 69815
5725 69526
5726 69087
5727 69127
5728 69451
5729 69739
5730 69489
5731 69718
5732 69509
5733 69407
5734 69830
5735 69816
5736 69875
5737 69574
5738 69566
5739 69511
5740 69384
5741 69411
5742 69742
5743 69629
5744 69000
5745 69830
5746 69358
5747 69677
5748 69439
5749 69887
5750 69635
5751 69241
5752 69585
5753 69073
5754 69416
5755 69980
5756 69111
5757 69425
5758 69510
5759 69605
5760 69546
5761 69282
5762 69743
5763 68710
5764 69140
5765 69207
5766 69483
5767 69734
5768 69070
5769 69208
5770 68971
5771 69603
5772 69267
5773 68706
5774 69230
5775 69218
5776 69079
5777 68867
5778 69046
5779 68641
5780 68663
5781 68481
5782 69282
5783 68691
5784 68823
5785 68637
5786 68729
5787 69179
5788 69006
5789 68359
5790 68763
5791 68707
5792 69078
5793 68737
5794 68911
5795 68743
5796 68562
5797 69157
5798 69031
5799 69040
5800 68521
5801 69225
5802 68883
5803 68884
5804 68896
5805 69122
5806 69189
5807 69358
5808 69014
5809 69387
5810 69252
5811 69336
5812 69066
5813 69102
5814 69400
5815 69686
5816 69724
5817 69539
5818 69779
5819 69608
5820 69341
5821 69744
5822 69469
5823 69794
5824 69291
5825 69536
5826 69573
5827 69730
5828 69519
5829 69501
5830 69620
5831 69398
5832 70032
5833 69628
5834 69790
5835 69485
5836 69883
5837 69735
5838 70130
5839 69795
5840 69969
5841 70203
5842 69914
5843 70087
5844 69635
5845 69749
5846 69933
5847 69697
5848 70216
5849 69739
5850 70291
5851 69434
5852 69442
5853 69272
5854 69421
5855 69366
5856 69550
5857 69490
5858 69318
5859 69610
5860 69690
5861 69410
5862 69640
5863 69849
5864 69485
5865 69439
5866 69589
5867 69639
5868 69348
5869 69343
5870 69373
5871 69430
5872 69287
5873 69007
5874 68978
5875 69375
5876 69032
5877 69249
5878 69299
5879 68726
5880 69155
5881 69229
5882 68702
5883 68924
5884 68532
5885 68756
5886 68659
5887 68793
5888 69347
5889 68815
5890 68651
5891 68597
5892 68638
5893 68939
5894 69030
5895 68768
5896 68684
5897 69106
5898 68832
5899 68979
5900 68970
5901 69192
5902 68906
5903 69173
5904 68814
5905 69359
5906 68993
5907 68960
5908 68907
5909 68653
5910 69034
5911 68998
5912 69012
5913 69534
5914 69257
5915 69489
5916 69600
5917 69366
5918 69726
5919 69649
5920 69624
5921 69463
5922 70001
5923 69761
5924 68973
5925 69561
5926 70040
5927 69924
5928 69770
5929 69312
5930 70082
5931 69643
5932 69348
5933 70048
5934 70065
5935 69922
5936 69688
5937 69925
5938 70147
5939 69944
5940 69565
5941 70101
5942 69978
5943 69910
5944 69865
5945 69818
5946 70099
5947 70183
5948 69999
5949 69959
5950 69959
5951 69401
5952 69702
5953 69605
5954 68936
5955 69384
5956 69648
5957 69711
5958 69636
5959 69598
5960 69565
5961 69361
5962 69242
5963 69217
5964 69618
5965 69364
5966 69933
5967 69473
5968 69097
5969 69072
5970 69501
5971 69101
5972 69260
5973 68942
5974 69185
5975 69167
5976 69366
5977 69026
5978 69215
5979 68839
5980 68896
5981 69205
5982 68764
5983 69138
5984 68538
5985 68991
5986 68989
5987 68962
5988 68909
5989 68568
5990 68468
5991 68667
5992 68680
5993 68576
5994 68968
5995 68100
5996 69228
5997 69328
5998 68667
5999 68743
6000 68985
6001 68986
6002 68714
6003 68562
6004 68885
6005 69484
6006 69170
6007 68900
6008 68916
6009 69255
6010 69167
6011 69148
6012 69273
6013 69308
6014 68902
6015 69691
6016 69336
6017 69241
6018 69590
6019 69181
6020 69228
6021 69221
6022 69480
6023 69714
6024 69173
6025 69067
6026 69447
6027 69492
6028 69541
6029 69787
6030 69178
6031 69787
6032 69540
6033 69535
6034 69530
6035 69767
6036 69855
6037 69576
6038 70142
6039 69875
6040 69922
6041 70255
6042 70029
6043 70169
6044 70075
6045 69970
6046 69783
6047 69802
6048 69968
6049 70115
6050 70009
6051 69711
6052 69399
6053 69882
6054 69725
6055 70025
6056 69412
6057 69272
6058 69532
6059 69609
6060 69577
6061 69395
6062 69376
6063 69481
6064 69982
6065 69366
6066 69471
6067 69463
6068 69013
6069 69838
6070 69369
6071 69701
6072 69415
6073 69382
6074 69506
6075 69185
6076 69183
6077 69015
6078 69111
6079 69157
6080 68961
6081 69043
6082 68919
6083 68558
6084 68635
6085 68953
6086 69046
6087 68696
6088 68878
6089 68928
6090 68680
6091 68861
6092 68649
6093 68689
6094 68614
6095 68920
6096 68913
6097 68804
6098 68502
6099 68713
6100 68709
6101 68781
6102 68942
6103 68917
6104 68591
6105 68826
6106 69080
6107 68854
6108 69111
6109 68888
6110 69212
6111 68835
6112 68643
6113 69305
6114 68995
6115 69000
6116 69132
6117 69577
6118 68978
6119 68939
6120 69803
6121 69715
6122 69501
6123 69206
6124 69591
6125 69629
6126 68990
6127 69540
6128 69793
6129 69695
6130 69521
6131 69392
6132 69354
6133 69553
6134 69780
6135 69497
6136 69363
6137 69755
6138 69278
6139 69409
6140 69695
6141 69915
6142 69368
6143 69823
6144 69846
6145 69456
6146 69705
6147 69852
6148 69580
6149 69673
6150 69643
6151 69141
6152 69306
6153 69124
6154 69281
6155 69369
6156 69360
6157 69279
6158 69996
6159 69236
6160 69409
6161 69117
6162 69325
6163 69655
6164 69442
6165 69556
6166 69121
6167 68959
6168 69168
6169 69208
6170 69223
6171 68841
6172 69144
6173 69221
6174 69211
6175 68623
6176 68971
6177 68986
6178 68742
6179 68683
6180 68577
6181 69091
6182 68585
6183 69159
6184 68627
6185 68619
6186 68199
6187 68382
6188 68841
6189 68594
6190 68268
6191 68275
6192 68391
6193 68704
6194 68280
6195 68876
6196 68588
6197 68372
6198 68438
6199 68861
6200 68510
6201 69100
6202 68592
6203 69390
6204 69280
6205 69012
6206 68521
6207 69364
6208 68482
6209 69391
6210 69458
6211 69030
6212 69151
6213 69425
6214 69233
6215 68791
6216 68947
6217 69471
6218 69469
6219 69641
6220 69703
6221 69567
6222 69511
6223 69541
6224 68905
6225 69533
6226 69267
6227 69704
6228 69396
6229 69516
6230 69782
6231 69672
6232 69956
6233 70050
6234 69666
6235 69832
6236 69439
6237 69756
6238 69703
6239 70245
6240 69825
6241 69730
6242 69920
6243 69381
6244 70215
6245 69479
6246 69810
6247 70119
6248 69863
6249 69567
6250 69526
6251 69527
6252 69011
6253 69514
6254 69792
6255 70175
6256 69868
6257 69790
6258 69633
6259 69354
6260 69748
6261 69695
6262 69448
6263 69454
6264 69496
6265 69344
6266 69702
6267 69436
6268 69620
6269 69266
6270 69075
6271 69451
6272 68999
6273 69389
6274 69322
6275 69041
6276 68847
6277 69266
6278 69140
6279 68489
6280 69326
6281 68754
6282 68746
6283 68877
6284 69033
6285 68831
6286 69146
6287 68961
6288 68641
6289 68883
6290 68443
6291 69071
6292 68392
6293 68637
6294 68904
6295 68710
6296 68201
6297 69046
6298 69113
6299 68696
6300 69114
6301 69169
6302 68582
6303 69185
6304 68815
6305 68804
6306 69346
6307 69025
6308 68839
6309 69286
6310 69539
6311 69190
6312 69462
6313 69393
6314 69392
6315 69545
6316 69305
6317 69741
6318 69511
6319 69824
6320 69863
6321 69376
6322 69637
6323 69788
6324 69740
6325 69977
6326 70030
6327 70212
6328 69682
6329 69442
6330 69901
6331 69882
6332 69654
6333 70060
6334 70302
6335 69787
6336 70251
6337 69904
6338 70401
6339 70289
6340 70199
6341 69975
6342 69796
6343 69904
6344 69940
6345 69525
6346 70271
6347 70245
6348 70208
6349 69770
6350 69831
6351 70073
6352 69975
6353 69669
6354 69960
6355 69901
6356 69675
6357 70085
6358 69746
6359 70035
6360 69974
6361 69703
6362 69968
6363 69754
6364 70369
6365 69776
6366 70014
6367 69716
6368 69680
6369 69726
6370 69770
6371 69295
6372 69301
6373 69776
6374 69678
6375 69574
6376 69308
6377 69068
6378 69538
6379 69642
6380 69430
6381 69515
6382 69409
6383 69129
6384 69393
6385 69124
6386 69167
6387 69139
6388 68867
6389 69176
6390 69078
6391 68720
6392 69227
6393 69005
6394 68858
6395 69189
6396 68978
6397 69035
6398 69152
6399 69544
6400 69353
6401 69290
6402 69562
6403 69190
6404 68958
6405 69328
6406 69218
6407 69551
6408 69485
6409 69702
6410 70106
6411 69338
6412 69268
6413 69889
6414 69772
6415 69731
6416 69780
6417 69752
6418 70055
6419 70100
6420 69882
6421 69927
6422 69505
6423 69317
6424 70513
6425 69515
6426 69869
6427 70312
6428 69979
6429 70104
6430 70380
6431 69977
6432 69782
6433 70172
6434 69767
6435 70617
6436 70303
6437 70160
6438 70246
6439 70539
6440 70549
6441 70640
6442 70599
6443 70463
6444 71003
6445 70348
6446 70413
6447 70886
6448 70632
6449 70029
6450 70385
6451 70487
6452 70201
6453 70248
6454 70189
6455 70063
6456 69942
6457 70226
6458 70027
6459 70193
6460 69972
6461 69828
6462 69742
6463 70119
6464 69943
6465 70248
6466 70165
6467 70075
6468 70008
6469 69769
6470 69872
6471 70272
6472 69804
6473 70127
6474 70018
6475 69981
6476 69751
6477 69661
6478 69565
6479 69554
6480 69617
6481 69579
6482 69748
6483 69113
6484 69083
6485 69790
6486 69533
6487 69273
6488 69428
6489 69307
6490 69459
6491 69821
6492 69203
6493 69069
6494 69271
6495 69253
6496 69493
6497 69791
6498 69500
6499 69639
6500 69668
6501 69347
6502 69422
6503 69749
6504 69478
6505 69592
6506 69783
6507 69918
6508 69851
6509 69775
6510 70070
6511 69514
6512 69902
6513 69883
6514 69333
6515 69854
6516 69926
6517 70105
6518 70494
6519 70086
6520 70164
6521 70278
6522 70426
6523 70447
6524 70489
6525 70468
6526 70530
6527 70448
6528 70126
6529 70398
6530 70271
6531 70475
6532 70302
6533 70370
6534 70181
6535 70344
6536 70166
6537 70840
6538 70301
6539 70505
6540 70512
6541 70676
6542 70891
6543 70327
6544 70566
6545 70068
6546 70078
6547 70447
6548 70410
6549 70598
6550 70338
6551 70273
6552 70214
6553 70191
6554 70186
6555 70326
6556 70501
6557 69925
6558 69971
6559 70441
6560 70061
6561 70580
6562 69788
6563 70429
6564 70472
6565 70691
6566 70348
6567 70188
6568 69968
6569 70064
6570 69859
6571 69745
6572 70132
6573 70041
6574 70370
6575 70316
6576 70058
6577 69999
6578 69851
6579 69616
6580 69934
6581 69857
6582 69664
6583 70159
6584 69858
6585 69580
6586 69780
6587 69592
6588 69818
6589 69472
6590 70050
6591 69988
6592 69897
6593 69755
6594 69995
6595 69708
6596 69501
6597 69999
6598 70094
6599 69953
6600 69724
6601 70078
6602 70156
6603 69740
6604 69889
6605 69688
6606 70056
6607 70716
6608 70258
6609 70471
6610 70118
6611 70324
6612 70469
6613 70752
6614 70508
6615 70538
6616 70646
6617 70541
6618 70510
6619 70139
6620 70434
6621 70544
6622 70533
6623 70116
6624 70690
6625 70467
6626 70665
6627 70548
6628 70634
6629 70562
6630 70652
6631 70749
6632 70574
6633 70908
6634 70984
6635 71159
6636 71108
6637 71007
6638 71166
6639 70934
6640 70838
6641 70791
6642 70835
6643 71286
6644 70768
6645 71034
6646 70590
6647 70694
6648 70754
6649 70495
6650 70899
6651 70495
6652 70487
6653 70692
6654 70459
6655 70653
6656 70380
6657 70582
6658 70728
6659 71008
6660 70615
6661 71008
6662 70377
6663 70423
6664 70976
6665 70847
6666 70785
6667 70478
6668 70392
6669 70331
6670 70494
6671 70275
6672 70342
6673 69987
6674 70173
6675 70213
6676 70009
6677 69942
6678 70487
6679 70466
6680 70319
6681 70461
6682 70113
6683 69940
6684 70117
6685 70362
6686 70080
6687 69489
6688 70009
6689 69649
6690 70134
6691 69685
6692 69672
6693 69731
6694 70003
6695 70261
6696 70103
6697 69740
6698 69827
6699 70499
6700 70034
6701 70182
6702 69902
6703 70399
6704 70129
6705 69900
6706 70169
6707 69878
6708 70491
6709 70353
6710 70590
6711 70513
6712 70385
6713 70606
6714 70451
6715 70774
6716 70638
6717 71231
6718 70999
6719 70842
6720 70676
6721 71219
6722 70675
6723 70835
6724 70483
6725 70690
6726 70969
6727 70545
6728 70365
6729 70622
6730 70879
6731 71036
6732 70700
6733 70565
6734 70757
6735 70840
6736 71026
6737 71006
6738 71075
6739 70654
6740 71128
6741 71199
6742 71274
6743 71082
6744 70830
6745 71044
6746 71231
6747 70407
6748 71058
6749 71191
6750 70840
6751 71207
6752 71551
6753 70843
6754 71135
6755 71139
6756 70632
6757 70729
6758 70825
6759 71106
6760 70833
6761 70734
6762 70875
6763 70676
6764 71020
6765 70838
6766 71150
6767 70834
6768 70401
6769 70495
6770 70545
6771 70743
6772 70485
6773 69993
6774 70258
6775 70490
6776 70179
6777 70555
6778 70386
6779 70058
6780 69611
6781 70560
6782 70127
6783 70445
6784 69984
6785 70724
6786 70680
6787 70313
6788 70055
6789 69925
6790 69630
6791 70381
6792 70230
6793 70086
6794 70161
6795 69733
6796 70417
6797 70487
6798 70791
6799 70013
6800 69934
6801 69741
6802 70202
6803 70138
6804 70250
6805 69713
6806 70020
6807 69788
6808 70415
6809 70203
6810 70272
6811 70361
6812 70263
6813 70492
6814 70374
6815 70445
6816 70589
6817 71091
6818 70844
6819 70300
6820 70864
6821 70611
6822 70402
6823 70772
6824 70537
