H11890
GateTime 10
GateNumber 0
SN 30430302
0 66297
1 66076
2 66039
3 66621
4 67002
5 67046
6 66716
7 67052
8 67438
9 67209
10 67347
11 67364
12 67245
13 67733
14 67750
15 67950
16 67592
17 67707
18 67954
19 68224
20 68575
21 68273
22 68165
23 68032
24 68117
25 68210
26 68101
27 67966
28 67874
29 67728
30 68150
31 68052
32 67795
33 68282
34 67635
35 67658
36 67928
37 68032
38 67939
39 68510
40 67836
41 68214
42 68437
43 68076
44 68214
45 68023
46 68418
47 67695
48 67770
49 67945
50 67420
51 67165
52 66874
53 66787
54 67214
55 67103
56 66781
57 66961
58 66337
59 66415
60 66246
61 66597
62 66291
63 66020
64 65879
65 65784
66 66380
67 66321
68 65825
69 65635
70 65257
71 65270
72 65580
73 65162
74 65004
75 65491
76 65462
77 65104
78 65098
79 64685
80 65040
81 65080
82 64871
83 64809
84 65073
85 64895
86 65252
87 65199
88 65060
89 65384
90 65478
91 65433
92 65515
93 65637
94 65344
95 65704
96 65522
97 65938
98 66116
99 66304
100 66574
101 66526
102 66784
103 66510
104 66491
105 66361
106 66964
107 67249
108 67035
109 67010
110 67418
111 67861
112 67404
113 67878
114 67489
115 67762
116 67787
117 67358
118 67841
119 68019
120 67675
121 68065
122 68099
123 67651
124 67921
125 68083
126 68136
127 67419
128 67398
129 67006
130 67012
131 67541
132 67463
133 67811
134 67938
135 67778
136 68081
137 67734
138 67911
139 68140
140 67710
141 67707
142 67687
143 68026
144 68152
145 67538
146 67431
147 67317
148 67757
149 67511
150 67237
151 66663
152 66795
153 66661
154 66725
155 66202
156 66390
157 66101
158 66495
159 65891
160 66007
161 66102
162 65437
163 65286
164 65561
165 65283
166 65166
167 64836
168 65427
169 65054
170 64954
171 65076
172 64739
173 65256
174 64498
175 64775
176 64492
177 64243
178 64212
179 64245
180 64291
181 64238
182 64190
183 64517
184 64456
185 64508
186 64516
187 64475
188 64511
189 64519
190 64820
191 64888
192 65076
193 64499
194 65215
195 65072
196 65251
197 65621
198 65443
199 65342
200 65826
201 65800
202 65840
203 66244
204 66219
205 66267
206 66127
207 66286
208 66885
209 66289
210 66687
211 66503
212 67066
213 66906
214 66827
215 67328
216 67603
217 67376
218 67895
219 67259
220 67097
221 67239
222 67523
223 67328
224 66883
225 66723
226 67313
227 66561
228 67277
229 66987
230 66899
231 66650
232 67124
233 67078
234 67431
235 66898
236 67147
237 67383
238 67047
239 67217
240 67327
241 67387
242 67256
243 66862
244 66964
245 66803
246 66782
247 67168
248 66744
249 66601
250 66221
251 66165
252 66067
253 66089
254 65924
255 65824
256 65768
257 65775
258 65209
259 65384
260 65360
261 65279
262 64861
263 64939
264 64843
265 64953
266 65103
267 64723
268 64664
269 64217
270 64445
271 64213
272 64368
273 64273
274 63965
275 64157
276 63634
277 63678
278 63838
279 63826
280 63511
281 64052
282 63690
283 63536
284 63907
285 64311
286 63537
287 63926
288 63544
289 64066
290 64258
291 64472
292 64216
293 64383
294 64481
295 64636
296 64705
297 64965
298 64808
299 64505
300 65088
301 65385
302 65252
303 65414
304 65398
305 65397
306 66099
307 65713
308 66174
309 65781
310 66221
311 66118
312 66356
313 65668
314 66430
315 66624
316 66508
317 67158
318 66247
319 66752
320 66745
321 66570
322 66761
323 66884
324 66432
325 66318
326 66262
327 66419
328 66190
329 66305
330 66393
331 66509
332 66484
333 66222
334 66570
335 66463
336 66842
337 66585
338 66264
339 66941
340 66745
341 66674
342 66576
343 66956
344 66254
345 66601
346 66380
347 65920
348 66348
349 66049
350 65844
351 65591
352 65613
353 65803
354 65692
355 65436
356 65051
357 65238
358 65184
359 65222
360 64915
361 64779
362 64614
363 64650
364 64193
365 64083
366 64266
367 63926
368 63822
369 64107
370 63877
371 63983
372 63635
373 63826
374 64176
375 63504
376 63409
377 63587
378 63335
379 63023
380 63348
381 63020
382 63959
383 63725
384 63698
385 63480
386 64038
387 63431
388 63737
389 63791
390 64253
391 63893
392 64373
393 63815
394 64217
395 64358
396 64074
397 64751
398 64731
399 64691
400 64977
401 65319
402 65026
403 64962
404 65228
405 65588
406 65558
407 65440
408 66169
409 66227
410 65970
411 66013
412 65928
413 66521
414 66327
415 66634
416 66483
417 66860
418 66543
419 66503
420 67074
421 66348
422 66741
423 66440
424 66367
425 66952
426 66527
427 66379
428 66365
429 65706
430 66098
431 65957
432 66721
433 65872
434 66483
435 66422
436 66478
437 66402
438 66902
439 66660
440 66475
441 66465
442 66118
443 66310
444 66473
445 66118
446 66472
447 66233
448 65971
449 66449
450 66178
451 66096
452 65800
453 65804
454 65958
455 65408
456 65224
457 65013
458 65598
459 64335
460 64842
461 64997
462 64518
463 64418
464 64287
465 64099
466 63958
467 63690
468 63936
469 63947
470 63843
471 63530
472 63615
473 63588
474 63168
475 63846
476 63037
477 63161
478 63072
479 62906
480 63337
481 63369
482 63102
483 63460
484 63004
485 63708
486 63954
487 63711
488 63425
489 63851
490 63567
491 63666
492 64189
493 63854
494 64197
495 64056
496 64322
497 64279
498 64286
499 64300
500 64439
501 64840
502 64551
503 64902
504 65071
505 65003
506 65269
507 65197
508 65449
509 65501
510 65943
511 65937
512 65697
513 65782
514 65890
515 65835
516 65957
517 66140
518 66055
519 66367
520 66110
521 66511
522 66622
523 65956
524 65913
525 65653
526 65923
527 65654
528 65503
529 66016
530 65271
531 65422
532 65885
533 66083
534 65876
535 65969
536 65911
537 65867
538 65938
539 65939
540 66297
541 65737
542 65882
543 65789
544 65648
545 65604
546 65713
547 65924
548 65630
549 65521
550 65189
551 64975
552 65054
553 64908
554 64833
555 64649
556 64793
557 64380
558 63863
559 64187
560 64095
561 63880
562 63769
563 63833
564 63727
565 63885
566 63598
567 63260
568 63533
569 63272
570 63325
571 63017
572 63170
573 63121
574 62918
575 62716
576 62954
577 62593
578 62553
579 62417
580 62349
581 62621
582 62623
583 62733
584 63030
585 62709
586 62950
587 62726
588 62931
589 62999
590 63333
591 63419
592 63040
593 63191
594 63465
595 63487
596 63390
597 63319
598 63584
599 63993
600 63818
601 63889
602 64041
603 64237
604 64359
605 64653
606 64710
607 64505
608 64725
609 64635
610 64913
611 65081
612 64592
613 65318
614 65362
615 65648
616 65265
617 66236
618 65659
619 65404
620 65497
621 65147
622 65467
623 65304
624 64933
625 65280
626 65086
627 65445
628 65293
629 65066
630 64854
631 65024
632 64908
633 65443
634 65355
635 65324
636 64990
637 65710
638 64897
639 65319
640 65182
641 65372
642 65007
643 65328
644 65229
645 64906
646 65070
647 64584
648 64690
649 64832
650 64883
651 64457
652 64193
653 64340
654 64326
655 64117
656 64147
657 63826
658 63989
659 63596
660 63790
661 63281
662 63394
663 63134
664 63192
665 63405
666 62738
667 63028
668 62595
669 62637
670 62711
671 62754
672 62235
673 62362
674 62474
675 62057
676 62187
677 62353
678 61667
679 61833
680 62269
681 62070
682 62097
683 62017
684 62137
685 61922
686 62282
687 62258
688 62417
689 62572
690 62463
691 62992
692 62459
693 62372
694 63195
695 62916
696 63082
697 63048
698 63001
699 63068
700 63494
701 63591
702 63461
703 63646
704 63723
705 64092
706 64131
707 63638
708 64291
709 64170
710 64311
711 64526
712 64582
713 64680
714 64656
715 64715
716 64525
717 65251
718 64962
719 64906
720 65296
721 64602
722 64896
723 64431
724 64471
725 64646
726 64851
727 64326
728 64435
729 64168
730 64277
731 64100
732 64434
733 64232
734 64428
735 64556
736 64652
737 64823
738 64813
739 64380
740 65072
741 64900
742 64966
743 64873
744 64881
745 65101
746 64510
747 64363
748 64385
749 64192
750 64629
751 64369
752 64122
753 63881
754 63487
755 63598
756 63777
757 63283
758 63643
759 63232
760 63139
761 62942
762 62994
763 62778
764 62919
765 62511
766 62496
767 62732
768 62691
769 62209
770 61855
771 61763
772 62205
773 61716
774 61769
775 61612
776 61697
777 61263
778 61523
779 61147
780 61347
781 61946
782 62247
783 61698
784 61451
785 61899
786 61611
787 61750
788 61904
789 62058
790 61891
791 62139
792 61771
793 62568
794 62528
795 62760
796 62982
797 62798
798 62973
799 62928
800 62504
801 63105
802 62875
803 63369
804 63201
805 63936
806 63348
807 63236
808 63770
809 63677
810 63530
811 63840
812 64031
813 64193
814 63816
815 64178
816 63881
817 63952
818 64219
819 64228
820 64207
821 64237
822 64476
823 64588
824 63874
825 63901
826 64403
827 64130
828 63550
829 63621
830 63717
831 63669
832 63750
833 64164
834 64095
835 64231
836 64001
837 63886
838 63843
839 63908
840 64120
841 64031
842 64167
843 64154
844 63676
845 63988
846 64004
847 63881
848 63783
849 63488
850 63305
851 63664
852 63589
853 63423
854 62972
855 63073
856 62640
857 62830
858 62680
859 62928
860 62567
861 62243
862 62263
863 62292
864 62087
865 62172
866 61591
867 61917
868 61892
869 61850
870 61509
871 61756
872 61783
873 61358
874 61285
875 61125
876 61167
877 61296
878 61254
879 60728
880 60838
881 61132
882 61229
883 61072
884 61422
885 61611
886 61800
887 61601
888 61653
889 61557
890 61629
891 61562
892 61737
893 62118
894 61607
895 62038
896 62166
897 61944
898 62143
899 62261
900 62682
901 61910
902 62719
903 62684
904 62582
905 62692
906 62813
907 63203
908 63237
909 63440
910 63639
911 63736
912 63585
913 63496
914 63917
915 63275
916 63632
917 63891
918 63584
919 63236
920 63758
921 63693
922 63540
923 63704
924 63949
925 63462
926 63602
927 62896
928 62977
929 63135
930 62465
931 63408
932 63229
933 62939
934 63435
935 63535
936 63472
937 63627
938 63266
939 63233
940 63551
941 64172
942 63908
943 63346
944 63218
945 63453
946 63826
947 63735
948 63584
949 62804
950 63440
951 63396
952 62964
953 62693
954 62841
955 63222
956 63215
957 62807
958 62956
959 61926
960 62131
961 62134
962 61614
963 61859
964 61910
965 62192
966 61510
967 61893
968 61840
969 61514
970 61275
971 61230
972 61043
973 61022
974 61190
975 61235
976 61105
977 60835
978 60890
979 60834
980 61000
981 60569
982 61162
983 60959
984 60634
985 61088
986 61241
987 61252
988 61630
989 61254
990 61469
991 61579
992 61520
993 61606
994 61795
995 61525
996 62079
997 61966
998 62403
999 62197
1000 62257
1001 62416
1002 62507
1003 62880
1004 62818
1005 62784
1006 62776
1007 63194
1008 63126
1009 63362
1010 63180
1011 63286
1012 63380
1013 63458
1014 63649
1015 63219
1016 63633
1017 63931
1018 64293
1019 63407
1020 63480
1021 63304
1022 63176
1023 63478
1024 63336
1025 62847
1026 63374
1027 62971
1028 62561
1029 62823
1030 62738
1031 63028
1032 63356
1033 62859
1034 63172
1035 63274
1036 63162
1037 63068
1038 63262
1039 63327
1040 63198
1041 63451
1042 63786
1043 63290
1044 63508
1045 63384
1046 62989
1047 63081
1048 63034
1049 63059
1050 62918
1051 63492
1052 63083
1053 62921
1054 62804
1055 62486
1056 62618
1057 62718
1058 62408
1059 62346
1060 62741
1061 61940
1062 62542
1063 61794
1064 61377
1065 62020
1066 61837
1067 61729
1068 61509
1069 61234
1070 61373
1071 61159
1072 61486
1073 61182
1074 60995
1075 61029
1076 61271
1077 60655
1078 60813
1079 60968
1080 60609
1081 60956
1082 60463
1083 60635
1084 61257
1085 61226
1086 60889
1087 61299
1088 61665
1089 60831
1090 61239
1091 61739
1092 61722
1093 61697
1094 61348
1095 61932
1096 61667
1097 61904
1098 62273
1099 62234
1100 62376
1101 61933
1102 62345
1103 62515
1104 62364
1105 62638
1106 62851
1107 63112
1108 63057
1109 63078
1110 63386
1111 62897
1112 63246
1113 63164
1114 63181
1115 63058
1116 63773
1117 63712
1118 63043
1119 63297
1120 63586
1121 63544
1122 63556
1123 63563
1124 63150
1125 63325
1126 63452
1127 62739
1128 62991
1129 62416
1130 62598
1131 62749
1132 63035
1133 62914
1134 63102
1135 63142
1136 63337
1137 63412
1138 63432
1139 63472
1140 63338
1141 63761
1142 63406
1143 63640
1144 63476
1145 63090
1146 63230
1147 63222
1148 62901
1149 63217
1150 63180
1151 62963
1152 62755
1153 62733
1154 62849
1155 62555
1156 62494
1157 62560
1158 62596
1159 62476
1160 62186
1161 62177
1162 61946
1163 61993
1164 62005
1165 61394
1166 61327
1167 61719
1168 61017
1169 61329
1170 61314
1171 61487
1172 61296
1173 61177
1174 60546
1175 60845
1176 60464
1177 60879
1178 60892
1179 60516
1180 60825
1181 60559
1182 61061
1183 60461
1184 60871
1185 60988
1186 61096
1187 60486
1188 60816
1189 60986
1190 61175
1191 61198
1192 61084
1193 61509
1194 61977
1195 61189
1196 61544
1197 61640
1198 61569
1199 61687
1200 62243
1201 61817
1202 62177
1203 61719
1204 62292
1205 62631
1206 62108
1207 62823
1208 62788
1209 63017
1210 62730
1211 62880
1212 63113
1213 63128
1214 63449
1215 63092
1216 63417
1217 63035
1218 63398
1219 63008
1220 63340
1221 63577
1222 63290
1223 63236
1224 63007
1225 62974
1226 63121
1227 63033
1228 62916
1229 62437
1230 62485
1231 62778
1232 63213
1233 63006
1234 62435
1235 63223
1236 62959
1237 63229
1238 63130
1239 63358
1240 63344
1241 63093
1242 63251
1243 63489
1244 63193
1245 63406
1246 63062
1247 62545
1248 62768
1249 62997
1250 63039
1251 62400
1252 62286
1253 62370
1254 62520
1255 62800
1256 62320
1257 62295
1258 62020
1259 62354
1260 61959
1261 62154
1262 61505
1263 61656
1264 61462
1265 61479
1266 61100
1267 61335
1268 61121
1269 61115
1270 61233
1271 60898
1272 60919
1273 61236
1274 60650
1275 60757
1276 60695
1277 60226
1278 60417
1279 60883
1280 60181
1281 60660
1282 60458
1283 60550
1284 60358
1285 60669
1286 61035
1287 60836
1288 61274
1289 60728
1290 60912
1291 61438
1292 61184
1293 61318
1294 61387
1295 61554
1296 61498
1297 61682
1298 61418
1299 61963
1300 61920
1301 61947
1302 61822
1303 62566
1304 62179
1305 62530
1306 62556
1307 62403
1308 62611
1309 62604
1310 62755
1311 62903
1312 62832
1313 63073
1314 62821
1315 63293
1316 63263
1317 63278
1318 63679
1319 63190
1320 63277
1321 62954
1322 63306
1323 63740
1324 62929
1325 63197
1326 62988
1327 62918
1328 63062
1329 62710
1330 63066
1331 63368
1332 63131
1333 63268
1334 62709
1335 63067
1336 63176
1337 62555
1338 63346
1339 63030
1340 63192
1341 63230
1342 63365
1343 62952
1344 62929
1345 63393
1346 63006
1347 63237
1348 63229
1349 62651
1350 63201
1351 62431
1352 62275
1353 62478
1354 62639
1355 62277
1356 62209
1357 62673
1358 61998
1359 62308
1360 62225
1361 61650
1362 61844
1363 61389
1364 61706
1365 61685
1366 61177
1367 61705
1368 61568
1369 60987
1370 61048
1371 61480
1372 61232
1373 60624
1374 61307
1375 60609
1376 60671
1377 60669
1378 60453
1379 60707
1380 60703
1381 60463
1382 60792
1383 61105
1384 61111
1385 60967
1386 60928
1387 60625
1388 61019
1389 61115
1390 61311
1391 61411
1392 61296
1393 61643
1394 61296
1395 61779
1396 61561
1397 61567
1398 61542
1399 61888
1400 61847
1401 61579
1402 62084
1403 61955
1404 62297
1405 62333
1406 62825
1407 62487
1408 62871
1409 63156
1410 62616
1411 62641
1412 63181
1413 62860
1414 63097
1415 63485
1416 63147
1417 62781
1418 63072
1419 63043
1420 63369
1421 63044
1422 63135
1423 63142
1424 63160
1425 63210
1426 62863
1427 62977
1428 62870
1429 62968
1430 62776
1431 62959
1432 62628
1433 62907
1434 62909
1435 63291
1436 63035
1437 63285
1438 63065
1439 63352
1440 63300
1441 63279
1442 63714
1443 63834
1444 63351
1445 63369
1446 63183
1447 62959
1448 63275
1449 63253
1450 62763
1451 63261
1452 63163
1453 62482
1454 62798
1455 62836
1456 62899
1457 62423
1458 62176
1459 62430
1460 62047
1461 62357
1462 61715
1463 61815
1464 61794
1465 61749
1466 61799
1467 61256
1468 61330
1469 61152
1470 61109
1471 60994
1472 61288
1473 61182
1474 60859
1475 61179
1476 60828
1477 60672
1478 60957
1479 60702
1480 60278
1481 60653
1482 60931
1483 60889
1484 60802
1485 60471
1486 61036
1487 60953
1488 60987
1489 61345
1490 61237
1491 61136
1492 61547
1493 61438
1494 61515
1495 61958
1496 61824
1497 61955
1498 61721
1499 62076
1500 61957
1501 62354
1502 62339
1503 62860
1504 62378
1505 62435
1506 62614
1507 62957
1508 62849
1509 62847
1510 63117
1511 62903
1512 63347
1513 63492
1514 63134
1515 63132
1516 63357
1517 62955
1518 63456
1519 63219
1520 63510
1521 63262
1522 63109
1523 63561
1524 63164
1525 62874
1526 63219
1527 63013
1528 62927
1529 62978
1530 62469
1531 62929
1532 63460
1533 63304
1534 63046
1535 62983
1536 62815
1537 62950
1538 63064
1539 63378
1540 63373
1541 63009
1542 63218
1543 63133
1544 63272
1545 63134
1546 63501
1547 63065
1548 62960
1549 62966
1550 63288
1551 62981
1552 62432
1553 62799
1554 62710
1555 63012
1556 63240
1557 62468
1558 61880
1559 61973
1560 62376
1561 62203
1562 62039
1563 62078
1564 62194
1565 61966
1566 61662
1567 61659
1568 61290
1569 61432
1570 61327
1571 61140
1572 61402
1573 61255
1574 60919
1575 61193
1576 60775
1577 60270
1578 60894
1579 60448
1580 60878
1581 60602
1582 60616
1583 60904
1584 61311
1585 61099
1586 61074
1587 61088
1588 61199
1589 61147
1590 61562
1591 61526
1592 61621
1593 61686
1594 61617
1595 61755
1596 62113
1597 61806
1598 61993
1599 62184
1600 62104
1601 62196
1602 61921
1603 62526
1604 63112
1605 62554
1606 62781
1607 62955
1608 62739
1609 62778
1610 63087
1611 63087
1612 63012
1613 63291
1614 63716
1615 63563
1616 63520
1617 63557
1618 63804
1619 63714
1620 63378
1621 63707
1622 63483
1623 63335
1624 63259
1625 63278
1626 63122
1627 63586
1628 63237
1629 62849
1630 63289
1631 63222
1632 63560
1633 63536
1634 63498
1635 63411
1636 63812
1637 63242
1638 63419
1639 63385
1640 63988
1641 64014
1642 63729
1643 63754
1644 63396
1645 63290
1646 63370
1647 63647
1648 63480
1649 63334
1650 63160
1651 63324
1652 62815
1653 62789
1654 63177
1655 62531
1656 62829
1657 62550
1658 62308
1659 62787
1660 62428
1661 62058
1662 62250
1663 62211
1664 62173
1665 61970
1666 62121
1667 61665
1668 61408
1669 61584
1670 61507
1671 61235
1672 61401
1673 61324
1674 60951
1675 61577
1676 61209
1677 60852
1678 60972
1679 61158
1680 61186
1681 60991
1682 61115
1683 61277
1684 61352
1685 61033
1686 61023
1687 61501
1688 61571
1689 61252
1690 61730
1691 61445
1692 61827
1693 61831
1694 61331
1695 62372
1696 61683
1697 62022
1698 61824
1699 62559
1700 62020
1701 62248
1702 62554
1703 62670
1704 62704
1705 63064
1706 63299
1707 62996
1708 62594
1709 63560
1710 63392
1711 63421
1712 63676
1713 63652
1714 64052
1715 63426
1716 63624
1717 63920
1718 63886
1719 63814
1720 63754
1721 63479
1722 63830
1723 63776
1724 63838
1725 63829
1726 63757
1727 63048
1728 63358
1729 63280
1730 63285
1731 63124
1732 63317
1733 63625
1734 64029
1735 63729
1736 63392
1737 64023
1738 63767
1739 63954
1740 64121
1741 63886
1742 64344
1743 63959
1744 64082
1745 63816
1746 63245
1747 63516
1748 63477
1749 63651
1750 63266
1751 62820
1752 63257
1753 62824
1754 63153
1755 62834
1756 62939
1757 62499
1758 62663
1759 62353
1760 62694
1761 62231
1762 62222
1763 61900
1764 61728
1765 62602
1766 61340
1767 61637
1768 61808
1769 61801
1770 61660
1771 61243
1772 61629
1773 61343
1774 61117
1775 61324
1776 61373
1777 61028
1778 61267
1779 61016
1780 61137
1781 61091
1782 61228
1783 61240
1784 61378
1785 61006
1786 61277
1787 60964
1788 61669
1789 61545
1790 61335
1791 61745
1792 61975
1793 61515
1794 61787
1795 62121
1796 62125
1797 61738
1798 62562
1799 62463
1800 61998
1801 63007
1802 62186
1803 62720
1804 63368
1805 62974
1806 63097
1807 63205
1808 62967
1809 63886
1810 63739
1811 63586
1812 63822
1813 63335
1814 63786
1815 64106
1816 63555
1817 63794
1818 63947
1819 64044
1820 63978
1821 64114
1822 63887
1823 64260
1824 63997
1825 63948
1826 64016
1827 63994
1828 63536
1829 63576
1830 63424
1831 63188
1832 63980
1833 63800
1834 63465
1835 64038
1836 64088
1837 64109
1838 64003
1839 64160
1840 64074
1841 64078
1842 63288
1843 64142
1844 64330
1845 63809
1846 63413
1847 64117
1848 63847
1849 63514
1850 63714
1851 63142
1852 63767
1853 63300
1854 62934
1855 63095
1856 62839
1857 62443
1858 62813
1859 62411
1860 62736
1861 61942
1862 62639
1863 61939
1864 62370
1865 62121
1866 62279
1867 61828
1868 61726
1869 61573
1870 61234
1871 61138
1872 61569
1873 61718
1874 61185
1875 61464
1876 61419
1877 61131
1878 60696
1879 61379
1880 61617
1881 60860
1882 61438
1883 61641
1884 61395
1885 61313
1886 61406
1887 61166
1888 61449
1889 61571
1890 61909
1891 61619
1892 61727
1893 62369
1894 61777
1895 61973
1896 62345
1897 62546
1898 62558
1899 62414
1900 62736
1901 62661
1902 62916
1903 62827
1904 63229
1905 63034
1906 63344
1907 63324
1908 63060
1909 63451
1910 63559
1911 63904
1912 63975
1913 64000
1914 63911
1915 63855
1916 64071
1917 63785
1918 63929
1919 64108
1920 64128
1921 64092
1922 64219
1923 63879
1924 64105
1925 64116
1926 64222
1927 64061
1928 64062
1929 63934
1930 63945
1931 64032
1932 63804
1933 64240
1934 64010
1935 64182
1936 64274
1937 64457
1938 63746
1939 64168
1940 63914
1941 64154
1942 64336
1943 64457
1944 64372
1945 63943
1946 63750
1947 63627
1948 63487
1949 63417
1950 63853
1951 63968
1952 63414
1953 63391
1954 63093
1955 63096
1956 63091
1957 62686
1958 62787
1959 62904
1960 63276
1961 62853
1962 62402
1963 62277
1964 62423
1965 62570
1966 61881
1967 61772
1968 62225
1969 61913
1970 62131
1971 61820
1972 61998
1973 61897
1974 61861
1975 61571
1976 61813
1977 61394
1978 61656
1979 61057
1980 61403
1981 61512
1982 61667
1983 61308
1984 61594
1985 61766
1986 62076
1987 61828
1988 61767
1989 61507
1990 62390
1991 61991
1992 62322
1993 62224
1994 62337
1995 62089
1996 62325
1997 62019
1998 62489
1999 62702
2000 62734
2001 62937
2002 62960
2003 63014
2004 63124
2005 63270
2006 62969
2007 63548
2008 63683
2009 63627
2010 63751
2011 64150
2012 63925
2013 64207
2014 64488
2015 64521
2016 64417
2017 64581
2018 64480
2019 64683
2020 64385
2021 64601
2022 64451
2023 64552
2024 64315
2025 64716
2026 64373
2027 64313
2028 64105
2029 64433
2030 64488
2031 64596
2032 64039
2033 64464
2034 64825
2035 64753
2036 64648
2037 64530
2038 64609
2039 64702
2040 64796
2041 64875
2042 65168
2043 64366
2044 64372
2045 64273
2046 64315
2047 64250
2048 64251
2049 64005
2050 64274
2051 63783
2052 63717
2053 63508
2054 63877
2055 63388
2056 63460
2057 63265
2058 63322
2059 63432
2060 63028
2061 62731
2062 62626
2063 62509
2064 62874
2065 62874
2066 62395
2067 62703
2068 62427
2069 62125
2070 62252
2071 62204
2072 61913
2073 62026
2074 62164
2075 61635
2076 61884
2077 61895
2078 61890
2079 61676
2080 61468
2081 61626
2082 62028
2083 61680
2084 61691
2085 62380
2086 62125
2087 61790
2088 61893
2089 62000
2090 62156
2091 62384
2092 62721
2093 62062
2094 62803
2095 62652
2096 63108
2097 62550
2098 63065
2099 62993
2100 63026
2101 63050
2102 63401
2103 63461
2104 63372
2105 64056
2106 63764
2107 63775
2108 64422
2109 64088
2110 64448
2111 63924
2112 64590
2113 64729
2114 64418
2115 64962
2116 64737
2117 64785
2118 64989
2119 64892
2120 64834
2121 64986
2122 64697
2123 65268
2124 64909
2125 64940
2126 65164
2127 64463
2128 64520
2129 64592
2130 64612
2131 64713
2132 64378
2133 64650
2134 65070
2135 64912
2136 65125
2137 65406
2138 64993
2139 65053
2140 65031
2141 64717
2142 64989
2143 64753
2144 64600
2145 64704
2146 64555
2147 64770
2148 64560
2149 64434
2150 64427
2151 64568
2152 64532
2153 64025
2154 64317
2155 63836
2156 63572
2157 63369
2158 63803
2159 63917
2160 63274
2161 63330
2162 63660
2163 63195
2164 63146
2165 63210
2166 63023
2167 62326
2168 62736
2169 62776
2170 62240
2171 62765
2172 62387
2173 62206
2174 62190
2175 62370
2176 62469
2177 61500
2178 62199
2179 62198
2180 61947
2181 61861
2182 61743
2183 62610
2184 62157
2185 62213
2186 62159
2187 62361
2188 62263
2189 62146
2190 62888
2191 62767
2192 62922
2193 62499
2194 62953
2195 62976
2196 62751
2197 63341
2198 62972
2199 63287
2200 63857
2201 63372
2202 63710
2203 63830
2204 63627
2205 64577
2206 64155
2207 64188
2208 64488
2209 64177
2210 64321
2211 64586
2212 64717
2213 64723
2214 64942
2215 64600
2216 64789
2217 65126
2218 64689
2219 65067
2220 65582
2221 64961
2222 65309
2223 65043
2224 64791
2225 65224
2226 64924
2227 64944
2228 64753
2229 63984
2230 64679
2231 64327
2232 64858
2233 65008
2234 64827
2235 65442
2236 64758
2237 65128
2238 65064
2239 65003
2240 64939
2241 65270
2242 65018
2243 64674
2244 65210
2245 64943
2246 65252
2247 65168
2248 64825
2249 64624
2250 64842
2251 64679
2252 64410
2253 64455
2254 64441
2255 64303
2256 64219
2257 64139
2258 63991
2259 63885
2260 63320
2261 63591
2262 63440
2263 63712
2264 63547
2265 63359
2266 63764
2267 62925
2268 62589
2269 62907
2270 62447
2271 62796
2272 62530
2273 62379
2274 62670
2275 62346
2276 61958
2277 62301
2278 62405
2279 62244
2280 62210
2281 62357
2282 62560
2283 62668
2284 62290
2285 62504
2286 62603
2287 62969
2288 62700
2289 62211
2290 63102
2291 62907
2292 63370
2293 63584
2294 63296
2295 62999
2296 63427
2297 63680
2298 63577
2299 63842
2300 63945
2301 63975
2302 64029
2303 64219
2304 64164
2305 64312
2306 64535
2307 64506
2308 64505
2309 64937
2310 65016
2311 64591
2312 65425
2313 65390
2314 64978
2315 65675
2316 65559
2317 65255
2318 65692
2319 65370
2320 65597
2321 65365
2322 65618
2323 65695
2324 65361
2325 65289
2326 65299
2327 65407
2328 64934
2329 64837
2330 64552
2331 65068
2332 65153
2333 65139
2334 65323
2335 65725
2336 65457
2337 65075
2338 65700
2339 65620
2340 65787
2341 65442
2342 65261
2343 65500
2344 65779
2345 65863
2346 64999
2347 65349
2348 64816
2349 65002
2350 65522
2351 65167
2352 64991
2353 64463
2354 64453
2355 64672
2356 64495
2357 64410
2358 63931
2359 64729
2360 63905
2361 63902
2362 63807
2363 63595
2364 63510
2365 63815
2366 63684
2367 63641
2368 63034
2369 63286
2370 63220
2371 62836
2372 63417
2373 63054
2374 62855
2375 62550
2376 63024
2377 62683
2378 62163
2379 62964
2380 62580
2381 62821
2382 62698
2383 62451
2384 62512
2385 62654
2386 62823
2387 63359
2388 62986
2389 62510
2390 63192
2391 63108
2392 63130
2393 63294
2394 63621
2395 63476
2396 63711
2397 63840
2398 63859
2399 63979
2400 64124
2401 64285
2402 64096
2403 64147
2404 64749
2405 64936
2406 64813
2407 65218
2408 64821
2409 64919
2410 65454
2411 65441
2412 65208
2413 65373
2414 65593
2415 66024
2416 65352
2417 65359
2418 65479
2419 65652
2420 66201
2421 66051
2422 66288
2423 65837
2424 65853
2425 65564
2426 65569
2427 65110
2428 65130
2429 65559
2430 65083
2431 65400
2432 65679
2433 65690
2434 65148
2435 65493
2436 65723
2437 65879
2438 65764
2439 65896
2440 65468
2441 65724
2442 65568
2443 65699
2444 65516
2445 65749
2446 65648
2447 65331
2448 65696
2449 64842
2450 65514
2451 65429
2452 64862
2453 64749
2454 64761
2455 64851
2456 64668
2457 64628
2458 64169
2459 64831
2460 64215
2461 64052
2462 64099
2463 63867
2464 64222
2465 63227
2466 63701
2467 63527
2468 63389
2469 63140
2470 62978
2471 63231
2472 63171
2473 62637
2474 62567
2475 63030
2476 62907
2477 62720
2478 62771
2479 62859
2480 62765
2481 62503
2482 63016
2483 62922
2484 63335
2485 63028
2486 62886
2487 63119
2488 63369
2489 63189
2490 63205
2491 63336
2492 63334
2493 63365
2494 63660
2495 63671
2496 63724
2497 63679
2498 63863
2499 63929
2500 63963
2501 64310
2502 64062
2503 64968
2504 64195
2505 64627
2506 64765
2507 64783
2508 65098
2509 65495
2510 65540
2511 65197
2512 65419
2513 65727
2514 65472
2515 66094
2516 65462
2517 66289
2518 66028
2519 66041
2520 65812
2521 65878
2522 65925
2523 66042
2524 66062
2525 65555
2526 65669
2527 65887
2528 65403
2529 65648
2530 65960
2531 66003
2532 65670
2533 65457
2534 66101
2535 65500
2536 66127
2537 66104
2538 66052
2539 66037
2540 66082
2541 65909
2542 66078
2543 66030
2544 65495
2545 65755
2546 65561
2547 65417
2548 65812
2549 64942
2550 64993
2551 65378
2552 65061
2553 64624
2554 64809
2555 64516
2556 64436
2557 64231
2558 64711
2559 63982
2560 64528
2561 63777
2562 64191
2563 63747
2564 63779
2565 63631
2566 63457
2567 63577
2568 63287
2569 63393
2570 63202
2571 63306
2572 63402
2573 62983
2574 63005
2575 63092
2576 63004
2577 62653
2578 62924
2579 62591
2580 62984
2581 62877
2582 62650
2583 63426
2584 62984
2585 62905
2586 63248
2587 63389
2588 63166
2589 63347
2590 63604
2591 63344
2592 63343
2593 63765
2594 63923
2595 63755
2596 63857
2597 64121
2598 63837
2599 64502
2600 64028
2601 64564
2602 64144
2603 64558
2604 64914
2605 64689
2606 64302
2607 64646
2608 65170
2609 65359
2610 65538
2611 65567
2612 65764
2613 66065
2614 65630
2615 65825
2616 66086
2617 65791
2618 65876
2619 66154
2620 66083
2621 65850
2622 65855
2623 65728
2624 66410
2625 66234
2626 66032
2627 65763
2628 65551
2629 65775
2630 65781
2631 65072
2632 65840
2633 65945
2634 65752
2635 65788
2636 66043
2637 65637
2638 65652
2639 66446
2640 65895
2641 66154
2642 66269
2643 65654
2644 66434
2645 66287
2646 66132
2647 65682
2648 65673
2649 65591
2650 65676
2651 64990
2652 64774
2653 65363
2654 64636
2655 64767
2656 64908
2657 65052
2658 64713
2659 64407
2660 64426
2661 64136
2662 64066
2663 63680
2664 63577
2665 63299
2666 63633
2667 63221
2668 63357
2669 62867
2670 63482
2671 63114
2672 63492
2673 62782
2674 63064
2675 62845
2676 62823
2677 62346
2678 62838
2679 63179
2680 62621
2681 62819
2682 62699
2683 62918
2684 62902
2685 62340
2686 62990
2687 62989
2688 63060
2689 63042
2690 63093
2691 63775
2692 63274
2693 63247
2694 63753
2695 63345
2696 63871
2697 64085
2698 63907
2699 64162
2700 64177
2701 64321
2702 64153
2703 64368
2704 64576
2705 64587
2706 64067
2707 64884
2708 64463
2709 64712
2710 64654
2711 65032
2712 65255
2713 65264
2714 65587
2715 65214
2716 65617
2717 65542
2718 65530
2719 65719
2720 65768
2721 65595
2722 65767
2723 65972
2724 65118
2725 65673
2726 65263
2727 65228
2728 65484
2729 65229
2730 65775
2731 65469
2732 65338
2733 65338
2734 65086
2735 65299
2736 65357
2737 65353
2738 65569
2739 65896
2740 65632
2741 65246
2742 65556
2743 65738
2744 65725
2745 65188
2746 65274
2747 65129
2748 65163
2749 64924
2750 64832
2751 65149
2752 64759
2753 64381
2754 64214
2755 64383
2756 64271
2757 63915
2758 63803
2759 63810
2760 63358
2761 63701
2762 63594
2763 63230
2764 63183
2765 63306
2766 63640
2767 63134
2768 62244
2769 62282
2770 62649
2771 62632
2772 62460
2773 62646
2774 62714
2775 62331
2776 62613
2777 62234
2778 62111
2779 62131
2780 61917
2781 62034
2782 62295
2783 62485
2784 62579
2785 62107
2786 62200
2787 62222
2788 62819
2789 62617
2790 63016
2791 62556
2792 62346
2793 62844
2794 62564
2795 62549
2796 62834
2797 63324
2798 63027
2799 63925
2800 63094
2801 63949
2802 63634
2803 63597
2804 64310
2805 64016
2806 64515
2807 64280
2808 64014
2809 64625
2810 64611
2811 65429
2812 64560
2813 64818
2814 64791
2815 64881
2816 64747
2817 65217
2818 65111
2819 65030
2820 65059
2821 65402
2822 65181
2823 65647
2824 64858
2825 64977
2826 64964
2827 64616
2828 64967
2829 64772
2830 64664
2831 64756
2832 64837
2833 65071
2834 64712
2835 64899
2836 64934
2837 64880
2838 65008
2839 64855
2840 65294
2841 64658
2842 65067
2843 65036
2844 65039
2845 64705
2846 64759
2847 64322
2848 64639
2849 64208
2850 64439
2851 64121
2852 64491
2853 64268
2854 63626
2855 63865
2856 63706
2857 63674
2858 63606
2859 63331
2860 63092
2861 63082
2862 62694
2863 62893
2864 62482
2865 63030
2866 62319
2867 62645
2868 62502
2869 62462
2870 62663
2871 62111
2872 62354
2873 62162
2874 62121
2875 61646
2876 61888
2877 61972
2878 61371
2879 61696
2880 61622
2881 61395
2882 61331
2883 61330
2884 62124
2885 61648
2886 62154
2887 62281
2888 61799
2889 62469
2890 62319
2891 62174
2892 61769
2893 62572
2894 62338
2895 62578
2896 62709
2897 62684
2898 62954
2899 62683
2900 63280
2901 62886
2902 63475
2903 63381
2904 63625
2905 63871
2906 63730
2907 63798
2908 63790
2909 63578
2910 63614
2911 64146
2912 64029
2913 64286
2914 64158
2915 64336
2916 64419
2917 64347
2918 64614
2919 64622
2920 64502
2921 64608
2922 64286
2923 64818
2924 64331
2925 64917
2926 64453
2927 64195
2928 64412
2929 64123
2930 64124
2931 63954
2932 64275
2933 64160
2934 64294
2935 64726
2936 64704
2937 64415
2938 64484
2939 64386
2940 64471
2941 64433
2942 64479
2943 64554
2944 64104
2945 64387
2946 63946
2947 63716
2948 63789
2949 64133
2950 63594
2951 63697
2952 63624
2953 63647
2954 63297
2955 63270
2956 63218
2957 62926
2958 63020
2959 62926
2960 62634
2961 62885
2962 62797
2963 62489
2964 62377
2965 62692
2966 62443
2967 61954
2968 62090
2969 61728
2970 61831
2971 61999
2972 61891
2973 61431
2974 61997
2975 61403
2976 61159
2977 61583
2978 61619
2979 61134
2980 61288
2981 61504
2982 61173
2983 60880
2984 61510
2985 61401
2986 61443
2987 60982
2988 61867
2989 61901
2990 61669
2991 62128
2992 62364
2993 61963
2994 61926
2995 62610
2996 62343
2997 62110
2998 62168
2999 62759
3000 62973
3001 62718
3002 62666
3003 63147
3004 63021
3005 63520
3006 62904
3007 63373
3008 63750
3009 63394
3010 63715
3011 63577
3012 64166
3013 64023
3014 63913
3015 64213
3016 63937
3017 64342
3018 64524
3019 64320
3020 64601
3021 64123
3022 64484
3023 64458
3024 64088
3025 64225
3026 64040
3027 64513
3028 64005
3029 64385
3030 63973
3031 64334
3032 64043
3033 64419
3034 64254
3035 64488
3036 64324
3037 64357
3038 64517
3039 64599
3040 64355
3041 64140
3042 64468
3043 64523
3044 63976
3045 64136
3046 64274
3047 63987
3048 63657
3049 63821
3050 63681
3051 63707
3052 63783
3053 63380
3054 63339
3055 63429
3056 63459
3057 62917
3058 62967
3059 63383
3060 62833
3061 62872
3062 62423
3063 62400
3064 62655
3065 62211
3066 62397
3067 62235
3068 61837
3069 62037
3070 62106
3071 61790
3072 61764
3073 61986
3074 61415
3075 61801
3076 61669
3077 61160
3078 61558
3079 61657
3080 61186
3081 61055
3082 61381
3083 61422
3084 61613
3085 61770
3086 61742
3087 62074
3088 61838
3089 61814
3090 61946
3091 62516
3092 62193
3093 62132
3094 62201
3095 61961
3096 62160
3097 62444
3098 62749
3099 62588
3100 62333
3101 62383
3102 62975
3103 63078
3104 62983
3105 63081
3106 63370
3107 63625
3108 63436
3109 63384
3110 63791
3111 63997
3112 63659
3113 64119
3114 64195
3115 64444
3116 64335
3117 64431
3118 64833
3119 64315
3120 64472
3121 64215
3122 64693
3123 64276
3124 64006
3125 64343
3126 64090
3127 64782
3128 64158
3129 63693
3130 64098
3131 64210
3132 63925
3133 63808
3134 64356
3135 63974
3136 64053
3137 64718
3138 64593
3139 64298
3140 64773
3141 64697
3142 64472
3143 64491
3144 64735
3145 64379
3146 64281
3147 64122
3148 64614
3149 63859
3150 64097
3151 63529
3152 63247
3153 63338
3154 63496
3155 63616
3156 63301
3157 63224
3158 62978
3159 62835
3160 62804
3161 62778
3162 62657
3163 62538
3164 62120
3165 62736
3166 62421
3167 62162
3168 62208
3169 61945
3170 62075
3171 61857
3172 61711
3173 61711
3174 61656
3175 61778
3176 61391
3177 61723
3178 61156
3179 61343
3180 61329
3181 61595
3182 61474
3183 61929
3184 61361
3185 61739
3186 61767
3187 61700
3188 61789
3189 61872
3190 61899
3191 62218
3192 61939
3193 62478
3194 62591
3195 62211
3196 62676
3197 62472
3198 62643
3199 62922
3200 62436
3201 62805
3202 63416
3203 63219
3204 63170
3205 63203
3206 63567
3207 63656
3208 64281
3209 63900
3210 63800
3211 64175
3212 64054
3213 64214
3214 64393
3215 64174
3216 64754
3217 64521
3218 64844
3219 64745
3220 64569
3221 64701
3222 64873
3223 64872
3224 64461
3225 64191
3226 64680
3227 64458
3228 64528
3229 64176
3230 64274
3231 64092
3232 64764
3233 64239
3234 64389
3235 64430
3236 64562
3237 64145
3238 64562
3239 64946
3240 64465
3241 64595
3242 64890
3243 65229
3244 64710
3245 64068
3246 64164
3247 64083
3248 64426
3249 64480
3250 63929
3251 64387
3252 64146
3253 63437
3254 63492
3255 63319
3256 63670
3257 63320
3258 63366
3259 63285
3260 63071
3261 63386
3262 62980
3263 62368
3264 62508
3265 62535
3266 62342
3267 61954
3268 62064
3269 62500
3270 62350
3271 62320
3272 62177
3273 62233
3274 61453
3275 61845
3276 62050
3277 61646
3278 62207
3279 62066
3280 61701
3281 61845
3282 62207
3283 61712
3284 61664
3285 61865
3286 62008
3287 61757
3288 62070
3289 62386
3290 62272
3291 62121
3292 62458
3293 62529
3294 62430
3295 62998
3296 62815
3297 62858
3298 62888
3299 63120
3300 63112
3301 62891
3302 63275
3303 63482
3304 63696
3305 63524
3306 63528
3307 63999
3308 63720
3309 64011
3310 63948
3311 64041
3312 64235
3313 64504
3314 64512
3315 64495
3316 64828
3317 64737
3318 64662
3319 65063
3320 64802
3321 64882
3322 64662
3323 64875
3324 65134
3325 64843
3326 65200
3327 64717
3328 64968
3329 64408
3330 64496
3331 64401
3332 64644
3333 64488
3334 64804
3335 65040
3336 65058
3337 64723
3338 65269
3339 65264
3340 64789
3341 64882
3342 64801
3343 65056
3344 65069
3345 64781
3346 64876
3347 64130
3348 64478
3349 64189
3350 64443
3351 63820
3352 63967
3353 64023
3354 63785
3355 63852
3356 63746
3357 63456
3358 63559
3359 63019
3360 63015
3361 63058
3362 63065
3363 63136
3364 62759
3365 62761
3366 62531
3367 62904
3368 62221
3369 62222
3370 62470
3371 61922
3372 62185
3373 62649
3374 61933
3375 61855
3376 62284
3377 61668
3378 62351
3379 62015
3380 61573
3381 61404
3382 61978
3383 61933
3384 62101
3385 62029
3386 62033
3387 62564
3388 62637
3389 62256
3390 62622
3391 62361
3392 62370
3393 62892
3394 62992
3395 62817
3396 62907
3397 63096
3398 62908
3399 63566
3400 63243
3401 63606
3402 63690
3403 63723
3404 63838
3405 63857
3406 64255
3407 63694
3408 64038
3409 64374
3410 64514
3411 64494
3412 64659
3413 65268
3414 65112
3415 65044
3416 65218
3417 64901
3418 65063
3419 65367
3420 65299
3421 64863
3422 65223
3423 64926
3424 65194
3425 65189
3426 65355
3427 64600
3428 64919
3429 64589
3430 64584
3431 64488
3432 64693
3433 64620
3434 64638
3435 64828
3436 65003
3437 65147
3438 65213
3439 65183
3440 65194
3441 64702
3442 65062
3443 64860
3444 64871
3445 65156
3446 65132
3447 64891
3448 64966
3449 64288
3450 64452
3451 64885
3452 64764
3453 64168
3454 64344
3455 64253
3456 63849
3457 64228
3458 63832
3459 63686
3460 63397
3461 63347
3462 63292
3463 63344
3464 63220
3465 62871
3466 62753
3467 62915
3468 63011
3469 62730
3470 62632
3471 62991
3472 62757
3473 62442
3474 62876
3475 62291
3476 62386
3477 62292
3478 62337
3479 62210
3480 62214
3481 62113
3482 62213
3483 62019
3484 62548
3485 62508
3486 62437
3487 62515
3488 62631
3489 62620
3490 62831
3491 62702
3492 62792
3493 62751
3494 63246
3495 63013
3496 63162
3497 63472
3498 63392
3499 63832
3500 63386
3501 63763
3502 64032
3503 64131
3504 64073
3505 63843
3506 64191
3507 64490
3508 64615
3509 64652
3510 64602
3511 64957
3512 64590
3513 65090
3514 65506
3515 65209
3516 65210
3517 65591
3518 65438
3519 65341
3520 65311
3521 65364
3522 65431
3523 65200
3524 64857
3525 64998
3526 64773
3527 64887
3528 64124
3529 64576
3530 64407
3531 64679
3532 64826
3533 64840
3534 64792
3535 64884
3536 65137
3537 65456
3538 65210
3539 65015
3540 65221
3541 65175
3542 65143
3543 65480
3544 64834
3545 65108
3546 65406
3547 64560
3548 65230
3549 65031
3550 64747
3551 64978
3552 64649
3553 64573
3554 64447
3555 64413
3556 64163
3557 63825
3558 64035
3559 63871
3560 63723
3561 63729
3562 63763
3563 63150
3564 63422
3565 63436
3566 63099
3567 63525
3568 63138
3569 62839
3570 62664
3571 62858
3572 62318
3573 62731
3574 62690
3575 62546
3576 62307
3577 62394
3578 61995
3579 62213
3580 62160
3581 62365
3582 62115
3583 62409
3584 62360
3585 62183
3586 62839
3587 62689
3588 62908
3589 62775
3590 62782
3591 62748
3592 63031
3593 62725
3594 63194
3595 63355
3596 63280
3597 63228
3598 63835
3599 63149
3600 63638
3601 63878
3602 63536
3603 64011
3604 64001
3605 64529
3606 64239
3607 64511
3608 64281
3609 64989
3610 65151
3611 65127
3612 65203
3613 65405
3614 65166
3615 65397
3616 65302
3617 65423
3618 65226
3619 65129
3620 65538
3621 65217
3622 65609
3623 65112
3624 65157
3625 65120
3626 65108
3627 65264
3628 65212
3629 64818
3630 64875
3631 64830
3632 65311
3633 65112
3634 64847
3635 65131
3636 65440
3637 65579
3638 65402
3639 65571
3640 65220
3641 65670
3642 65609
3643 65363
3644 65742
3645 66011
3646 65041
3647 64884
3648 64778
3649 64954
3650 64959
3651 65184
3652 65062
3653 64676
3654 64524
3655 64497
3656 64136
3657 64251
3658 64133
3659 64047
3660 63783
3661 63714
3662 63627
3663 63294
3664 63717
3665 63569
3666 63039
3667 63432
3668 63544
3669 63038
3670 62830
3671 63105
3672 62872
3673 62567
3674 62783
3675 62792
3676 62747
3677 62170
3678 62529
3679 62512
3680 62352
3681 62409
3682 62366
3683 62339
3684 62851
3685 62940
3686 62797
3687 62439
3688 62862
3689 62838
3690 62797
3691 63062
3692 63350
3693 62828
3694 63449
3695 63559
3696 63179
3697 63205
3698 63652
3699 63833
3700 63886
3701 63464
3702 63996
3703 64123
3704 64324
3705 64384
3706 64046
3707 64487
3708 65222
3709 64710
3710 65216
3711 65113
3712 65099
3713 65204
3714 65086
3715 65404
3716 65528
3717 65553
3718 65768
3719 65746
3720 65914
3721 65508
3722 65192
3723 65479
3724 65288
3725 64982
3726 64913
3727 65002
3728 64746
3729 64878
3730 64977
3731 64708
3732 65143
3733 65313
3734 65591
3735 65373
3736 65160
3737 65391
3738 65346
3739 65534
3740 65819
3741 65452
3742 65561
3743 65527
3744 65247
3745 65167
3746 65253
3747 64921
3748 64988
3749 65179
3750 64388
3751 64340
3752 64632
3753 64642
3754 64050
3755 64160
3756 64146
3757 64296
3758 64055
3759 64266
3760 63991
3761 63591
3762 63985
3763 63541
3764 63519
3765 63197
3766 63483
3767 63234
3768 63418
3769 62940
3770 62790
3771 62810
3772 62571
3773 62290
3774 62542
3775 62523
3776 62439
3777 62612
3778 61975
3779 62366
3780 61734
3781 62937
3782 62157
3783 62240
3784 62583
3785 62201
3786 62824
3787 62701
3788 62451
3789 62502
3790 62765
3791 63227
3792 62833
3793 63061
3794 62940
3795 63258
3796 63625
3797 63363
3798 63846
3799 63590
3800 63944
3801 64045
3802 63898
3803 64047
3804 63969
3805 64662
3806 64022
3807 64178
3808 64431
3809 64765
3810 65012
3811 65052
3812 64454
3813 64998
3814 65125
3815 65422
3816 65423
3817 65321
3818 65570
3819 65025
3820 65630
3821 65246
3822 65359
3823 65779
3824 65340
3825 65313
3826 65088
3827 65260
3828 64895
3829 64895
3830 64711
3831 65372
3832 65328
3833 65343
3834 65340
3835 65439
3836 65622
3837 65403
3838 65633
3839 65454
3840 65364
3841 65500
3842 65253
3843 65654
3844 65341
3845 65206
3846 65185
3847 65136
3848 65047
3849 64989
3850 65048
3851 65007
3852 64795
3853 65065
3854 63914
3855 64274
3856 64141
3857 64638
3858 64173
3859 63929
3860 63762
3861 63636
3862 63684
3863 63689
3864 63475
3865 63092
3866 63529
3867 62928
3868 63094
3869 63176
3870 62833
3871 63056
3872 62965
3873 63055
3874 62789
3875 62793
3876 62533
3877 62585
3878 62171
3879 62451
3880 62270
3881 62961
3882 62713
3883 62755
3884 62696
3885 63070
3886 62396
3887 62951
3888 63260
3889 63122
3890 62961
3891 63314
3892 63073
3893 63025
3894 63202
3895 63742
3896 63564
3897 63213
3898 63163
3899 63677
3900 63734
3901 63973
3902 63653
3903 64283
3904 64204
3905 64432
3906 64336
3907 64251
3908 64189
3909 64752
3910 64779
3911 64936
3912 64699
3913 65256
3914 65431
3915 65494
3916 65377
3917 65712
3918 65775
3919 65014
3920 65518
3921 65723
3922 65395
3923 65443
3924 65537
3925 65425
3926 65708
3927 65662
3928 64867
3929 65403
3930 64748
3931 65501
3932 65392
3933 65554
3934 65919
3935 65402
3936 65357
3937 65512
3938 65754
3939 65518
3940 65236
3941 65096
3942 65601
3943 65749
3944 65455
3945 65588
3946 65245
3947 65132
3948 65670
3949 65317
3950 64274
3951 64571
3952 64412
3953 64222
3954 65004
3955 64184
3956 64492
3957 64297
3958 63871
3959 63864
3960 63540
3961 63581
3962 63167
3963 63514
3964 63377
3965 63193
3966 62955
3967 62948
3968 63158
3969 62922
3970 63133
3971 62743
3972 62617
3973 62467
3974 62520
3975 62248
3976 62319
3977 62604
3978 62441
3979 62078
3980 62297
3981 62137
3982 62390
3983 62484
3984 62581
3985 62497
3986 62528
3987 62541
3988 62637
3989 62759
3990 62640
3991 62352
3992 62854
3993 62978
3994 62999
3995 63208
3996 63074
3997 63519
3998 63316
3999 62946
4000 63612
4001 63740
4002 63860
4003 63669
4004 63865
4005 64242
4006 63927
4007 64366
4008 64260
4009 64247
4010 64334
4011 64862
4012 65094
4013 64569
4014 64529
4015 65213
4016 65331
4017 65331
4018 65738
4019 64924
4020 65406
4021 65520
4022 64963
4023 65135
4024 65335
4025 65151
4026 65050
4027 64797
4028 64915
4029 65066
4030 64965
4031 64739
4032 65019
4033 64815
4034 64653
4035 65227
4036 64889
4037 65249
4038 65699
4039 64929
4040 64775
4041 65180
4042 64811
4043 64943
4044 65530
4045 64608
4046 64903
4047 64748
4048 64777
4049 64599
4050 64357
4051 64077
4052 64451
4053 64430
4054 64065
4055 64015
4056 63950
4057 64008
4058 63231
4059 63382
4060 63783
4061 63684
4062 63277
4063 63116
4064 63076
4065 62808
4066 62615
4067 62978
4068 62857
4069 62510
4070 62424
4071 62217
4072 62396
4073 62389
4074 62128
4075 62263
4076 61857
4077 62178
4078 61808
4079 62107
4080 61570
4081 61789
4082 62137
4083 61832
4084 61768
4085 62200
4086 62020
4087 62355
4088 62081
4089 62453
4090 62349
4091 62311
4092 62416
4093 62950
4094 62766
4095 63000
4096 62763
4097 62709
4098 63095
4099 63349
4100 62908
4101 63388
4102 63172
4103 63371
4104 63709
4105 64125
4106 63598
4107 64217
4108 64192
4109 64435
4110 64420
4111 64366
4112 64186
4113 64637
4114 64651
4115 64854
4116 64728
4117 64795
4118 64697
4119 65167
4120 65250
4121 64843
4122 64844
4123 64550
4124 64808
4125 64640
4126 64551
4127 64415
4128 64213
4129 64392
4130 64655
4131 64782
4132 64559
4133 64765
4134 64896
4135 64502
4136 64569
4137 64866
4138 64637
4139 65095
4140 64905
4141 64701
4142 64840
4143 65248
4144 64375
4145 64898
4146 64508
4147 64700
4148 64494
4149 63960
4150 64073
4151 63818
4152 64216
4153 63903
4154 63881
4155 63921
4156 63517
4157 63150
4158 63382
4159 63572
4160 63029
4161 63112
4162 62883
4163 62531
4164 62839
4165 62452
4166 62609
4167 62257
4168 62131
4169 62028
4170 62005
4171 62464
4172 61858
4173 62254
4174 61633
4175 61345
4176 61834
4177 61890
4178 61463
4179 61503
4180 61768
4181 61306
4182 61653
4183 61309
4184 61924
4185 61818
4186 61452
4187 61599
4188 62006
4189 61884
4190 61666
4191 62266
4192 62150
4193 62265
4194 62252
4195 62222
4196 62392
4197 62711
4198 62588
4199 62742
4200 63026
4201 62747
4202 63057
4203 63252
4204 63382
4205 63064
4206 63550
4207 63441
4208 63928
4209 63833
4210 63599
4211 64127
4212 64142
4213 64078
4214 64388
4215 64184
4216 64600
4217 64398
4218 64308
4219 64606
4220 64407
4221 64426
4222 64560
4223 64518
4224 65032
4225 64452
4226 64035
4227 64040
4228 63981
4229 64196
4230 64036
4231 64144
4232 64410
4233 64116
4234 64646
4235 64306
4236 64542
4237 64488
4238 64128
4239 64466
4240 64403
4241 64225
4242 64527
4243 64748
4244 64425
4245 64071
4246 63637
4247 63961
4248 63911
4249 64125
4250 63625
4251 63905
4252 63114
4253 63529
4254 63566
4255 63187
4256 63155
4257 62831
4258 63464
4259 63123
4260 62643
4261 62928
4262 62473
4263 62947
4264 62310
4265 62369
4266 62296
4267 62654
4268 62119
4269 61935
4270 61780
4271 62109
4272 61871
4273 61417
4274 61855
4275 61694
4276 61568
4277 61698
4278 61299
4279 61020
4280 61150
4281 61487
4282 61301
4283 61206
4284 61304
4285 61551
4286 61581
4287 62047
4288 61986
4289 61797
4290 61951
4291 62301
4292 62488
4293 62297
4294 62176
4295 62109
4296 62475
4297 62537
4298 62602
4299 62581
4300 62450
4301 62905
4302 62897
4303 63301
4304 62817
4305 63754
4306 63411
4307 63451
4308 63782
4309 63747
4310 63916
4311 63943
4312 64149
4313 63874
4314 64157
4315 63930
4316 64179
4317 64713
4318 64077
4319 64406
4320 64470
4321 64523
4322 64541
4323 63959
4324 64247
4325 64508
4326 64509
4327 64703
4328 63860
4329 64112
4330 64300
4331 63808
4332 64356
4333 63994
4334 64396
4335 64261
4336 64247
4337 64376
4338 64647
4339 64720
4340 64857
4341 64501
4342 64751
4343 64720
4344 64361
4345 64552
4346 64488
4347 64549
4348 64533
4349 63814
4350 63425
4351 63774
4352 63942
4353 63259
4354 63759
4355 63734
4356 63200
4357 63620
4358 63434
4359 62935
4360 62931
4361 62808
4362 62930
4363 62744
4364 62568
4365 62544
4366 62518
4367 62177
4368 62265
4369 62603
4370 62220
4371 62141
4372 61808
4373 62129
4374 62005
4375 62360
4376 61558
4377 61973
4378 61489
4379 61488
4380 61691
4381 61880
4382 61607
4383 61482
4384 62023
4385 62032
4386 61875
4387 62238
4388 62292
4389 62333
4390 62346
4391 62163
4392 62268
4393 62224
4394 62497
4395 62255
4396 62455
4397 62796
4398 62753
4399 62914
4400 63254
4401 62796
4402 63185
4403 63293
4404 63563
4405 63190
4406 63978
4407 63839
4408 63710
4409 63754
4410 64042
4411 64347
4412 64611
4413 64420
4414 64283
4415 64809
4416 64559
4417 64388
4418 64480
4419 64636
4420 64711
4421 64595
4422 64721
4423 64741
4424 64576
4425 64872
4426 64260
4427 64687
4428 64558
4429 64172
4430 64342
4431 64137
4432 64708
4433 64393
4434 64424
4435 64312
4436 64521
4437 64674
4438 64503
4439 64725
4440 64517
4441 64512
4442 64725
4443 64825
4444 64060
4445 64160
4446 64743
4447 64596
4448 64332
4449 63715
4450 64446
4451 63930
4452 64190
4453 63901
4454 63806
4455 63771
4456 63545
4457 63467
4458 63326
4459 63127
4460 63183
4461 62671
4462 63554
4463 62824
4464 62599
4465 62653
4466 62422
4467 62272
4468 62463
4469 62451
4470 62137
4471 61828
4472 61781
4473 61456
4474 61814
4475 61665
4476 61777
4477 61879
4478 61612
4479 61730
4480 61622
4481 61634
4482 61689
4483 61371
4484 61803
4485 62093
4486 61680
4487 61988
4488 62002
4489 61817
4490 62211
4491 62059
4492 62221
4493 62152
4494 62026
4495 62611
4496 62489
4497 62914
4498 62597
4499 62935
4500 62723
4501 62932
4502 63421
4503 63242
4504 63502
4505 63747
4506 63023
4507 64047
4508 63553
4509 63401
4510 63787
4511 63814
4512 64249
4513 63799
4514 64635
4515 64996
4516 64826
4517 64885
4518 64822
4519 65118
4520 64874
4521 64932
4522 64473
4523 64855
4524 64234
4525 64762
4526 64093
4527 64678
4528 64358
4529 64270
4530 64376
4531 64469
4532 63648
4533 64480
4534 64265
4535 64615
4536 64527
4537 64826
4538 64987
4539 64218
4540 64289
4541 64553
4542 64906
4543 64548
4544 64178
4545 64263
4546 64271
4547 64236
4548 64334
4549 64071
4550 64574
4551 63903
4552 63790
4553 63919
4554 63499
4555 63650
4556 63463
4557 62888
4558 63207
4559 63104
4560 62973
4561 63412
4562 62993
4563 62727
4564 62499
4565 62637
4566 62551
4567 62129
4568 62012
4569 61988
4570 62091
4571 62104
4572 61987
4573 61688
4574 61880
4575 61809
4576 61608
4577 61231
4578 61304
4579 61489
4580 61442
4581 61443
4582 61730
4583 61665
4584 61544
4585 61369
4586 61859
4587 61761
4588 61696
4589 62061
4590 62046
4591 61958
4592 62343
4593 62122
4594 62427
4595 62491
4596 62683
4597 62869
4598 62652
4599 63025
4600 63062
4601 63284
4602 62881
4603 63064
4604 63456
4605 63514
4606 63516
4607 63311
4608 63473
4609 64811
4610 63902
4611 64124
4612 64445
4613 64039
4614 64473
4615 64554
4616 64397
4617 64231
4618 65103
4619 64509
4620 64718
4621 64912
4622 64658
4623 64465
4624 64661
4625 64629
4626 64321
4627 64705
4628 64271
4629 63836
4630 64170
4631 63827
4632 64085
4633 64197
4634 64257
4635 64334
4636 64700
4637 64534
4638 64572
4639 64710
4640 64701
4641 64637
4642 64683
4643 64396
4644 64320
4645 64330
4646 64354
4647 64516
4648 64078
4649 63933
4650 64305
4651 63349
4652 63977
4653 63339
4654 63097
4655 63649
4656 62979
4657 63155
4658 62866
4659 63072
4660 62821
4661 62555
4662 62701
4663 62521
4664 62459
4665 62233
4666 62255
4667 62168
4668 62375
4669 61885
4670 62079
4671 61756
4672 61272
4673 61521
4674 61174
4675 61676
4676 61540
4677 61387
4678 61208
4679 60942
4680 61467
4681 61328
4682 61512
4683 61110
4684 61812
4685 61689
4686 61697
4687 61677
4688 61737
4689 61618
4690 61808
4691 61918
4692 61997
4693 62016
4694 61953
4695 61988
4696 62399
4697 62761
4698 62410
4699 62146
4700 62541
4701 62825
4702 62646
4703 63126
4704 63129
4705 63742
4706 63203
4707 63019
4708 63302
4709 63484
4710 63307
4711 63727
4712 63745
4713 63847
4714 63888
4715 64587
4716 64152
4717 64623
4718 63976
4719 64762
4720 64294
4721 64200
4722 64145
4723 63946
4724 64098
4725 63922
4726 64087
4727 63842
4728 63927
4729 63697
4730 63660
4731 63620
4732 63676
4733 63851
4734 64141
4735 63779
4736 63750
4737 63958
4738 63841
4739 63958
4740 64262
4741 64311
4742 64260
4743 64143
4744 64224
4745 64277
4746 63843
4747 64212
4748 63706
4749 63804
4750 63663
4751 63391
4752 63162
4753 63744
4754 63179
4755 63225
4756 63279
4757 62897
4758 63216
4759 62671
4760 62623
4761 62181
4762 62448
4763 61976
4764 62176
4765 61972
4766 61714
4767 62228
4768 61763
4769 61587
4770 61924
4771 61438
4772 61875
4773 61171
4774 61615
4775 61029
4776 61010
4777 61081
4778 61167
4779 61088
4780 60821
4781 61099
4782 61246
4783 61116
4784 61329
4785 60993
4786 61195
4787 61481
4788 60967
4789 61854
4790 61449
4791 61839
4792 61821
4793 61882
4794 61716
4795 61474
4796 61902
4797 61888
4798 62131
4799 62467
4800 62393
4801 62018
4802 62392
4803 62419
4804 63027
4805 62681
4806 63063
4807 62888
4808 63429
4809 63362
4810 63488
4811 63305
4812 63552
4813 63446
4814 63536
4815 63701
4816 63654
4817 63914
4818 63858
4819 64162
4820 63944
4821 63896
4822 64077
4823 63275
4824 63445
4825 63774
4826 63483
4827 64004
4828 63777
4829 63494
4830 63425
4831 63399
4832 63678
4833 63805
4834 63702
4835 63508
4836 63832
4837 63536
4838 63676
4839 63892
4840 64164
4841 63889
4842 63886
4843 63999
4844 63420
4845 63992
4846 63765
4847 63655
4848 63561
4849 63768
4850 63853
4851 63385
4852 63360
4853 63288
4854 62614
4855 63032
4856 62614
4857 62476
4858 62537
4859 62478
4860 62343
4861 61928
4862 62192
4863 61957
4864 61773
4865 61305
4866 61700
4867 61891
4868 61544
4869 61651
4870 61515
4871 61348
4872 61217
4873 61297
4874 60908
4875 61078
4876 61348
4877 61135
4878 60836
4879 61332
4880 60507
4881 61308
4882 61157
4883 60969
4884 60888
4885 61463
4886 61237
4887 61352
4888 61528
4889 61715
4890 61616
4891 61802
4892 61439
4893 61675
4894 62087
4895 61835
4896 62119
4897 61912
4898 62675
4899 62481
4900 62694
4901 62508
4902 62516
4903 62756
4904 62891
4905 63167
4906 62893
4907 63050
4908 63405
4909 63500
4910 63500
4911 63493
4912 63732
4913 63642
4914 63484
4915 63416
4916 63640
4917 63811
4918 63708
4919 63474
4920 64394
4921 63700
4922 64046
4923 63929
4924 63425
4925 63422
4926 63650
4927 63563
4928 63439
4929 63551
4930 63348
4931 63280
4932 63435
4933 63242
4934 63336
4935 63701
4936 63864
4937 63781
4938 63905
4939 63944
4940 63840
4941 63534
4942 63889
4943 63533
4944 63435
4945 63492
4946 63414
4947 63456
4948 63553
4949 62875
4950 63404
4951 63197
4952 62850
4953 63206
4954 62711
4955 62732
4956 62716
4957 62505
4958 62607
4959 62068
4960 61981
4961 61927
4962 62142
4963 61624
4964 61680
4965 61238
4966 61533
4967 61650
4968 61103
4969 61193
4970 61384
4971 60939
4972 60351
4973 60620
4974 60971
4975 60601
4976 60419
4977 60708
4978 60205
4979 60358
4980 60156
4981 60680
4982 60517
4983 60629
4984 60308
4985 60495
4986 60375
4987 60870
4988 60361
4989 60993
4990 60648
4991 61019
4992 61019
4993 60891
4994 61234
4995 61182
4996 60930
4997 61823
4998 61646
4999 61330
5000 61803
5001 61566
5002 61916
5003 61711
5004 61855
5005 62057
5006 62085
5007 62237
5008 62568
5009 61887
5010 62369
5011 62426
5012 62692
5013 62689
5014 62506
5015 63044
5016 62430
5017 62595
5018 62868
5019 62832
5020 63413
5021 63182
5022 62817
5023 63461
5024 62858
5025 62662
5026 62974
5027 63124
5028 62803
5029 62527
5030 62475
5031 62751
5032 62349
5033 61995
5034 62666
5035 62823
5036 62994
5037 63104
5038 62905
5039 63186
5040 63192
5041 62924
5042 63011
5043 62997
5044 63235
5045 62882
5046 62691
5047 62694
5048 62874
5049 62656
5050 62718
5051 62445
5052 62509
5053 62613
5054 62162
5055 62194
5056 61990
5057 61875
5058 61953
5059 61281
5060 61467
5061 61519
5062 61360
5063 61748
5064 61223
5065 61174
5066 61255
5067 61024
5068 60709
5069 60774
5070 60978
5071 60467
5072 60673
5073 60602
5074 60426
5075 60702
5076 60237
5077 60563
5078 60509
5079 59812
5080 60080
5081 60496
5082 60603
5083 60652
5084 60464
5085 60572
5086 60600
5087 60836
5088 60663
5089 60654
5090 60949
5091 60496
5092 61367
5093 61158
5094 61424
5095 60941
5096 61257
5097 61187
5098 61432
5099 61689
5100 61448
5101 62032
5102 62471
5103 61457
5104 62178
5105 61955
5106 62413
5107 62489
5108 62693
5109 62892
5110 62725
5111 62574
5112 62800
5113 62706
5114 62766
5115 62715
5116 62701
5117 62964
5118 62866
5119 62758
5120 63443
5121 63025
5122 63110
5123 63031
5124 63105
5125 63137
5126 63058
5127 62760
5128 62563
5129 62817
5130 62311
5131 62771
5132 63115
5133 62693
5134 62949
5135 62863
5136 63245
5137 62854
5138 63136
5139 63444
5140 63258
5141 62924
5142 63240
5143 62936
5144 63050
5145 62599
5146 63156
5147 63236
5148 62655
5149 62820
5150 62857
5151 62741
5152 62141
5153 62060
5154 62292
5155 62225
5156 62364
5157 62194
5158 61934
5159 62057
5160 61339
5161 61181
5162 61491
5163 61301
5164 61545
5165 61209
5166 60758
5167 61284
5168 61210
5169 60532
5170 61032
5171 60755
5172 61153
5173 60628
5174 60678
5175 60583
5176 60458
5177 60648
5178 60474
5179 60267
5180 60397
5181 59844
5182 60647
5183 60656
5184 60520
5185 60530
5186 60299
5187 61119
5188 60892
5189 60504
5190 60922
5191 60986
5192 60772
5193 61512
5194 60977
5195 61118
5196 61321
5197 61332
5198 61494
5199 61943
5200 61698
5201 61796
5202 61802
5203 61679
5204 61879
5205 62129
5206 61690
5207 62216
5208 62303
5209 62067
5210 62359
5211 62587
5212 62569
5213 62636
5214 62837
5215 62919
5216 63209
5217 62747
5218 62766
5219 63306
5220 63017
5221 62708
5222 62768
5223 62829
5224 62832
5225 62767
5226 62625
5227 62415
5228 62648
5229 62374
5230 62677
5231 62205
5232 62949
5233 62419
5234 62807
5235 62390
5236 62614
5237 62822
5238 62759
5239 62994
5240 63231
5241 63194
5242 62714
5243 62787
5244 62899
5245 62884
5246 62734
5247 62874
5248 62379
5249 62396
5250 62568
5251 62316
5252 62373
5253 62214
5254 62439
5255 61887
5256 61933
5257 61870
5258 61728
5259 61812
5260 61426
5261 61123
5262 61196
5263 61436
5264 60815
5265 61017
5266 61545
5267 60735
5268 60870
5269 60664
5270 60829
5271 60588
5272 61014
5273 60570
5274 60464
5275 60160
5276 60216
5277 60915
5278 60258
5279 60322
5280 60194
5281 59951
5282 60298
5283 60323
5284 60185
5285 60068
5286 60204
5287 60105
5288 60806
5289 60451
5290 60526
5291 60720
5292 60896
5293 61000
5294 61222
5295 61106
5296 61297
5297 61083
5298 61082
5299 61217
5300 61401
5301 61661
5302 61182
5303 61573
5304 61503
5305 61523
5306 62049
5307 62023
5308 61756
5309 62222
5310 62044
5311 62703
5312 62120
5313 62525
5314 62571
5315 62467
5316 62312
5317 62138
5318 62908
5319 62298
5320 62568
5321 62751
5322 62482
5323 62651
5324 62452
5325 62470
5326 62623
5327 62247
5328 62685
5329 61981
5330 62401
5331 62172
5332 62317
5333 61990
5334 62361
5335 62370
5336 62400
5337 62433
5338 62309
5339 62643
5340 62792
5341 62455
5342 62532
5343 62525
5344 61903
5345 62629
5346 61936
5347 61808
5348 62022
5349 61856
5350 61856
5351 61967
5352 61885
5353 61676
5354 61628
5355 61523
5356 61192
5357 61360
5358 61009
5359 61063
5360 61107
5361 60859
5362 60709
5363 60673
5364 60431
5365 60623
5366 60662
5367 60373
5368 60427
5369 60301
5370 60324
5371 60353
5372 60496
5373 60169
5374 60054
5375 59879
5376 60139
5377 59843
5378 59387
5379 59949
5380 59392
5381 59263
5382 59978
5383 59969
5384 59697
5385 59900
5386 59874
5387 60133
5388 60265
5389 60379
5390 60254
5391 60341
5392 60009
5393 60301
5394 60706
5395 60319
5396 60449
5397 60502
5398 60634
5399 60543
5400 60874
5401 60989
5402 60960
5403 61302
5404 61649
5405 61703
5406 61096
5407 61732
5408 61947
5409 61993
5410 62030
5411 61675
5412 61694
5413 62010
5414 62099
5415 61951
5416 62267
5417 62015
5418 62083
5419 61924
5420 61952
5421 62557
5422 62179
5423 62856
5424 61903
5425 62091
5426 62254
5427 61430
5428 62079
5429 61954
5430 61712
5431 62308
5432 62180
5433 62056
5434 61889
5435 62383
5436 61852
5437 62493
5438 62286
5439 62343
5440 62313
5441 62035
5442 62903
5443 62366
5444 62492
5445 62524
5446 62215
5447 62279
5448 61750
5449 62113
5450 62435
5451 61854
5452 62307
5453 61860
5454 61518
5455 61598
5456 61642
5457 61324
5458 61312
5459 60790
5460 61353
5461 61770
5462 61267
5463 60763
5464 61192
5465 61008
5466 61155
5467 60839
5468 60801
5469 61055
5470 60673
5471 60341
5472 60164
5473 60756
5474 60259
5475 60452
5476 60417
5477 60311
5478 60455
5479 59939
5480 60364
5481 60597
5482 60259
5483 60519
5484 60537
5485 60284
5486 60583
5487 60689
5488 60681
5489 60636
5490 60875
5491 60996
5492 60882
5493 60979
5494 61136
5495 61050
5496 61295
5497 61070
5498 61332
5499 61214
5500 61350
5501 61988
5502 61800
5503 61548
5504 61501
5505 62068
5506 61936
5507 61720
5508 62121
5509 62018
5510 62377
5511 61920
5512 61939
5513 63006
5514 62392
5515 62679
5516 62534
5517 62953
5518 62657
5519 62593
5520 62727
5521 62483
5522 63216
5523 62381
5524 62243
5525 62464
5526 62443
5527 62826
5528 62309
5529 61752
5530 62389
5531 62425
5532 62383
5533 62121
5534 62472
5535 62289
5536 62078
5537 62047
5538 62569
5539 62715
5540 62813
5541 62583
5542 62843
5543 62760
5544 62632
5545 62574
5546 62142
5547 62554
5548 62250
5549 62083
5550 62737
5551 62010
5552 62579
5553 61956
5554 62033
5555 61883
5556 61815
5557 61984
5558 62242
5559 61525
5560 61295
5561 61607
5562 61699
5563 61071
5564 61350
5565 61539
5566 61016
5567 61177
5568 60456
5569 61151
5570 60649
5571 61188
5572 60553
5573 60442
5574 60370
5575 60960
5576 60746
5577 60345
5578 60496
5579 60477
5580 60201
5581 60537
5582 60673
5583 60503
5584 60339
5585 60610
5586 60463
5587 60605
5588 60833
5589 60924
5590 60907
5591 61106
5592 60932
5593 61299
5594 61232
5595 61300
5596 60916
5597 61280
5598 61573
5599 61856
5600 61530
5601 61846
5602 61912
5603 61830
5604 61325
5605 61556
5606 62105
5607 62003
5608 62246
5609 62386
5610 62228
5611 62578
5612 62036
5613 62643
5614 62627
5615 62445
5616 62477
5617 62524
5618 62706
5619 62757
5620 62655
5621 62774
5622 62945
5623 62614
5624 62412
5625 62441
5626 62103
5627 62383
5628 62264
5629 62327
5630 61880
5631 61658
5632 62429
5633 62379
5634 61973
5635 62498
5636 62685
5637 62693
5638 62565
5639 62554
5640 62797
5641 62644
5642 62678
5643 62562
5644 62608
5645 62726
5646 62454
5647 62547
5648 62244
5649 62606
5650 62169
5651 62434
5652 61893
5653 62310
5654 62676
5655 61757
5656 61769
5657 61778
5658 61749
5659 61162
5660 61686
5661 61094
5662 61239
5663 61221
5664 61528
5665 61183
5666 60632
5667 60821
5668 61165
5669 61138
5670 60765
5671 60944
5672 60818
5673 61027
5674 60548
5675 60842
5676 60618
5677 60846
5678 60553
5679 60536
5680 60635
5681 60651
5682 60553
5683 60193
5684 60376
5685 60918
5686 60753
5687 61126
5688 61271
5689 60921
5690 60418
5691 61100
5692 61127
5693 61114
5694 60859
5695 61520
5696 61227
5697 61379
5698 61400
5699 61952
5700 61229
5701 61580
5702 61659
5703 61724
5704 61707
5705 61759
5706 61445
5707 61688
5708 61838
5709 62590
5710 62479
5711 62338
5712 62129
5713 62226
5714 62071
5715 62766
5716 62775
5717 62481
5718 62435
5719 62732
5720 62607
5721 62583
5722 62493
5723 62687
5724 62629
5725 62234
5726 62197
5727 61938
5728 62238
5729 62261
5730 62058
5731 62473
5732 62329
5733 62354
5734 62199
5735 62662
5736 62702
5737 62332
5738 62793
5739 62171
5740 62991
5741 62659
5742 62830
5743 62859
5744 62840
5745 62401
5746 62613
5747 62783
5748 62509
5749 62258
5750 62390
5751 62232
5752 62362
5753 61736
5754 62134
5755 61864
5756 62034
5757 61576
5758 62125
5759 61417
5760 61463
5761 61578
5762 61482
5763 61055
5764 61842
5765 61511
5766 61102
5767 61193
5768 61319
5769 61039
5770 60800
5771 60975
5772 60794
5773 60660
5774 60497
5775 60688
5776 60202
5777 60351
5778 60647
5779 60320
5780 60109
5781 60265
5782 60583
5783 60558
5784 60528
5785 60801
5786 60677
5787 61054
5788 60462
5789 60865
5790 60818
5791 61392
5792 61189
5793 61079
5794 61289
5795 61212
5796 61352
5797 61307
5798 61555
5799 61510
5800 61959
5801 61253
5802 61690
5803 62004
5804 62011
5805 61995
5806 62048
5807 62041
5808 62551
5809 62209
5810 61934
5811 61763
5812 62454
5813 62371
5814 62491
5815 62481
5816 62772
5817 62568
5818 62626
5819 62693
5820 62530
5821 62550
5822 62628
5823 62585
5824 62627
5825 62178
5826 62278
5827 62178
5828 62339
5829 62402
5830 62077
5831 62319
5832 62618
5833 62584
5834 62607
5835 62460
5836 62705
5837 62593
5838 62999
5839 62538
5840 62888
5841 62688
5842 62467
5843 62157
5844 62620
5845 63008
5846 62944
5847 62397
5848 62386
5849 62670
5850 62695
5851 61969
5852 62150
5853 62081
5854 61990
5855 62172
5856 61672
5857 61659
5858 61987
5859 61822
5860 61241
5861 61232
5862 60983
5863 61595
5864 61405
5865 61124
5866 61011
5867 60986
5868 61064
5869 61150
5870 61315
5871 61003
5872 60746
5873 60665
5874 60858
5875 60834
5876 60949
5877 60474
5878 60761
5879 60444
5880 60619
5881 60771
5882 60875
5883 60814
5884 60679
5885 61056
5886 61008
5887 60965
5888 60751
5889 61096
5890 61067
5891 61298
5892 60719
5893 61183
5894 61343
5895 61561
5896 61565
5897 61530
5898 61700
5899 61167
5900 61362
5901 61333
5902 61631
5903 61356
5904 61859
5905 61641
5906 62083
5907 61710
5908 62010
5909 62089
5910 62198
5911 62243
5912 62158
5913 62524
5914 62698
5915 62784
5916 62357
5917 62735
5918 63213
5919 62743
5920 62469
5921 62491
5922 62455
5923 62859
5924 62785
5925 62457
5926 62738
5927 62535
5928 62143
5929 62172
5930 61855
5931 62293
5932 62515
5933 62583
5934 62606
5935 62718
5936 62185
5937 62375
5938 62623
5939 62744
5940 62786
5941 62340
5942 62500
5943 62368
5944 62685
5945 62493
5946 62327
5947 62187
5948 62641
5949 62529
5950 62313
5951 62263
5952 62221
5953 62302
5954 61705
5955 61935
5956 61837
5957 62016
5958 61734
5959 61667
5960 62016
5961 61627
5962 61688
5963 61271
5964 61353
5965 61616
5966 61242
5967 61168
5968 61573
5969 61144
5970 61046
5971 61601
5972 60838
5973 61211
5974 61252
5975 60531
5976 60513
5977 60721
5978 60382
5979 60345
5980 60879
5981 60700
5982 60720
5983 60687
5984 60544
5985 60736
5986 60872
5987 60568
5988 60962
5989 61450
5990 61060
5991 61036
5992 61294
5993 60851
5994 61244
5995 61053
5996 61130
5997 61588
5998 61809
5999 61498
6000 61875
6001 61658
6002 61878
6003 62022
6004 61830
6005 62010
6006 62078
6007 61496
6008 62452
6009 62300
6010 62291
6011 62386
6012 62796
6013 62233
6014 62363
6015 62846
6016 62923
6017 62761
6018 62462
6019 62739
6020 62817
6021 62903
6022 62778
6023 62534
6024 62768
6025 62407
6026 62461
6027 62892
6028 62188
6029 62426
6030 62268
6031 62563
6032 62702
6033 62345
6034 62322
6035 62608
6036 62945
6037 62722
6038 62782
6039 62731
6040 63083
6041 62340
6042 62805
6043 62488
6044 62550
6045 63049
6046 62558
6047 62385
6048 62409
6049 62270
6050 62374
6051 62392
6052 62375
6053 62239
6054 62269
6055 61710
6056 61991
6057 61764
6058 62249
6059 61470
6060 61924
6061 61516
6062 61103
6063 61329
6064 61418
6065 61247
6066 61624
6067 60891
6068 61053
6069 61268
6070 60990
6071 61070
6072 61299
6073 61142
6074 61144
6075 60827
6076 60664
6077 60883
6078 61032
6079 60526
6080 60978
6081 60942
6082 60838
6083 60848
6084 60738
6085 60990
6086 61240
6087 60966
6088 60976
6089 61091
6090 61049
6091 60923
6092 61459
6093 61307
6094 61682
6095 61605
6096 61354
6097 61085
6098 61826
6099 61576
6100 61514
6101 61824
6102 61757
6103 61850
6104 61466
6105 61754
6106 62255
6107 62114
6108 62182
6109 62057
6110 62301
6111 62359
6112 62315
6113 62465
6114 62466
6115 62595
6116 62814
6117 62852
6118 62328
6119 62322
6120 62932
6121 62523
6122 62852
6123 62645
6124 62207
6125 62977
6126 62487
6127 62176
6128 62668
6129 62261
6130 62453
6131 62234
6132 62745
6133 62103
6134 62668
6135 62808
6136 62941
6137 62661
6138 62698
6139 62669
6140 62697
6141 62493
6142 62137
6143 62740
6144 63303
6145 63000
6146 62328
6147 62825
6148 62602
6149 62246
6150 61949
6151 62675
6152 62478
6153 62394
6154 62064
6155 62461
6156 62387
6157 61908
6158 61653
6159 61908
6160 61872
6161 61922
6162 61521
6163 61828
6164 61650
6165 61598
6166 61314
6167 61283
6168 61987
6169 61465
6170 61541
6171 61384
6172 60920
6173 61366
6174 61460
6175 61148
6176 60997
6177 61056
6178 60661
6179 60521
6180 61027
6181 60709
6182 61167
6183 61263
6184 61013
6185 61021
6186 61233
6187 61330
6188 61284
6189 61359
6190 61458
6191 61274
6192 61281
6193 61431
6194 61710
6195 61641
6196 61976
6197 61534
6198 61640
6199 61922
6200 62013
6201 61677
6202 62328
6203 62039
6204 62339
6205 62661
6206 62492
6207 62461
6208 62468
6209 62694
6210 62543
6211 62551
6212 62528
6213 62561
6214 63027
6215 62590
6216 63276
6217 62593
6218 62891
6219 63052
6220 63069
6221 62530
6222 62705
6223 63026
6224 62773
6225 62979
6226 62680
6227 62793
6228 62587
6229 62541
6230 62477
6231 63156
6232 62751
6233 62946
6234 62709
6235 62550
6236 62566
6237 62804
6238 62792
6239 62867
6240 63072
6241 62662
6242 62758
6243 62892
6244 62923
6245 62986
6246 63024
6247 62752
6248 62428
6249 62412
6250 62636
6251 62470
6252 62654
6253 62618
6254 62368
6255 62005
6256 61986
6257 62199
6258 62554
6259 62023
6260 61785
6261 61806
6262 61953
6263 61862
6264 61624
6265 61825
6266 61485
6267 61950
6268 61606
6269 61524
6270 61608
6271 61915
6272 61405
6273 61499
6274 61921
6275 61077
6276 61342
6277 60757
6278 60749
6279 61201
6280 61006
6281 61306
6282 61345
6283 61186
6284 61453
6285 61422
6286 61689
6287 61191
6288 61710
6289 61319
6290 61666
6291 61592
6292 61565
6293 61539
6294 62007
6295 61654
6296 62002
6297 62176
6298 62116
6299 61905
6300 62221
6301 62575
6302 62093
6303 62056
6304 62280
6305 62485
6306 62659
6307 62797
6308 62684
6309 62893
6310 62430
6311 62668
6312 62823
6313 62509
6314 62857
6315 62750
6316 62609
6317 62879
6318 63425
6319 62629
6320 62649
6321 62346
6322 63162
6323 62974
6324 62965
6325 63226
6326 62383
6327 62674
6328 62776
6329 62167
6330 62661
6331 62450
6332 62343
6333 62865
6334 62726
6335 62896
6336 62818
6337 62865
6338 63063
6339 62955
6340 63416
6341 63200
6342 62901
6343 63084
6344 63004
6345 62890
6346 62894
6347 62983
6348 63017
6349 62546
6350 62659
6351 62487
6352 62498
6353 62328
6354 62604
6355 62321
6356 62465
6357 62518
6358 62388
6359 62439
6360 62121
6361 62222
6362 62121
6363 62347
6364 61797
6365 61566
6366 61731
6367 61473
6368 61582
6369 61603
6370 61724
6371 61386
6372 61646
6373 61317
6374 61406
6375 61623
6376 61730
6377 61333
6378 60761
6379 61373
6380 61062
6381 61311
6382 61129
6383 60837
6384 61458
6385 61062
6386 61105
6387 61403
6388 61740
6389 61510
6390 61424
6391 61672
6392 61514
6393 61261
6394 61879
6395 62019
6396 61993
6397 61940
6398 61663
6399 62448
6400 62277
6401 62038
6402 62252
6403 61943
6404 62549
6405 62350
6406 62484
6407 62437
6408 62436
6409 62808
6410 62470
6411 62684
6412 63031
6413 62809
6414 62444
6415 62734
6416 63192
6417 63054
6418 63161
6419 63041
6420 62909
6421 62777
6422 62736
6423 62784
6424 63090
6425 62500
6426 62725
6427 62587
6428 62343
6429 62616
6430 62715
6431 62457
6432 62981
6433 62997
6434 63072
6435 62896
6436 62653
6437 62650
6438 62564
6439 63184
6440 63058
6441 62705
6442 62773
6443 63216
6444 62690
6445 63102
6446 63297
6447 63137
6448 62661
6449 62690
6450 62941
6451 62561
6452 62633
6453 62636
6454 62278
6455 62362
6456 62182
6457 62091
6458 62445
6459 62428
6460 62103
6461 62105
6462 62048
6463 62584
6464 61755
6465 61748
6466 61789
6467 61547
6468 61874
6469 61868
6470 61494
6471 61475
6472 61948
6473 61440
6474 61262
6475 61830
6476 61454
6477 61194
6478 61053
6479 61149
6480 61428
6481 60913
6482 61196
6483 61548
6484 61378
6485 61623
6486 61245
6487 61594
6488 62112
6489 61330
6490 61539
6491 62160
6492 61578
6493 62055
6494 61878
6495 61789
6496 61830
6497 62062
6498 62283
6499 62012
6500 61681
6501 61910
6502 62175
6503 62037
6504 62247
6505 62892
6506 62526
6507 62487
6508 62588
6509 62446
6510 62555
6511 62901
6512 62762
6513 62639
6514 62798
6515 62882
6516 62752
6517 62618
6518 62485
6519 62572
6520 62803
6521 62703
6522 63066
6523 63074
6524 62548
6525 62808
6526 62806
6527 62520
6528 62842
6529 62883
6530 62501
6531 62808
6532 63029
6533 62790
6534 62700
6535 62818
6536 62615
6537 62889
6538 63159
6539 62866
6540 62986
6541 62924
6542 62667
6543 62754
6544 62955
6545 62726
6546 63041
6547 62918
6548 62838
6549 63178
6550 62940
6551 62733
6552 62504
6553 62290
6554 62683
6555 62474
6556 62294
6557 62382
6558 62367
6559 62014
6560 62224
6561 61885
6562 62324
6563 61987
6564 61864
6565 61965
6566 61952
6567 61964
6568 61525
6569 61981
6570 61965
6571 61639
6572 61689
6573 61256
6574 61253
6575 61460
6576 61130
6577 61491
6578 61346
6579 61698
6580 61124
6581 61107
6582 61370
6583 61224
6584 61497
6585 61364
6586 61593
6587 61647
6588 61902
6589 61945
6590 61791
6591 61501
6592 62041
6593 61985
6594 61955
6595 61683
6596 61817
6597 61946
6598 61847
6599 62303
6600 61860
6601 62029
6602 62389
6603 62506
6604 62698
6605 62236
6606 62281
6607 62812
6608 62382
6609 62842
6610 62940
6611 62633
6612 62833
6613 62897
6614 63503
6615 63135
6616 62726
6617 62679
6618 62983
6619 62936
6620 62705
6621 62667
6622 63301
6623 62862
6624 63191
6625 62751
6626 62564
6627 62767
6628 62465
6629 62452
6630 62812
6631 62940
6632 62533
6633 63102
6634 63281
6635 63204
6636 63000
6637 63075
6638 63040
6639 62839
6640 63218
6641 62990
6642 63056
6643 63224
6644 62950
6645 62758
6646 62812
6647 62417
6648 62842
6649 62717
6650 62803
6651 62692
6652 62906
6653 62622
6654 62549
6655 62411
6656 62219
6657 62315
6658 62275
6659 61907
6660 61968
6661 61853
6662 61975
6663 62060
6664 61893
6665 62117
6666 61513
6667 61786
6668 61856
6669 61740
6670 61965
6671 61472
6672 61744
6673 61934
6674 61483
6675 61423
6676 61452
6677 61380
6678 61013
6679 61432
6680 61755
6681 61350
6682 61636
6683 61048
6684 61246
6685 61545
6686 61886
6687 61949
6688 61586
6689 61747
6690 61942
6691 61887
6692 61912
6693 61769
6694 61763
6695 61761
6696 62124
6697 62084
6698 61559
6699 61896
6700 62662
6701 62301
6702 62290
6703 62292
6704 62417
6705 62432
6706 62350
6707 62471
6708 62828
6709 63052
6710 62958
6711 62483
6712 62600
6713 62683
6714 62965
6715 63149
6716 62854
6717 63130
6718 63182
6719 62743
6720 63095
6721 63072
6722 63248
6723 63615
6724 63018
6725 62884
6726 62571
6727 63049
6728 62588
6729 62317
6730 62877
6731 63110
6732 62584
6733 63041
6734 62934
6735 62880
6736 63031
6737 62492
6738 63170
6739 63081
6740 63060
6741 63014
6742 62687
6743 63073
6744 62462
6745 63301
6746 62741
6747 62842
6748 62892
6749 62083
6750 62354
6751 62468
6752 62708
6753 62097
6754 62704
6755 62888
6756 62204
6757 62653
6758 61739
6759 62164
6760 61869
6761 61775
6762 61771
6763 61864
6764 61514
6765 61554
6766 61716
6767 61575
6768 61764
6769 61853
6770 61296
6771 61437
6772 61117
6773 60968
6774 61185
6775 61064
6776 61341
6777 61293
6778 61253
6779 61105
6780 60960
6781 60962
6782 61020
6783 60757
6784 61070
6785 60975
6786 61125
6787 60999
6788 60741
6789 61443
6790 61569
6791 61313
6792 61420
6793 61269
6794 61548
6795 61630
6796 61753
6797 61935
6798 61520
6799 61591
6800 62029
6801 62319
6802 61849
6803 61944
6804 61785
6805 62148
6806 61991
6807 62150
6808 62126
6809 62071
6810 62200
6811 62815
6812 62065
6813 62587
6814 62620
6815 62704
6816 62275
6817 62806
6818 62525
6819 62520
6820 62532
6821 62547
6822 62907
6823 62522
6824 62499
6825 62411
6826 62939
6827 62414
6828 62355
6829 62716
6830 62449
6831 62571
6832 62526
6833 62741
6834 62980
6835 62407
6836 62806
6837 62448
6838 62614
6839 62314
6840 62610
6841 62596
6842 63113
6843 62503
6844 62707
6845 62587
6846 63115
6847 62390
6848 62902
6849 62725
6850 62335
6851 62470
6852 62478
6853 62584
6854 62343
6855 62226
6856 62199
6857 62132
6858 62403
6859 61769
6860 61911
6861 61831
6862 61802
6863 61676
6864 61306
6865 62156
6866 61934
6867 61938
6868 61757
6869 61873
6870 61660
6871 61531
6872 61330
6873 61440
6874 60973
6875 60993
6876 61663
6877 61209
6878 61538
6879 61301
6880 61367
6881 61293
6882 61184
6883 61308
6884 61678
6885 61160
6886 61652
6887 61426
6888 61604
6889 61483
6890 61735
6891 61964
6892 61640
6893 61917
6894 61745
6895 61424
6896 62256
6897 61857
6898 61732
6899 61990
6900 62414
6901 61948
6902 62130
6903 62246
6904 62185
6905 62385
6906 62282
6907 62546
6908 62625
6909 62971
6910 62507
6911 62548
6912 63088
6913 62777
6914 62869
6915 63163
6916 62491
6917 62737
6918 63228
6919 63226
6920 62847
6921 62995
6922 63338
6923 63105
6924 62971
6925 62966
6926 62954
6927 62814
6928 62929
6929 62782
6930 62858
6931 62757
6932 62740
6933 62892
6934 62921
6935 63034
6936 62957
6937 62956
6938 62701
6939 62723
6940 63025
6941 62761
6942 63106
6943 62944
6944 63114
6945 62986
6946 63018
6947 63087
6948 62734
6949 62756
6950 63122
6951 63015
6952 62772
6953 62740
6954 62650
6955 62536
6956 62396
6957 62233
6958 62605
6959 62497
6960 62337
6961 62395
6962 62139
6963 62299
6964 62233
6965 62292
6966 61942
6967 62214
6968 62311
6969 62359
6970 61979
6971 61853
6972 61648
6973 62099
6974 61645
6975 61919
6976 61846
6977 61909
6978 61628
6979 61740
6980 61996
6981 61177
6982 62055
6983 61899
6984 61693
6985 62092
6986 61953
6987 62391
6988 62414
6989 61978
6990 62072
6991 62372
6992 62314
6993 62426
6994 61985
6995 62119
6996 62196
6997 62377
6998 62336
6999 62218
7000 62283
7001 62623
7002 62598
7003 62727
7004 62301
7005 62988
7006 62596
7007 63057
7008 62763
7009 62922
7010 63158
7011 63076
7012 63037
7013 62955
7014 62598
7015 63633
7016 63210
7017 63168
7018 63309
7019 63437
7020 63587
7021 63085
7022 62990
7023 63390
7024 63189
7025 63333
7026 63367
7027 62759
7028 63342
7029 62653
7030 62557
7031 62766
7032 62959
7033 63469
7034 62593
7035 63475
7036 63291
7037 62821
7038 63031
7039 63429
7040 62994
7041 63261
7042 62894
7043 62912
7044 62923
7045 63303
7046 63280
7047 62890
7048 62714
7049 62809
7050 62698
7051 63035
7052 63209
7053 62623
7054 62892
7055 62743
7056 62805
7057 62448
7058 62529
7059 62163
7060 62677
7061 62295
7062 62195
7063 62234
7064 62454
7065 62004
7066 62112
7067 61918
7068 62285
7069 62312
7070 61745
7071 61819
7072 61928
7073 61771
7074 61881
7075 61559
7076 61438
7077 61446
7078 61676
7079 61330
7080 61297
7081 61502
7082 61681
7083 61359
7084 62035
7085 61590
7086 61298
7087 61434
7088 61449
7089 61899
7090 61902
7091 61889
7092 61872
7093 62157
7094 62175
