H11890
GateTime 10
GateNumber 0
SN 30430302
0 60766
1 61060
2 61442
3 62147
4 64010
5 64066
6 63374
7 62088
8 61047
9 60565
10 59839
11 60562
12 60601
13 60700
14 61366
15 62267
16 64207
17 64638
18 62991
19 61565
20 60547
21 60582
22 61006
23 61562
24 63625
25 64313
26 63241
27 61432
28 60766
29 60359
30 59842
31 60174
32 60151
33 60504
34 60999
35 61738
36 63711
37 64527
38 62658
39 60824
40 60414
41 60301
42 60733
43 61620
44 63482
45 64279
46 62778
47 60738
48 60647
49 60031
50 59630
51 59524
52 59832
53 60428
54 60939
55 61756
56 63650
57 64133
58 62273
59 61089
60 60342
61 60082
62 60497
63 61565
64 63238
65 63797
66 62701
67 61111
68 60545
69 59997
70 59523
71 59786
72 59809
73 60380
74 60641
75 61617
76 63278
77 64024
78 62258
79 61013
80 60559
81 60536
82 60431
83 61636
84 63170
85 63866
86 63020
87 61598
88 60493
89 59930
90 60008
91 60039
92 60004
93 60165
94 60901
95 61959
96 62875
97 64076
98 62459
99 60867
100 60694
101 60235
102 61023
103 61606
104 63226
105 63494
106 62937
107 61521
108 60292
109 60309
110 59878
111 59815
112 60080
113 60298
114 60386
115 61935
116 62901
117 63794
118 62382
119 60840
120 60236
121 60085
122 60691
123 61504
124 62879
125 63748
126 62972
127 61535
128 60428
129 60062
130 59554
131 60225
132 59929
133 60360
134 60788
135 62118
136 63397
137 63810
138 62496
139 61264
140 60436
141 60585
142 60577
143 61665
144 63163
145 64123
146 62615
147 61235
148 60709
149 59818
150 59863
151 60062
152 60400
153 60094
154 60727
155 61589
156 63457
157 64137
158 62332
159 60921
160 60290
161 60237
162 60317
163 61471
164 63330
165 63881
166 62553
167 61312
168 60676
169 60229
170 59695
171 60063
172 60140
173 60020
174 60858
175 61824
176 63551
177 64215
178 62287
179 60922
180 60122
181 60450
182 60825
183 61490
184 63197
185 63833
186 62592
187 61439
188 60319
189 60122
190 60179
191 59706
192 59961
193 60184
194 60873
195 61963
196 63070
197 63960
198 62905
199 60924
200 60339
201 60051
202 60491
203 61401
204 63356
205 63927
206 62135
207 61306
208 60137
209 59979
210 59511
211 59695
212 59698
213 60119
214 60509
215 61426
216 63175
217 63698
218 62361
219 61093
220 60108
221 60028
222 60811
223 61231
224 63053
225 63558
226 62257
227 61735
228 60640
229 59864
230 59669
231 59545
232 59722
233 60375
234 60881
235 61634
236 63326
237 63900
238 62444
239 61015
240 60455
241 60269
242 60793
243 61923
244 63386
245 64378
246 62969
247 61398
248 60522
249 60306
250 59839
251 59640
252 60171
253 60546
254 60572
255 61472
256 63479
257 63941
258 62373
259 61118
260 60192
261 59795
262 60022
263 61342
264 62883
265 63442
266 62460
267 60412
268 60165
269 59556
270 59596
271 59421
272 59838
273 59791
274 60375
275 61468
276 62932
277 63432
278 62378
279 60650
280 60141
281 59995
282 60288
283 61558
284 62743
285 63632
286 62982
287 61140
288 60379
289 60325
290 59991
291 59840
292 60126
293 60336
294 61086
295 61795
296 63443
297 63623
298 62644
299 61425
300 60781
301 59842
302 60141
303 61514
304 63379
305 63723
306 62873
307 61246
308 60895
309 60377
310 59742
311 59990
312 60153
313 60434
314 60543
315 61873
316 63313
317 63714
318 62241
319 60707
320 60051
321 60074
322 60435
323 61405
324 63194
325 63481
326 62192
327 61069
328 60194
329 59938
330 59272
331 59634
332 59741
333 59774
334 60251
335 61332
336 63035
337 63399
338 62122
339 60941
340 60249
341 59948
342 60412
343 61166
344 62886
345 62796
346 62147
347 60925
348 59960
349 59601
350 59295
351 59750
352 59841
353 59946
354 60823
355 61454
356 62664
357 63317
358 61943
359 60504
360 60219
361 59831
362 60324
363 60944
364 62322
365 63188
366 62368
367 61190
368 60534
369 59531
370 59416
371 59217
372 60001
373 60049
374 60660
375 61395
376 63122
377 63622
378 62200
379 60703
380 60112
381 59218
382 60621
383 61105
384 62806
385 63207
386 62421
387 61087
388 60115
389 59844
390 59593
391 59585
392 59545
393 59863
394 59983
395 61256
396 62929
397 62981
398 62057
399 60596
400 60094
401 59678
402 60298
403 61393
404 62804
405 63089
406 62240
407 60930
408 60102
409 59767
410 59414
411 59725
412 59700
413 60175
414 60223
415 61347
416 62485
417 63339
418 61694
419 60409
420 59831
421 59850
422 60206
423 60937
424 62036
425 62789
426 62290
427 60571
428 59967
429 59508
430 59353
431 59455
432 59757
433 60040
434 60464
435 61247
436 62419
437 63153
438 61677
439 60425
440 60346
441 59861
442 59990
443 60498
444 62404
445 63121
446 61822
447 60465
448 59988
449 59839
450 59598
451 59750
452 59548
453 59775
454 59998
455 61262
456 62394
457 63119
458 61266
459 60580
460 60386
461 59604
462 60157
463 60467
464 63041
465 63363
466 61902
467 60935
468 59965
469 59436
470 59420
471 59605
472 59647
473 60072
474 60861
475 61539
476 62616
477 62704
478 61926
479 60966
480 60196
481 59922
482 60106
483 60851
484 63040
485 62568
486 62172
487 61100
488 60005
489 59908
490 59248
491 59265
492 59515
493 59942
494 60494
495 61194
496 62041
497 63057
498 62188
499 60550
500 59978
501 59561
502 60176
503 60710
504 62629
505 62831
506 61841
507 60850
508 60123
509 59589
510 59346
511 59345
512 59370
513 59708
514 60400
515 61178
516 62460
517 62730
518 61658
519 60135
520 60031
521 60459
522 60063
523 61264
524 62220
525 62966
526 61879
527 60602
528 60257
529 59821
530 59822
531 59340
532 59487
533 60246
534 60262
535 61388
536 62402
537 62772
538 61760
539 60289
540 60394
541 59673
542 60490
543 61223
544 62744
545 62979
546 62140
547 60829
548 60291
549 59816
550 59576
551 59497
552 59589
553 59734
554 60639
555 61159
556 62233
557 63086
558 61865
559 60256
560 60045
561 60066
562 60561
563 61078
564 62700
565 63245
566 61837
567 60896
568 60153
569 59953
570 59820
571 59474
572 59700
573 59559
574 60033
575 61232
576 62494
577 62898
578 61943
579 60550
580 59985
581 60042
582 60323
583 61237
584 62442
585 62910
586 61820
587 61185
588 59778
589 60018
590 59646
591 59348
592 59610
593 59957
594 60253
595 60977
596 62160
597 62900
598 61554
599 60364
600 60095
601 60484
602 60340
603 60860
604 62631
605 63154
606 61921
607 60708
608 59915
609 59718
610 59337
611 59678
612 59689
613 60068
614 60312
615 61157
616 62690
617 62866
618 61714
619 60397
620 59988
621 60154
622 60220
623 61130
624 62524
625 62737
626 61820
627 60800
628 59809
629 59890
630 59589
631 59379
632 59576
633 60201
634 60682
635 61116
636 62262
637 62659
638 61743
639 60741
640 60028
641 60078
642 60247
643 61294
644 62466
645 63088
646 62094
647 61356
648 60210
649 59803
650 59683
651 59961
652 59638
653 59908
654 60336
655 60954
656 62716
657 63099
658 61926
659 60550
660 60288
661 59835
662 60510
663 61031
664 62488
665 62799
666 61480
667 60646
668 59735
669 59810
670 59616
671 59509
672 59721
673 59890
674 60376
675 61241
676 62664
677 63073
678 62087
679 60520
680 60044
681 59992
682 60062
683 61300
684 62060
685 63058
686 61812
687 61051
688 60069
689 59272
690 59310
691 59433
692 59529
693 59945
694 60397
695 61205
696 62431
697 62955
698 62063
699 60903
700 60453
701 59994
702 60342
703 61391
704 62555
705 63019
706 61548
707 60543
708 60259
709 59890
710 59618
711 59444
712 59657
713 60246
714 60375
715 61708
716 62305
717 63007
718 61673
719 60656
720 59666
721 59882
722 60579
723 61493
724 62602
725 63045
726 61929
727 61035
728 59877
729 59763
730 59336
731 59450
732 60031
733 60138
734 60123
735 61085
736 62487
737 62627
738 61700
739 60542
740 60123
741 60113
742 60549
743 61258
744 62638
745 63096
746 61735
747 60674
748 60291
749 59815
750 59855
751 59369
752 59832
753 59693
754 60285
755 61482
756 62464
757 63284
758 61695
759 60930
760 60222
761 59967
762 60389
763 61434
764 62680
765 63180
766 61992
767 60735
768 60248
769 59701
770 59616
771 59569
772 59350
773 59989
774 60464
775 60722
776 62085
777 62564
778 61650
779 60538
780 60215
781 60285
782 60520
783 61099
784 62802
785 62824
786 62360
787 60483
788 60180
789 59732
790 59517
791 59945
792 59517
793 60336
794 60690
795 61125
796 62387
797 63358
798 62213
799 60477
800 60029
801 59893
802 60662
803 61089
804 62657
805 62631
806 61519
807 60626
808 59873
809 59608
810 59562
811 59602
812 59592
813 59704
814 60031
815 61436
816 62578
817 63031
818 61726
819 60972
820 60299
821 59795
822 60331
823 61201
824 62461
825 63041
826 61844
827 60741
828 60269
829 60070
830 59788
831 59782
832 59534
833 59913
834 60484
835 61640
836 62213
837 63033
838 61756
839 60744
840 60474
841 59869
842 60111
843 61180
844 62424
845 62925
846 61934
847 60408
848 59752
849 59494
850 59413
851 59857
852 59529
853 59412
854 60360
855 61235
856 62099
857 62937
858 61970
859 60331
860 60099
861 59915
862 60439
863 61028
864 62654
865 63105
866 62192
867 60688
868 59873
869 59926
870 59466
871 59298
872 59609
873 59783
874 60287
875 61316
876 62400
877 63102
878 61935
879 60623
880 60076
881 60212
882 60023
883 60992
884 62632
885 63081
886 61924
887 60839
888 60080
889 59592
890 59273
891 59678
892 59629
893 59950
894 60399
895 61366
896 62707
897 63080
898 62192
899 61160
900 60621
901 59770
902 60495
903 61788
904 63092
905 63030
906 61695
907 61207
908 60298
909 59519
910 59779
911 59603
912 59525
913 59624
914 60330
915 61352
916 62716
917 63508
918 62098
919 60326
920 60242
921 60477
922 60473
923 60998
924 62403
925 63125
926 62478
927 60781
928 60443
929 59674
930 59420
931 59678
932 59625
933 60032
934 60653
935 61690
936 62737
937 63013
938 61932
939 60750
940 60378
941 60274
942 60493
943 61123
944 62435
945 63207
946 62416
947 60732
948 59996
949 59994
950 59425
951 59394
952 59725
953 59761
954 60321
955 61635
956 62465
957 62991
958 61869
959 60776
960 60152
961 60266
962 60197
963 61361
964 62603
965 63401
966 62188
967 60659
968 60268
969 59829
970 60017
971 59705
972 59903
973 60202
974 60419
975 61135
976 62259
977 63140
978 62422
979 61230
980 60011
981 59926
982 60465
983 61013
984 62721
985 63904
986 62178
987 61249
988 59900
989 59954
990 59595
991 59609
992 59700
993 60506
994 60223
995 61534
996 62180
997 62812
998 62201
999 60765
1000 60012
1001 59705
1002 60467
1003 61240
1004 62827
1005 63346
1006 62077
1007 60866
1008 60198
1009 60036
1010 59535
1011 59585
1012 60005
1013 60263
1014 60164
1015 61295
1016 62793
1017 63299
1018 62162
1019 60311
1020 60128
1021 60156
1022 60812
1023 61197
1024 62483
1025 63540
1026 62258
1027 60766
1028 60234
1029 59643
1030 59724
1031 59777
1032 59753
1033 60222
1034 60774
1035 61217
1036 62929
1037 63486
1038 61929
1039 61108
1040 60074
1041 60085
1042 60509
1043 61610
1044 62695
1045 63549
1046 62326
1047 61032
1048 60229
1049 60021
1050 59818
1051 59712
1052 59984
1053 60321
1054 60707
1055 61010
1056 62736
1057 63206
1058 62321
1059 60272
1060 60123
1061 60058
1062 60570
1063 61566
1064 62620
1065 63245
1066 61896
1067 61043
1068 60009
1069 59788
1070 59702
1071 59320
1072 59737
1073 59740
1074 60230
1075 61320
1076 62664
1077 63556
1078 61800
1079 60821
1080 60348
1081 60003
1082 60453
1083 61203
1084 62819
1085 63016
1086 62026
1087 61105
1088 60092
1089 59614
1090 59703
1091 59224
1092 59738
1093 59830
1094 60313
1095 61223
1096 62194
1097 62958
1098 61718
1099 60973
1100 60188
1101 60018
1102 60002
1103 61392
1104 62376
1105 63569
1106 62134
1107 60892
1108 60215
1109 59687
1110 59606
1111 59844
1112 59664
1113 60052
1114 60579
1115 61321
1116 62749
1117 63482
1118 61837
1119 60611
1120 60054
1121 60055
1122 60351
1123 60961
1124 62749
1125 63267
1126 61893
1127 61149
1128 60302
1129 59517
1130 59185
1131 59457
1132 59629
1133 60008
1134 60148
1135 61146
1136 62683
1137 62632
1138 62042
1139 61045
1140 60082
1141 59973
1142 60273
1143 61534
1144 62617
1145 62940
1146 62159
1147 60549
1148 59919
1149 59848
1150 59830
1151 59912
1152 59620
1153 59828
1154 60462
1155 61515
1156 62182
1157 63033
1158 61837
1159 60675
1160 60067
1161 60437
1162 60357
1163 61236
1164 62782
1165 63107
1166 61993
1167 60845
1168 60020
1169 59880
1170 59490
1171 59665
1172 59924
1173 59983
1174 60462
1175 61211
1176 62737
1177 62602
1178 61928
1179 60661
1180 60433
1181 60377
1182 60362
1183 60782
1184 62615
1185 63105
1186 62082
1187 60808
1188 60083
1189 59510
1190 59765
1191 59506
1192 59695
1193 60050
1194 60465
1195 60977
1196 62426
1197 63047
1198 61788
1199 60675
1200 60106
1201 59710
1202 60642
1203 60911
1204 62799
1205 63498
1206 61894
1207 60786
1208 60248
1209 59860
1210 59586
1211 59535
1212 59817
1213 59741
1214 60569
1215 61145
1216 62780
1217 62989
1218 62053
1219 60411
1220 60316
1221 60172
1222 60429
1223 61349
1224 62478
1225 63288
1226 62118
1227 60971
1228 59995
1229 59643
1230 59629
1231 59501
1232 59268
1233 59918
1234 60268
1235 61373
1236 62423
1237 63013
1238 61851
1239 60442
1240 60000
1241 60275
1242 60351
1243 61293
1244 62630
1245 62955
1246 61939
1247 60907
1248 59734
1249 59404
1250 59436
1251 59248
1252 59633
1253 59776
1254 60515
1255 61849
1256 62765
1257 63181
1258 61955
1259 60700
1260 60031
1261 60257
1262 60470
1263 60904
1264 62542
1265 63054
1266 62073
1267 60905
1268 60139
1269 59962
1270 59594
1271 59675
1272 59429
1273 59517
1274 60597
1275 61072
1276 62625
1277 63009
1278 62435
1279 60783
1280 60080
1281 60061
1282 60361
1283 61255
1284 62546
1285 62716
1286 62333
1287 60873
1288 59915
1289 59411
1290 59839
1291 59702
1292 59884
1293 59530
1294 60397
1295 61168
1296 62547
1297 63177
1298 61986
1299 60671
1300 60090
1301 60089
1302 60360
1303 61006
1304 62673
1305 63259
1306 61499
1307 60508
1308 59908
1309 59845
1310 59524
1311 59551
1312 59402
1313 59682
1314 60649
1315 61366
1316 62224
1317 62985
1318 61981
1319 60824
1320 60069
1321 59918
1322 60363
1323 61142
1324 62358
1325 63362
1326 61804
1327 61002
1328 59868
1329 60076
1330 59381
1331 59386
1332 59524
1333 59671
1334 60226
1335 61551
1336 62469
1337 63173
1338 60983
1339 60683
1340 59891
1341 59842
1342 60706
1343 61072
1344 62834
1345 63241
1346 61598
1347 61026
1348 60525
1349 59816
1350 59637
1351 59304
1352 59345
1353 60145
1354 60297
1355 61366
1356 62446
1357 62782
1358 61819
1359 60946
1360 60140
1361 59953
1362 60536
1363 61182
1364 62695
1365 63279
1366 61780
1367 60926
1368 59895
1369 59572
1370 59394
1371 59625
1372 59720
1373 59965
1374 60230
1375 61563
1376 62206
1377 62634
1378 62120
1379 60810
1380 60341
1381 59987
1382 60433
1383 60914
1384 62360
1385 63290
1386 61991
1387 60797
1388 60425
1389 59457
1390 59450
1391 59048
1392 59737
1393 59894
1394 60128
1395 61233
1396 62774
1397 63477
1398 61928
1399 60380
1400 59808
1401 59761
1402 60846
1403 61249
1404 62821
1405 63227
1406 61756
1407 60508
1408 60201
1409 59375
1410 59442
1411 59550
1412 59459
1413 59695
1414 60149
1415 61109
1416 62535
1417 63229
1418 61708
1419 60495
1420 60243
1421 59894
1422 60206
1423 61438
1424 62385
1425 63482
1426 61935
1427 60780
1428 60299
1429 59399
1430 59224
1431 59179
1432 59627
1433 59797
1434 60596
1435 61026
1436 62127
1437 62652
1438 61967
1439 60657
1440 59689
1441 60015
1442 60028
1443 60969
1444 62514
1445 62964
1446 61552
1447 60080
1448 59807
1449 59967
1450 59334
1451 59416
1452 59602
1453 60170
1454 60327
1455 61150
1456 62226
1457 63296
1458 61876
1459 60770
1460 60199
1461 59645
1462 60067
1463 61073
1464 62701
1465 62756
1466 61683
1467 60303
1468 59908
1469 59558
1470 59438
1471 59419
1472 59390
1473 59893
1474 60507
1475 61006
1476 62543
1477 62932
1478 61873
1479 60682
1480 60242
1481 59761
1482 60255
1483 60641
1484 62588
1485 63129
1486 61698
1487 60967
1488 59832
1489 60241
1490 59771
1491 59467
1492 59709
1493 59617
1494 60401
1495 60874
1496 62976
1497 62838
1498 62169
1499 60650
1500 59953
1501 60293
1502 60300
1503 61261
1504 62613
1505 63149
1506 62047
1507 60148
1508 60317
1509 59684
1510 59543
1511 59429
1512 59506
1513 59622
1514 60271
1515 61208
1516 62386
1517 63057
1518 61906
1519 60552
1520 59925
1521 59589
1522 60131
1523 61354
1524 62252
1525 63041
1526 62046
1527 60612
1528 60394
1529 59759
1530 59536
1531 59822
1532 59786
1533 59469
1534 60219
1535 61328
1536 62194
1537 63365
1538 61558
1539 60547
1540 59893
1541 60021
1542 60570
1543 60922
1544 62644
1545 63153
1546 61551
1547 60875
1548 60024
1549 59499
1550 59369
1551 59232
1552 59656
1553 59819
1554 60303
1555 60848
1556 62516
1557 62844
1558 61277
1559 60766
1560 60109
1561 59657
1562 60508
1563 61277
1564 62277
1565 62893
1566 61521
1567 60495
1568 59956
1569 59423
1570 59346
1571 59035
1572 59524
1573 59666
1574 60090
1575 61210
1576 61796
1577 63087
1578 61992
1579 60550
1580 60016
1581 59879
1582 60147
1583 61236
1584 62184
1585 63214
1586 62070
1587 60485
1588 59785
1589 59896
1590 59349
1591 59453
1592 59554
1593 59456
1594 60288
1595 61159
1596 62564
1597 62587
1598 61666
1599 60218
1600 60249
1601 59926
1602 59923
1603 61246
1604 62144
1605 62452
1606 61879
1607 60638
1608 59687
1609 59257
1610 59340
1611 59210
1612 59706
1613 59327
1614 60190
1615 60763
1616 62743
1617 62895
1618 61420
1619 60219
1620 60025
1621 59952
1622 60235
1623 60953
1624 62460
1625 62956
1626 61626
1627 60506
1628 60351
1629 59452
1630 59694
1631 59159
1632 59404
1633 59110
1634 60243
1635 61323
1636 62228
1637 62504
1638 61814
1639 60454
1640 59673
1641 59308
1642 60425
1643 61096
1644 62117
1645 62783
1646 61718
1647 60540
1648 60068
1649 59292
1650 59693
1651 58980
1652 59237
1653 59591
1654 60108
1655 61243
1656 62687
1657 62844
1658 61755
1659 60115
1660 60236
1661 59954
1662 59980
1663 60711
1664 62825
1665 62390
1666 61779
1667 60300
1668 59795
1669 59555
1670 59537
1671 59086
1672 59160
1673 59847
1674 60687
1675 60960
1676 62204
1677 62863
1678 61812
1679 60216
1680 59692
1681 59823
1682 60222
1683 61312
1684 62497
1685 62713
1686 61958
1687 60495
1688 60259
1689 59859
1690 59670
1691 59623
1692 59270
1693 59859
1694 59991
1695 61158
1696 62237
1697 62841
1698 61582
1699 60471
1700 59750
1701 60252
1702 60255
1703 61089
1704 62255
1705 62940
1706 61750
1707 60576
1708 60170
1709 59537
1710 59245
1711 58936
1712 59312
1713 59975
1714 60059
1715 61076
1716 62178
1717 62856
1718 61908
1719 60356
1720 59932
1721 59702
1722 60471
1723 61252
1724 62635
1725 62839
1726 61340
1727 60153
1728 59667
1729 59379
1730 59125
1731 59615
1732 59446
1733 59427
1734 60092
1735 61057
1736 62210
1737 62588
1738 61765
1739 60300
1740 59968
1741 59666
1742 60099
1743 60816
1744 62277
1745 62616
1746 61527
1747 60889
1748 60119
1749 59807
1750 59276
1751 59132
1752 59495
1753 59705
1754 60004
1755 60909
1756 62443
1757 62749
1758 61762
1759 60126
1760 60104
1761 59710
1762 60362
1763 61184
1764 62509
1765 62789
1766 61718
1767 60646
1768 59525
1769 59631
1770 59555
1771 59429
1772 59445
1773 59565
1774 60338
1775 60907
1776 62129
1777 63195
1778 61656
1779 60810
1780 59710
1781 59843
1782 60180
1783 61278
1784 62412
1785 62557
1786 61727
1787 60656
1788 59922
1789 59608
1790 59569
1791 59357
1792 59689
1793 59669
1794 60476
1795 61012
1796 62282
1797 62638
1798 61300
1799 60785
1800 60220
1801 59990
1802 59909
1803 61341
1804 62418
1805 62758
1806 61714
1807 60740
1808 59956
1809 59751
1810 59513
1811 59572
1812 59709
1813 59612
1814 60215
1815 60868
1816 62265
1817 63110
1818 61323
1819 60345
1820 60302
1821 59904
1822 60201
1823 60781
1824 62289
1825 62706
1826 61290
1827 60983
1828 60011
1829 59908
1830 59481
1831 59381
1832 59359
1833 59941
1834 59748
1835 60946
1836 62373
1837 62659
1838 61544
1839 60720
1840 59956
1841 59772
1842 60311
1843 60570
1844 62380
1845 62916
1846 61556
1847 60346
1848 59893
1849 59325
1850 59398
1851 59271
1852 59427
1853 59734
1854 60163
1855 60798
1856 62350
1857 62457
1858 61699
1859 60743
1860 59660
1861 60123
1862 60063
1863 61043
1864 62479
1865 62597
1866 61919
1867 60676
1868 59828
1869 59520
1870 59429
1871 59836
1872 59343
1873 59716
1874 60384
1875 61318
1876 62241
1877 63092
1878 61782
1879 60550
1880 60088
1881 60152
1882 60030
1883 60886
1884 62523
1885 62945
1886 61685
1887 60607
1888 59772
1889 59874
1890 59423
1891 59363
1892 60199
1893 59899
1894 60466
1895 60843
1896 62844
1897 63052
1898 61568
1899 60473
1900 60495
1901 60368
1902 60659
1903 61379
1904 62294
1905 62834
1906 61718
1907 60814
1908 60279
1909 59709
1910 59531
1911 59762
1912 59460
1913 59907
1914 60388
1915 61316
1916 61673
1917 62713
1918 61878
1919 60699
1920 59652
1921 60172
1922 60471
1923 60829
1924 62352
1925 62952
1926 61557
1927 60580
1928 59666
1929 59287
1930 59443
1931 59282
1932 59764
1933 59650
1934 60173
1935 61393
1936 62003
1937 62762
1938 61815
1939 60595
1940 60242
1941 59911
1942 60381
1943 61207
1944 62400
1945 62646
1946 61515
1947 60769
1948 60375
1949 59840
1950 59196
1951 59495
1952 59838
1953 59894
1954 60374
1955 61047
1956 62187
1957 63377
1958 61610
1959 60142
1960 60197
1961 60156
1962 60310
1963 61142
1964 62534
1965 62768
1966 61505
1967 60876
1968 60304
1969 59418
1970 59646
1971 59450
1972 59769
1973 59914
1974 60231
1975 60997
1976 62101
1977 62890
1978 61886
1979 60198
1980 60550
1981 59885
1982 60299
1983 60889
1984 62199
1985 62741
1986 61637
1987 60581
1988 60165
1989 59709
1990 59579
1991 59146
1992 59466
1993 59843
1994 60091
1995 61362
1996 62542
1997 62371
1998 61588
1999 60073
2000 60088
2001 59894
2002 60068
2003 60586
2004 62604
2005 62843
2006 61643
2007 60822
2008 59582
2009 59834
2010 59121
2011 59138
2012 59418
2013 60023
2014 60209
2015 61117
2016 62429
2017 62577
2018 61743
2019 60657
2020 59558
2021 60182
2022 59989
2023 60857
2024 62168
2025 62959
2026 61698
2027 60643
2028 59863
2029 59762
2030 59263
2031 59518
2032 59278
2033 60074
2034 59992
2035 61086
2036 62534
2037 62831
2038 61662
2039 60224
2040 59905
2041 60038
2042 60249
2043 61180
2044 62545
2045 62812
2046 61880
2047 60103
2048 59815
2049 59838
2050 59798
2051 59620
2052 59515
2053 60231
2054 60641
2055 61169
2056 62248
2057 62952
2058 61976
2059 60396
2060 59785
2061 59679
2062 60600
2063 60725
2064 62641
2065 63167
2066 61561
2067 60557
2068 59709
2069 59365
2070 59458
2071 59487
2072 59559
2073 59977
2074 60761
2075 61075
2076 62940
2077 62751
2078 61486
2079 60625
2080 60338
2081 59750
2082 60251
2083 60913
2084 62680
2085 62873
2086 62131
2087 60674
2088 59842
2089 59760
2090 59349
2091 59372
2092 59597
2093 59918
2094 60038
2095 61225
2096 62380
2097 62855
2098 61986
2099 60314
2100 60261
2101 59954
2102 60245
2103 60882
2104 62601
2105 62613
2106 61877
2107 60467
2108 60364
2109 59311
2110 59467
2111 59253
2112 59419
2113 60226
2114 60503
2115 61466
2116 62564
2117 62931
2118 61460
2119 60774
2120 59891
2121 60285
2122 60467
2123 60807
2124 62071
2125 62867
2126 61797
2127 60334
2128 60336
2129 59985
2130 59558
2131 59337
2132 59737
2133 59646
2134 60343
2135 61422
2136 62341
2137 62529
2138 61552
2139 60744
2140 59954
2141 60636
2142 60511
2143 61009
2144 62363
2145 62958
2146 61565
2147 60756
2148 60470
2149 59372
2150 59496
2151 59736
2152 59618
2153 60124
2154 60469
2155 61112
2156 62350
2157 63186
2158 61399
2159 60969
2160 60330
2161 60122
2162 60363
2163 60955
2164 62409
2165 62507
2166 61580
2167 60949
2168 59966
2169 59402
2170 59311
2171 59307
2172 59601
2173 59846
2174 60301
2175 60644
2176 62163
2177 62846
2178 61514
2179 61065
2180 59772
2181 59677
2182 60217
2183 60986
2184 62547
2185 62918
2186 62040
2187 60384
2188 59730
2189 59788
2190 59228
2191 59518
2192 59424
2193 59421
2194 60674
2195 61059
2196 62006
2197 62853
2198 61957
2199 60104
2200 60148
2201 59845
2202 60268
2203 61046
2204 62383
2205 62643
2206 61704
2207 60254
2208 59848
2209 59961
2210 59349
2211 59615
2212 59732
2213 59686
2214 60523
2215 60955
2216 62643
2217 63022
2218 61674
2219 60237
2220 60198
2221 59888
2222 60685
2223 61188
2224 62734
2225 63313
2226 61385
2227 60688
2228 59743
2229 59718
2230 59489
2231 59329
2232 59426
2233 59525
2234 60243
2235 61422
2236 62391
2237 63051
2238 61988
2239 60488
2240 59954
2241 59691
2242 60545
2243 61025
2244 62417
2245 62954
2246 61920
2247 60760
2248 60118
2249 59356
2250 59674
2251 59708
2252 59745
2253 59723
2254 59880
2255 60934
2256 62599
2257 62626
2258 62074
2259 60385
2260 60213
2261 60021
2262 60254
2263 60983
2264 62742
2265 62820
2266 61632
2267 61035
2268 60626
2269 59843
2270 59460
2271 59208
2272 59528
2273 59752
2274 60052
2275 61258
2276 62477
2277 63049
2278 61704
2279 60642
2280 59840
2281 59744
2282 60363
2283 60753
2284 62753
2285 62310
2286 61401
2287 60610
2288 59935
2289 59732
2290 59683
2291 59504
2292 59667
2293 59995
2294 60503
2295 61138
2296 62190
2297 62847
2298 61749
2299 60712
2300 59782
2301 59858
2302 60791
2303 60955
2304 62386
2305 62963
2306 61462
2307 60592
2308 60098
2309 59714
2310 59566
2311 59607
2312 59893
2313 59815
2314 60121
2315 61203
2316 62349
2317 62768
2318 61813
2319 60902
2320 60210
2321 59638
2322 60042
2323 61401
2324 62318
2325 63079
2326 61554
2327 60624
2328 60231
2329 59516
2330 59690
2331 59237
2332 59735
2333 59668
2334 60161
2335 61492
2336 62557
2337 62901
2338 61733
2339 60980
2340 60219
2341 59986
2342 60729
2343 61262
2344 62816
2345 62727
2346 61469
2347 60573
2348 59894
2349 59850
2350 59314
2351 59655
2352 59495
2353 59561
2354 60203
2355 61158
2356 62420
2357 63012
2358 61958
2359 60472
2360 60118
2361 59813
2362 59911
2363 60752
2364 62783
2365 62683
2366 61412
2367 60409
2368 60607
2369 59442
2370 59492
2371 59030
2372 59684
2373 59834
2374 60298
2375 61275
2376 62253
2377 62604
2378 61836
2379 60672
2380 60085
2381 60108
2382 60301
2383 61200
2384 62452
2385 62631
2386 61548
2387 60576
2388 59789
2389 59940
2390 59691
2391 59232
2392 59364
2393 59981
2394 60106
2395 60856
2396 62383
2397 63060
2398 61942
2399 60509
2400 60261
2401 59921
2402 60410
2403 60768
2404 62481
2405 62955
2406 61944
2407 60711
2408 60045
2409 59700
2410 59431
2411 59005
2412 59564
2413 59953
2414 60302
2415 61415
2416 62400
2417 62708
2418 61866
2419 60730
2420 59944
2421 59696
2422 59917
2423 61290
2424 62576
2425 62960
2426 61471
2427 60253
2428 60242
2429 59646
2430 59429
2431 59569
2432 59747
2433 59874
2434 60421
2435 60806
2436 62358
2437 63142
2438 61647
2439 60503
2440 59717
2441 60172
2442 60550
2443 61045
2444 62705
2445 62858
2446 61521
2447 60636
2448 59976
2449 59661
2450 59615
2451 59089
2452 59401
2453 59830
2454 60309
2455 61066
2456 62052
2457 63182
2458 62040
2459 60308
2460 59896
2461 60473
2462 60625
2463 60485
2464 62634
2465 62912
2466 62131
2467 60464
2468 60494
2469 59874
2470 59301
2471 59444
2472 59475
2473 60291
2474 60165
2475 61140
2476 62349
2477 63210
2478 62041
2479 60508
2480 60117
2481 60210
2482 60054
2483 61010
2484 62165
2485 62930
2486 61761
2487 61230
2488 60159
2489 59576
2490 59526
2491 59045
2492 59455
2493 60399
2494 60389
2495 60846
2496 62108
2497 63210
2498 61566
2499 60196
2500 59702
2501 59669
2502 60346
2503 61032
2504 62490
2505 62616
2506 61831
2507 60866
2508 60188
2509 59793
2510 59217
2511 59468
2512 59067
2513 59952
2514 60185
2515 61147
2516 62346
2517 62967
2518 61615
2519 60352
2520 59884
2521 59851
2522 60283
2523 61165
2524 62180
2525 63024
2526 61464
2527 60106
2528 59896
2529 59511
2530 59438
2531 59545
2532 59335
2533 59733
2534 60238
2535 60709
2536 62272
2537 62991
2538 61826
2539 60602
2540 59724
2541 59749
2542 60678
2543 61176
2544 62820
2545 63026
2546 61656
2547 60687
2548 60126
2549 60041
2550 59495
2551 59459
2552 59863
2553 60045
2554 60656
2555 61242
2556 62552
2557 62562
2558 61883
2559 60728
2560 60249
2561 59695
2562 60323
2563 61253
2564 62623
2565 62672
2566 61648
2567 60397
2568 60200
2569 60097
2570 59452
2571 59246
2572 59372
2573 60056
2574 60633
2575 61062
2576 62115
2577 63001
2578 61879
2579 60901
2580 59863
2581 59625
2582 60312
2583 61164
2584 62979
2585 62742
2586 62019
2587 60623
2588 60153
2589 59921
2590 59499
2591 59776
2592 59549
2593 59522
2594 60465
2595 61198
2596 62499
2597 63085
2598 61541
2599 60207
2600 60245
2601 59964
2602 60494
2603 60962
2604 62529
2605 63229
2606 61422
2607 60349
2608 59771
2609 59226
2610 59669
2611 59412
2612 59395
2613 59836
2614 60312
2615 60922
2616 62123
2617 62709
2618 61714
2619 60489
2620 59898
2621 60169
2622 60106
2623 60942
2624 62637
2625 62766
2626 61784
2627 60789
2628 60207
2629 60079
2630 59102
2631 59339
2632 59589
2633 59778
2634 60032
2635 61325
2636 62395
2637 63092
2638 61829
2639 60506
2640 60010
2641 59770
2642 60406
2643 61148
2644 62470
2645 62516
2646 61567
2647 60880
2648 59662
2649 59851
2650 59607
2651 59459
2652 59425
2653 59471
2654 60054
2655 61082
2656 62909
2657 62984
2658 61924
2659 60404
2660 60101
2661 59685
2662 60232
2663 60934
2664 62823
2665 62530
2666 61475
2667 60597
2668 60336
2669 60272
2670 59719
2671 59233
2672 59663
2673 59956
2674 60518
2675 60503
2676 62546
2677 63036
2678 61597
2679 60821
2680 60079
2681 60100
2682 59758
2683 61045
2684 62242
2685 62686
2686 61454
2687 60784
2688 59809
2689 59773
2690 59547
2691 59173
2692 59266
2693 59906
2694 59968
2695 61208
2696 62446
2697 62897
2698 61303
2699 60627
2700 60028
2701 59918
2702 60091
2703 61179
2704 62668
2705 62831
2706 61690
2707 60463
2708 60173
2709 59652
2710 59080
2711 59202
2712 59257
2713 59887
2714 59894
2715 60875
2716 62380
2717 62138
2718 61480
2719 60720
2720 60148
2721 59832
2722 59815
2723 61057
2724 63048
2725 62273
2726 61730
2727 60717
2728 59753
2729 60071
2730 59562
2731 59430
2732 59165
2733 59881
2734 60167
2735 61417
2736 62434
2737 63068
2738 61565
2739 60448
2740 59976
2741 59978
2742 60232
2743 60976
2744 62488
2745 62556
2746 61311
2747 60834
2748 59720
2749 59797
2750 59164
2751 59152
2752 59411
2753 59302
2754 60426
2755 61346
2756 62259
2757 62603
2758 61722
2759 60349
2760 60006
2761 60185
2762 59788
2763 60987
2764 61778
2765 62492
2766 61565
2767 60334
2768 59798
2769 59213
2770 59027
2771 58726
2772 59098
2773 59974
2774 60363
2775 60541
2776 62157
2777 62719
2778 61932
2779 60506
2780 60391
2781 59799
2782 60408
2783 61448
2784 62479
2785 63102
2786 61836
2787 60647
2788 60112
2789 59121
2790 59386
2791 59450
2792 59257
2793 59503
2794 60271
2795 61099
2796 62259
2797 63002
2798 62057
2799 60692
2800 60134
2801 60120
2802 59980
2803 60989
2804 62641
2805 62662
2806 61729
2807 60639
2808 60216
2809 59753
2810 59449
2811 59377
2812 59815
2813 59574
2814 60344
2815 61000
2816 61942
2817 62936
2818 61859
2819 60568
2820 60191
2821 60218
2822 60035
2823 60997
2824 62403
2825 62618
2826 61514
2827 60539
2828 59875
2829 59328
2830 59154
2831 59512
2832 59635
2833 59880
2834 60418
2835 61624
2836 62324
2837 62708
2838 62231
2839 60232
2840 59766
2841 59518
2842 60529
2843 60913
2844 62790
2845 62974
2846 61637
2847 60864
2848 60017
2849 59466
2850 59462
2851 59144
2852 59346
2853 59948
2854 60509
2855 60980
2856 62418
2857 63144
2858 61917
2859 60605
2860 60222
2861 59645
2862 60179
2863 61267
2864 62729
2865 63355
2866 61640
2867 60947
2868 59919
2869 59385
2870 59342
2871 58962
2872 59446
2873 59847
2874 60558
2875 61052
2876 62641
2877 62752
2878 61779
2879 60827
2880 60302
2881 59920
2882 60130
2883 60896
2884 62818
2885 62688
2886 61542
2887 60767
2888 60186
2889 59658
2890 59123
2891 59352
2892 59856
2893 59773
2894 60476
2895 61450
2896 62296
2897 63511
2898 61732
2899 60478
2900 60159
2901 59818
2902 60623
2903 61076
2904 62801
2905 63393
2906 62094
2907 60413
2908 60169
2909 59714
2910 59101
2911 59377
2912 59358
2913 59908
2914 60576
2915 61039
2916 62564
2917 63063
2918 62004
2919 60805
2920 60372
2921 59520
2922 60222
2923 61981
2924 62653
2925 62911
2926 61860
2927 60926
2928 59946
2929 59360
2930 59338
2931 58982
2932 59515
2933 59864
2934 60428
2935 60897
2936 62591
2937 62761
2938 61930
2939 60306
2940 59690
2941 60038
2942 60245
2943 61224
2944 62351
2945 63193
2946 61807
2947 60729
2948 60199
2949 59474
2950 58850
2951 59466
2952 59859
2953 59925
2954 60308
2955 61225
2956 62375
2957 62608
2958 62009
2959 60762
2960 59879
2961 59712
2962 60282
2963 60981
2964 62351
2965 63114
2966 61484
2967 60317
2968 59666
2969 59434
2970 59795
2971 59008
2972 59312
2973 59742
2974 60269
2975 61026
2976 62545
2977 63175
2978 61614
2979 60714
2980 59713
2981 60136
2982 60009
2983 61481
2984 62788
2985 62598
2986 61526
2987 60693
2988 59909
2989 59491
2990 59421
2991 59428
2992 59122
2993 60021
2994 60214
2995 61185
2996 62979
2997 62900
2998 61807
2999 60323
3000 59878
3001 60075
3002 60520
3003 61090
3004 62660
3005 63097
3006 61830
3007 60652
3008 59892
3009 59671
3010 59296
3011 59242
3012 59795
3013 59748
3014 59884
3015 61331
3016 62297
3017 63564
3018 61728
3019 60769
3020 60211
3021 60015
3022 60450
3023 61404
3024 62643
3025 63180
3026 61715
3027 60770
3028 60004
3029 59546
3030 59849
3031 59308
3032 59717
3033 60159
3034 60513
3035 61016
3036 62701
3037 63442
3038 61844
3039 60474
3040 59711
3041 60061
3042 60306
3043 61263
3044 62953
3045 63267
3046 62249
3047 60787
3048 59953
3049 59586
3050 59662
3051 59404
3052 59898
3053 59747
3054 60485
3055 61193
3056 62842
3057 62933
3058 62028
3059 60578
3060 60236
3061 59730
3062 60094
3063 61226
3064 62970
3065 63177
3066 62004
3067 60672
3068 59726
3069 60067
3070 59132
3071 59738
3072 59385
3073 59840
3074 60303
3075 61083
3076 62613
3077 63459
3078 62139
3079 60251
3080 60223
3081 60191
3082 60680
3083 60912
3084 62575
3085 63291
3086 62081
3087 60415
3088 60397
3089 59843
3090 59487
3091 59637
3092 59465
3093 59857
3094 60087
3095 61247
3096 62432
3097 63118
3098 61407
3099 60486
3100 60226
3101 59884
3102 60202
3103 61647
3104 63152
3105 63078
3106 62280
3107 60282
3108 60324
3109 59432
3110 59698
3111 59658
3112 59150
3113 59705
3114 60286
3115 61525
3116 62828
3117 63566
3118 62538
3119 60842
3120 60223
3121 59770
3122 60375
3123 61606
3124 63317
3125 63468
3126 62257
3127 61087
3128 60082
3129 59613
3130 59583
3131 59336
3132 59615
3133 59795
3134 60298
3135 61447
3136 63567
3137 63858
3138 61774
3139 60535
3140 60461
3141 60156
3142 60582
3143 61521
3144 63005
3145 63590
3146 62451
3147 60596
3148 60097
3149 60225
3150 59796
3151 59250
3152 59683
3153 59912
3154 60757
3155 61390
3156 62811
3157 63700
3158 61973
3159 60668
3160 60280
3161 60187
3162 60274
3163 61822
3164 63202
3165 63565
3166 61976
3167 61177
3168 60313
3169 59892
3170 59673
3171 59484
3172 59815
3173 59650
3174 60647
3175 61477
3176 63255
3177 63709
3178 62360
3179 60748
3180 60515
3181 59821
3182 60497
3183 61498
3184 63128
3185 64022
3186 62372
3187 60951
3188 59961
3189 60071
3190 59495
3191 59687
3192 60166
3193 59686
3194 60566
3195 61493
3196 62895
3197 63981
3198 62440
3199 61297
3200 59847
3201 60102
3202 60676
3203 61806
3204 63327
3205 63371
3206 61994
3207 60769
3208 60387
3209 59994
3210 59557
3211 59323
3212 60074
3213 60098
3214 61218
3215 61737
3216 63390
3217 63755
3218 62345
3219 60825
3220 59872
3221 60111
3222 60857
3223 61674
3224 63371
3225 63232
3226 62256
3227 61046
3228 60129
3229 60090
3230 59253
3231 59686
3232 59895
3233 60056
3234 60573
3235 61495
3236 63113
3237 64080
3238 62532
3239 61230
3240 60441
3241 60591
3242 60455
3243 61281
3244 63319
3245 63528
3246 62232
3247 61380
3248 60212
3249 59808
3250 59732
3251 59952
3252 59700
3253 59809
3254 60618
3255 61577
3256 63322
3257 64119
3258 62538
3259 61156
3260 60684
3261 60364
3262 61149
3263 61835
3264 63387
3265 63747
3266 62693
3267 60935
3268 60413
3269 60039
3270 59926
3271 59768
3272 59667
3273 60510
3274 60853
3275 61553
3276 63332
3277 63973
3278 62303
3279 61442
3280 60675
3281 60092
3282 60718
3283 62179
3284 63716
3285 63731
3286 62403
3287 61361
3288 60337
3289 60104
3290 59844
3291 59817
3292 60045
3293 60017
3294 61046
3295 61603
3296 63738
3297 63644
3298 62412
3299 61280
3300 60805
3301 60340
3302 61719
3303 61781
3304 63317
3305 64134
3306 62717
3307 60973
3308 60285
3309 60016
3310 60330
3311 59872
3312 59907
3313 60041
3314 60825
3315 61808
3316 63527
3317 64134
3318 62604
3319 61051
3320 59922
3321 60081
3322 60375
3323 62025
3324 64158
3325 63671
3326 62669
3327 60747
3328 60349
3329 60118
3330 59810
3331 59994
3332 59735
3333 60106
3334 60729
3335 61354
3336 63001
3337 64122
3338 62537
3339 61153
3340 60512
3341 60086
3342 60664
3343 62065
3344 63143
3345 63725
3346 62120
3347 61012
3348 60310
3349 59719
3350 59521
3351 60049
3352 59951
3353 60131
3354 60677
3355 61176
3356 63068
3357 63513
3358 62942
3359 61091
3360 60518
3361 60480
3362 60583
3363 62102
3364 63212
3365 64093
3366 62051
3367 60667
3368 60143
3369 59972
3370 59493
3371 59821
3372 59665
3373 59934
3374 60706
3375 61324
3376 63186
3377 64152
3378 62249
3379 60884
3380 59904
3381 60164
3382 60560
3383 61657
3384 62797
3385 63467
3386 62218
3387 61010
3388 60083
3389 60110
3390 59741
3391 59091
3392 59112
3393 59715
3394 60327
3395 61382
3396 63251
3397 63924
3398 62092
3399 60735
3400 60143
3401 60136
3402 60384
3403 61267
3404 63327
3405 63652
3406 62100
3407 60883
3408 59760
3409 59427
3410 59257
3411 58945
3412 59429
3413 59779
3414 60701
3415 61051
3416 62606
3417 63529
3418 61947
3419 60416
3420 60423
3421 60031
3422 60286
3423 61610
3424 63069
3425 63518
3426 62178
3427 60462
3428 59897
3429 60081
3430 59161
3431 59401
3432 59621
3433 60105
3434 60703
3435 61520
3436 62870
3437 63170
3438 61952
3439 60625
3440 60147
3441 60058
3442 60140
3443 61177
3444 62921
3445 63636
3446 61878
3447 61408
3448 59837
3449 59869
3450 59988
3451 59551
3452 59908
3453 59787
3454 60184
3455 61400
3456 62372
3457 63388
3458 62846
3459 60896
3460 59962
3461 60136
3462 60515
3463 61488
3464 63279
3465 63003
3466 62039
3467 60641
3468 60111
3469 59372
3470 59645
3471 59351
3472 59528
3473 59658
3474 60484
3475 61524
3476 62897
3477 63974
3478 61959
3479 60318
3480 60216
3481 60299
3482 60438
3483 61220
3484 62936
3485 63427
3486 62287
3487 60950
3488 60387
3489 59953
3490 59741
3491 59508
3492 60111
3493 60063
3494 60277
3495 61804
3496 63050
3497 63855
3498 62498
3499 61341
3500 60703
3501 59911
3502 60556
3503 61706
3504 63770
3505 63890
3506 62360
3507 61541
3508 60586
3509 59929
3510 59660
3511 59953
3512 60356
3513 59838
3514 60803
3515 61855
3516 62976
3517 64303
3518 62502
3519 60995
3520 60451
3521 60310
3522 60466
3523 62039
3524 63250
3525 63752
3526 62301
3527 60961
3528 60711
3529 60271
3530 59803
3531 59716
3532 60005
3533 60047
3534 60223
3535 61522
3536 63394
3537 64036
3538 62675
3539 61385
3540 60383
3541 60515
3542 60752
3543 61687
3544 63093
3545 63842
3546 62082
3547 60919
3548 60402
3549 60126
3550 59739
3551 59790
3552 59884
3553 60015
3554 60165
3555 61470
3556 63150
3557 63608
3558 62331
3559 60942
3560 60003
3561 60099
3562 60938
3563 61723
3564 63391
3565 63232
3566 62369
3567 61101
3568 60227
3569 59616
3570 59420
3571 59805
3572 59827
3573 60056
3574 60698
3575 61447
3576 62883
3577 63395
3578 61784
3579 60692
3580 60200
3581 60227
3582 60197
3583 61726
3584 63434
3585 63508
3586 62485
3587 61050
3588 60340
3589 60038
3590 59331
3591 59722
3592 60103
3593 59998
3594 60857
3595 61804
3596 62857
3597 63266
3598 62296
3599 60601
3600 59939
3601 59792
3602 60619
3603 61044
3604 63309
3605 63229
3606 61734
3607 60611
3608 59923
3609 59932
3610 59666
3611 59668
3612 59780
3613 60043
3614 60449
3615 61523
3616 63218
3617 63567
3618 62427
3619 60930
3620 60529
3621 59996
3622 60185
3623 61664
3624 62972
3625 63278
3626 62191
3627 60648
3628 59974
3629 59394
3630 59763
3631 59226
3632 59558
3633 59797
3634 60400
3635 61235
3636 62684
3637 63471
3638 61842
3639 60592
3640 60256
3641 60015
3642 60268
3643 61364
3644 62779
3645 62953
3646 61750
3647 60679
3648 59860
3649 59889
3650 59131
3651 59632
3652 59560
3653 59871
3654 60184
3655 61259
3656 62632
3657 63088
3658 61971
3659 60809
3660 60066
3661 60205
3662 60632
3663 61214
3664 62748
3665 63052
3666 62205
3667 60784
3668 60240
3669 59780
3670 59321
3671 59302
3672 59935
3673 59987
3674 60485
3675 61918
3676 63276
3677 63788
3678 62214
3679 60908
3680 60225
3681 60123
3682 60400
3683 61930
3684 63308
3685 63345
3686 62165
3687 61125
3688 60049
3689 60068
3690 59683
3691 59690
3692 59824
3693 60143
3694 60479
3695 61337
3696 62890
3697 63263
3698 62209
3699 60610
3700 59916
3701 60025
3702 60446
3703 61201
3704 63055
3705 63391
3706 62256
3707 61104
3708 60239
3709 60018
3710 59719
3711 59978
3712 60257
3713 60088
3714 60759
3715 61671
3716 63355
3717 63483
3718 62128
3719 61037
3720 60623
3721 60685
3722 60625
3723 61518
3724 63630
3725 64090
3726 62358
3727 61007
3728 60106
3729 59710
3730 59813
3731 59770
3732 59827
3733 60249
3734 60590
3735 61751
3736 63210
3737 64119
3738 62250
3739 60875
3740 59954
3741 60145
3742 60649
3743 61900
3744 63172
3745 63543
3746 62017
3747 60588
3748 60021
3749 59654
3750 59252
3751 59564
3752 59963
3753 59996
3754 60979
3755 61515
3756 62765
3757 63734
3758 62591
3759 61127
3760 60416
3761 60574
3762 60688
3763 61651
3764 63585
3765 63645
3766 62300
3767 61278
3768 59954
3769 60109
3770 60053
3771 59202
3772 59838
3773 59879
3774 61100
3775 62181
3776 62967
3777 63537
3778 62208
3779 60903
3780 60178
3781 59829
3782 60553
3783 61541
3784 62876
3785 63461
3786 61731
3787 61209
3788 60266
3789 59536
3790 59793
3791 59669
3792 60084
3793 59948
3794 60244
3795 61318
3796 62877
3797 63239
3798 61869
3799 60750
3800 60308
3801 59684
3802 60142
3803 61447
3804 62570
3805 63172
3806 62178
3807 60588
3808 59964
3809 59770
3810 59708
3811 59325
3812 59540
3813 59487
3814 60138
3815 61211
3816 62915
3817 63014
3818 62068
3819 60864
3820 60172
3821 60056
3822 60229
3823 61282
3824 63355
3825 63190
3826 61971
3827 60728
3828 60077
3829 59442
3830 59436
3831 59219
3832 59465
3833 59948
3834 60325
3835 60981
3836 62645
3837 63343
3838 61965
3839 60835
3840 60150
3841 60066
3842 60131
3843 61279
3844 62907
3845 63173
3846 62004
3847 61023
3848 59839
3849 59850
3850 59465
3851 59505
3852 59381
3853 59698
3854 60167
3855 61192
3856 62931
3857 62966
3858 61980
3859 60717
3860 60782
3861 60179
3862 60698
3863 61143
3864 62842
3865 63519
3866 62167
3867 60941
3868 60224
3869 59681
3870 59708
3871 59392
3872 59499
3873 59744
3874 60484
3875 61359
3876 63024
3877 63100
3878 61682
3879 61016
3880 60041
3881 59820
3882 60220
3883 61496
3884 62994
3885 63179
3886 61631
3887 60401
3888 60100
3889 59232
3890 59326
3891 59475
3892 59762
3893 59324
3894 60272
3895 61369
3896 62883
3897 63181
3898 61816
3899 61052
3900 59942
3901 59521
3902 60407
3903 61255
3904 62920
3905 62523
3906 61967
3907 60206
3908 59821
3909 59417
3910 59027
3911 59196
3912 59641
3913 59339
3914 60482
3915 60859
3916 62592
3917 63284
3918 61622
3919 60397
3920 60111
3921 60182
3922 60291
3923 61577
3924 62652
3925 63133
3926 61724
3927 60669
3928 59969
3929 58963
3930 59420
3931 59349
3932 58984
3933 59473
3934 60416
3935 61006
3936 62624
3937 63252
3938 62000
3939 60526
3940 60232
3941 59834
3942 60114
3943 61164
3944 63070
3945 63008
3946 62120
3947 60517
3948 60127
3949 59554
3950 59168
3951 59249
3952 59452
3953 59257
3954 60431
3955 61435
3956 62311
3957 63200
3958 62164
3959 60751
3960 60174
3961 59829
3962 60061
3963 61496
3964 62682
3965 62817
3966 61668
3967 60520
3968 60225
3969 59544
3970 59300
3971 59480
3972 58976
3973 59826
3974 60394
3975 61179
3976 62215
3977 63228
3978 61686
3979 60928
3980 60058
3981 60079
3982 60510
3983 61728
3984 62526
3985 63253
3986 61658
3987 60824
3988 60337
3989 59665
3990 59672
3991 59665
3992 59664
3993 59589
3994 60584
3995 61328
3996 62772
3997 63235
3998 61790
3999 60316
4000 60259
4001 60078
4002 60489
4003 61438
4004 62677
4005 62790
4006 61260
4007 60210
4008 59945
4009 59424
4010 59630
4011 59200
4012 59375
4013 59854
4014 60455
4015 61113
4016 62634
4017 63057
4018 62106
4019 60620
4020 59879
4021 59966
4022 60360
4023 61449
4024 62543
4025 62866
4026 61912
4027 60446
4028 60004
4029 59888
4030 59319
4031 59494
4032 59204
4033 59769
4034 60721
4035 61288
4036 62698
4037 63371
4038 62176
4039 60751
4040 60222
4041 59877
4042 60287
4043 61718
4044 63356
4045 63608
4046 61823
4047 60971
4048 59688
4049 59690
4050 59470
4051 59370
4052 59628
4053 60039
4054 60666
4055 61213
4056 62738
4057 63037
4058 62226
4059 60550
4060 59908
4061 59886
4062 60422
4063 61313
4064 62740
4065 63300
4066 61720
4067 60606
4068 60107
4069 59641
4070 59550
4071 59005
4072 59509
4073 59388
4074 60679
4075 61677
4076 62779
4077 63086
4078 62189
4079 60313
4080 60280
4081 60073
4082 60457
4083 61303
4084 63285
4085 63369
4086 61668
4087 60888
4088 59951
4089 59366
4090 59621
4091 59108
4092 59598
4093 60076
4094 60646
4095 61422
4096 62819
4097 62892
4098 62218
4099 60610
4100 60063
4101 60218
4102 60017
4103 62061
4104 63418
4105 63622
4106 61977
4107 60435
4108 59759
4109 60024
4110 59441
4111 59097
4112 59991
4113 59574
4114 60321
4115 61362
4116 62364
4117 63699
4118 62281
4119 60490
4120 60269
4121 59907
4122 60695
4123 61370
4124 62846
4125 63653
4126 61940
4127 60924
4128 59964
4129 60054
4130 59575
4131 59870
4132 59806
4133 59839
4134 60458
4135 61705
4136 62763
4137 63689
4138 61936
4139 60690
4140 60216
4141 60074
4142 60156
4143 61585
4144 62566
4145 63091
4146 62071
4147 60974
4148 59764
4149 59833
4150 59486
4151 59501
4152 59228
4153 59597
4154 60330
4155 61364
4156 62606
4157 63593
4158 62123
4159 60560
4160 59851
4161 59811
4162 60222
4163 61057
4164 62713
4165 63454
4166 62142
4167 61114
4168 59840
4169 59919
4170 60209
4171 59412
4172 59708
4173 59711
4174 60389
4175 61881
4176 63166
4177 63713
4178 62093
4179 60728
4180 60416
4181 59861
4182 60641
4183 61279
4184 63066
4185 63475
4186 62920
4187 60594
4188 59807
4189 60408
4190 59793
4191 59332
4192 59971
4193 59960
4194 60453
4195 61552
4196 63414
4197 63838
4198 62190
4199 60539
4200 60437
4201 60202
4202 60452
4203 61469
4204 63527
4205 63372
4206 61849
4207 61198
4208 60027
4209 59579
4210 59366
4211 59950
4212 59615
4213 59745
4214 60638
4215 61489
4216 62802
4217 63612
4218 62246
4219 60961
4220 60307
4221 59585
4222 60607
4223 61682
4224 62735
4225 63929
4226 62179
4227 61177
4228 60187
4229 59785
4230 59870
4231 59746
4232 59707
4233 60210
4234 60189
4235 61563
4236 63148
4237 63522
4238 61857
4239 60701
4240 60303
4241 60009
4242 60426
4243 61284
4244 62875
4245 63740
4246 62097
4247 61219
4248 60365
4249 60012
4250 60012
4251 59596
4252 59543
4253 60016
4254 60042
4255 61514
4256 62706
4257 63441
4258 62271
4259 60741
4260 59711
4261 59595
4262 60429
4263 60999
4264 63052
4265 63164
4266 61930
4267 60513
4268 59804
4269 59219
4270 59021
4271 59195
4272 59478
4273 59759
4274 59668
4275 60941
4276 62774
4277 63574
4278 61850
4279 60745
4280 59732
4281 59287
4282 60351
4283 61139
4284 62967
4285 63141
4286 61532
4287 60088
4288 59576
4289 59507
4290 59136
4291 59229
4292 59704
4293 59817
4294 60476
4295 60901
4296 62830
4297 63692
4298 61915
4299 60167
4300 59885
4301 59850
4302 60380
4303 61108
4304 62952
4305 63341
4306 61660
4307 60116
4308 59769
4309 59252
4310 59357
4311 59288
4312 59035
4313 59799
4314 59704
4315 60743
4316 62340
4317 63147
4318 61945
4319 60390
4320 59698
4321 59840
4322 60585
4323 61133
4324 63129
4325 63268
4326 61525
4327 60887
4328 59825
4329 59234
4330 59715
4331 59328
4332 59540
4333 60009
4334 60333
4335 61237
4336 62591
4337 63378
4338 62223
4339 60626
4340 60158
4341 59924
4342 60572
4343 61472
4344 62725
4345 63647
4346 61819
4347 61000
4348 59736
4349 59822
4350 59636
4351 59206
4352 59851
4353 60098
4354 60175
4355 61508
4356 63076
4357 63867
4358 61889
4359 60620
4360 60128
4361 60215
4362 60094
4363 61720
4364 63359
4365 63424
4366 62330
4367 60907
4368 59545
4369 60251
4370 59173
4371 59703
4372 59641
4373 60277
4374 60466
4375 61211
4376 62625
4377 63730
4378 62216
4379 60871
4380 60325
4381 60029
4382 60722
4383 61854
4384 63363
4385 63922
4386 62207
4387 60679
4388 60133
4389 59885
4390 59717
4391 59730
4392 59766
4393 59892
4394 60363
4395 61615
4396 63136
4397 64423
4398 62392
4399 61038
4400 60687
4401 60438
4402 60291
4403 62072
4404 63690
4405 64346
4406 62587
4407 61369
4408 60455
4409 60303
4410 60232
4411 59752
4412 60293
4413 60565
4414 61178
4415 62122
4416 63755
4417 64259
4418 62617
4419 61100
4420 60788
4421 60713
4422 60802
4423 61970
4424 63765
4425 64035
4426 62796
4427 61761
4428 60416
4429 60216
4430 59745
4431 59672
4432 60060
4433 60604
4434 60807
4435 61809
4436 63334
4437 64466
4438 62635
4439 61771
4440 60580
4441 60257
4442 60997
4443 61666
4444 63783
4445 64019
4446 62511
4447 61371
4448 60583
4449 60667
4450 59787
4451 59661
4452 59891
4453 60195
4454 60960
4455 61594
4456 63120
4457 64265
4458 62767
4459 61034
4460 60758
4461 60587
4462 60821
4463 62110
4464 63791
4465 64083
4466 62615
4467 61037
4468 60461
4469 59946
4470 60024
4471 60267
4472 60206
4473 60217
4474 61127
4475 61985
4476 63335
4477 64571
4478 62579
4479 61383
4480 60522
4481 60738
4482 60699
4483 61870
4484 63672
4485 63855
4486 62577
4487 61436
4488 60824
4489 60247
4490 60091
4491 60189
4492 60083
4493 60012
4494 61078
4495 61905
4496 63037
4497 64595
4498 62897
4499 61484
4500 60928
4501 60552
4502 60461
4503 61822
4504 63840
4505 64072
4506 63044
4507 61416
4508 60491
4509 59940
4510 60093
4511 59746
4512 60019
4513 60377
4514 60910
4515 61542
4516 62907
4517 64278
4518 63030
4519 61600
4520 60625
4521 60110
4522 60665
4523 62323
4524 63921
4525 64338
4526 62555
4527 61048
4528 60575
4529 60163
4530 59922
4531 59769
4532 59878
4533 59910
4534 60416
4535 62103
4536 63589
4537 64451
4538 62436
4539 61330
4540 60566
4541 60364
4542 60595
4543 62270
4544 63573
4545 63759
4546 62054
4547 61497
4548 60439
4549 60264
4550 60127
4551 59604
4552 60080
4553 60603
4554 60928
4555 62105
4556 63427
4557 64020
4558 62756
4559 61402
4560 60578
4561 60311
4562 60879
4563 61850
4564 63675
4565 64091
4566 62592
4567 60647
4568 60412
4569 60003
4570 60019
4571 59980
4572 59511
4573 60095
4574 60645
4575 62025
4576 63097
4577 64248
4578 62385
4579 60771
4580 60329
4581 60284
4582 60693
4583 62120
4584 63706
4585 64214
4586 62169
4587 61233
4588 60432
4589 59754
4590 59709
4591 59997
4592 59807
4593 60346
4594 60698
4595 61841
4596 63570
4597 64021
4598 62528
4599 61224
4600 60693
4601 59959
4602 61211
4603 61577
4604 63757
4605 64214
4606 62392
4607 60789
4608 60268
4609 60091
4610 59689
4611 59973
4612 59667
4613 60210
4614 60795
4615 61793
4616 63406
4617 63599
4618 62571
4619 61029
4620 60362
4621 60410
4622 60880
4623 61815
4624 63278
4625 63765
4626 62632
4627 61068
4628 60301
4629 59525
4630 59555
4631 59766
4632 59681
4633 60084
4634 60733
4635 62054
4636 63257
4637 64170
4638 63002
4639 61429
4640 60211
4641 60173
4642 60546
4643 61285
4644 63815
4645 63846
4646 62309
4647 61113
4648 60410
4649 60288
4650 59854
4651 59822
4652 59381
4653 60431
4654 60314
4655 61425
4656 63394
4657 64162
4658 62210
4659 61314
4660 60877
4661 60112
4662 60861
4663 62014
4664 63411
4665 63805
4666 62485
4667 60612
4668 60487
4669 59866
4670 59950
4671 59858
4672 60022
4673 59925
4674 60440
4675 61372
4676 63506
4677 64028
4678 62813
4679 60583
4680 60183
4681 59991
4682 60361
4683 62071
4684 63425
4685 63735
4686 61744
4687 61019
4688 59962
4689 59665
4690 59711
4691 59423
4692 59682
4693 59803
4694 60774
4695 61391
4696 62994
4697 64124
4698 62242
4699 61259
4700 60326
4701 59952
4702 60529
4703 62099
4704 63709
4705 64004
4706 62299
4707 61461
4708 60458
4709 60194
4710 59425
4711 59696
4712 59755
4713 60271
4714 60975
4715 61795
4716 63356
4717 63768
4718 62838
4719 61320
4720 60465
4721 60291
4722 60595
4723 62282
4724 63786
4725 63522
4726 62316
4727 60862
4728 60717
4729 59829
4730 59535
4731 59687
4732 59863
4733 60183
4734 60755
4735 61651
4736 62980
4737 63898
4738 62206
4739 61702
4740 60392
4741 59830
4742 60498
4743 61868
4744 64055
4745 63911
4746 62201
4747 61147
4748 60228
4749 59961
4750 59921
4751 59827
4752 60188
4753 60174
4754 60972
4755 61857
4756 63174
4757 64375
4758 62669
4759 61446
4760 60614
4761 60458
4762 60799
4763 62253
4764 64133
4765 64268
4766 62434
4767 60988
4768 60462
4769 60079
4770 60021
4771 60070
4772 59894
4773 60597
4774 61084
4775 61935
4776 63383
4777 63941
4778 62446
4779 61306
4780 60241
4781 60275
4782 60717
4783 61882
4784 63928
4785 63666
4786 61861
4787 61031
4788 59994
4789 59817
4790 59696
4791 59428
4792 59805
4793 60107
4794 60625
4795 61760
4796 63859
4797 64113
4798 62942
4799 60701
4800 60140
4801 60343
4802 61008
4803 61758
4804 63490
4805 64301
4806 62156
4807 61281
4808 60073
4809 59991
4810 59895
4811 59852
4812 59877
4813 60148
4814 60536
4815 61935
4816 63709
4817 64016
4818 63008
4819 61139
4820 60404
4821 60797
4822 60343
4823 62240
4824 63824
4825 64083
4826 62279
4827 61146
4828 60657
4829 60395
4830 59848
4831 60307
4832 60369
4833 60571
4834 60986
4835 62220
4836 63317
4837 63960
4838 63140
4839 61042
4840 60773
4841 60240
4842 61187
4843 61828
4844 63748
4845 64067
4846 63068
4847 61042
4848 60814
4849 59723
4850 60243
4851 59887
4852 60074
4853 60443
4854 60844
4855 61668
4856 63033
4857 64135
4858 62855
4859 61133
4860 60616
4861 60702
4862 60713
4863 62008
4864 63439
4865 63876
4866 62865
4867 61240
4868 60664
4869 59863
4870 60141
4871 59845
4872 60327
4873 59733
4874 60898
