H11890
GateTime 10
GateNumber 0
SN 30430302
0 61103
1 61550
2 61761
3 61962
4 62259
5 62466
6 62304
7 63178
8 62651
9 63000
10 62671
11 62682
12 62245
13 61685
14 61458
15 61470
16 61129
17 61024
18 60875
19 60640
20 60883
21 61049
22 61523
23 61813
24 61752
25 62005
26 62356
27 62458
28 62737
29 62846
30 62839
31 62579
32 62485
33 62092
34 61706
35 61384
36 61587
37 60953
38 61018
39 60819
40 60970
41 61539
42 61733
43 61893
44 61985
45 62204
46 62324
47 63212
48 63221
49 62924
50 63009
51 62644
52 62487
53 62233
54 61732
55 61120
56 61040
57 61314
58 60810
59 61179
60 61109
61 61326
62 61646
63 61890
64 62050
65 62515
66 62742
67 63213
68 62883
69 62706
70 62995
71 62572
72 62208
73 61964
74 61802
75 61502
76 61190
77 60714
78 60745
79 60573
80 60886
81 61090
82 61181
83 61760
84 62087
85 62092
86 62404
87 62836
88 62818
89 62771
90 62637
91 62245
92 62174
93 61837
94 61629
95 61118
96 61275
97 60371
98 60893
99 60803
100 60981
101 60686
102 61675
103 61529
104 61899
105 62046
106 62538
107 63024
108 62476
109 62964
110 62638
111 62383
112 62145
113 62305
114 61653
115 61671
116 60721
117 61340
118 60634
119 61001
120 61281
121 61158
122 61000
123 61398
124 62244
125 62666
126 62635
127 63104
128 63062
129 63057
130 62778
131 62519
132 62791
133 61903
134 62061
135 61465
136 61463
137 61335
138 61112
139 61195
140 61082
141 61501
142 61120
143 61817
144 62026
145 62342
146 62823
147 63108
148 63044
149 63156
150 62338
151 62853
152 62414
153 61959
154 61949
155 61816
156 61273
157 61054
158 60766
159 61065
160 61193
161 61751
162 61426
163 61997
164 62276
165 62051
166 62676
167 63024
168 62749
169 62999
170 62576
171 62461
172 62894
173 62041
174 61990
175 61534
176 61864
177 61142
178 60799
179 61345
180 61550
181 61303
182 61937
183 62325
184 62316
185 62515
186 62703
187 62832
188 62515
189 62889
190 63087
191 62668
192 62496
193 62504
194 62255
195 62083
196 61247
197 61370
198 60910
199 61176
200 61636
201 61950
202 61712
203 62337
204 62422
205 62937
206 63357
207 63334
208 63569
209 63101
210 63326
211 62663
212 63125
213 62265
214 61930
215 62306
216 61661
217 61215
218 61221
219 61135
220 61435
221 61647
222 62057
223 62176
224 62442
225 62911
226 63220
227 63515
228 62980
229 63123
230 63161
231 62960
232 62927
233 62321
234 62488
235 61745
236 61678
237 61645
238 61235
239 61465
240 61576
241 61512
242 61798
243 62050
244 62134
245 62689
246 62718
247 62971
248 63144
249 63112
250 62916
251 62600
252 62329
253 62137
254 62138
255 62014
256 61588
257 61200
258 61161
259 61338
260 61429
261 60953
262 61949
263 62175
264 62223
265 62592
266 63029
267 62749
268 62560
269 63091
270 62684
271 62745
272 62158
273 62397
274 61699
275 61521
276 61428
277 60659
278 60959
279 61069
280 61179
281 61225
282 62070
283 61993
284 62288
285 62394
286 62831
287 62771
288 63284
289 63261
290 63399
291 62911
292 62450
293 62371
294 62072
295 61989
296 61858
297 61678
298 61211
299 61548
300 61651
301 61521
302 61770
303 62201
304 62689
305 62928
306 62632
307 63021
308 63044
309 63382
310 63196
311 62363
312 62585
313 62478
314 62262
315 61599
316 61566
317 61513
318 61608
319 61568
320 60967
321 61361
322 61733
323 62084
324 62196
325 62086
326 62807
327 63060
328 62982
329 62625
330 63006
331 62676
332 62677
333 62290
334 62022
335 61623
336 61239
337 61096
338 60689
339 60928
340 60736
341 61363
342 61484
343 62092
344 62121
345 62852
346 62498
347 62914
348 62545
349 63064
350 62770
351 62543
352 62672
353 61959
354 61785
355 61993
356 61740
357 61237
358 61386
359 61459
360 61591
361 61382
362 61481
363 61963
364 62256
365 62584
366 63017
367 63008
368 62947
369 63298
370 62926
371 63092
372 62457
373 62607
374 62584
375 62048
376 61665
377 61488
378 61236
379 61509
380 61738
381 61782
382 61857
383 62135
384 62092
385 62703
386 62662
387 63132
388 63193
389 63305
390 62701
391 62424
392 62824
393 62087
394 61981
395 61951
396 61426
397 61201
398 61028
399 61081
400 61515
401 61584
402 61930
403 62036
404 62190
405 62333
406 62809
407 63229
408 62928
409 62973
410 62623
411 62830
412 62117
413 62208
414 62022
415 61619
416 60998
417 61428
418 61413
419 61381
420 61193
421 61549
422 61500
423 62431
424 62979
425 62701
426 63287
427 62957
428 63202
429 63234
430 62900
431 63108
432 63052
433 61807
434 62125
435 62158
436 61973
437 61745
438 61046
439 61402
440 61620
441 61909
442 62040
443 61958
444 62253
445 62911
446 62577
447 62942
448 62966
449 62834
450 62628
451 62566
452 62587
453 62821
454 61922
455 62072
456 61722
457 61897
458 61025
459 61332
460 61629
461 61815
462 62020
463 62196
464 62846
465 62788
466 62989
467 63321
468 63335
469 62983
470 63564
471 63447
472 62271
473 62422
474 62188
475 61984
476 61796
477 61442
478 60865
479 61264
480 62049
481 62126
482 62028
483 62339
484 62186
485 62723
486 63118
487 63139
488 63513
489 63488
490 62992
491 62550
492 63002
493 62921
494 62364
495 62139
496 61632
497 61999
498 61858
499 61394
500 61916
501 61880
502 62327
503 62436
504 62880
505 62920
506 63355
507 63293
508 63684
509 63130
510 62922
511 62881
512 62574
513 62445
514 62224
515 61766
516 62282
517 62089
518 61658
519 61526
520 61618
521 61882
522 62362
523 62580
524 62182
525 63406
526 63317
527 63194
528 63552
529 63383
530 63104
531 63315
532 62869
533 63012
534 62769
535 62795
536 62206
537 61836
538 61676
539 61602
540 61923
541 62182
542 62365
543 62495
544 62600
545 62912
546 63480
547 62859
548 63383
549 63596
550 63630
551 63536
552 63141
553 62942
554 62818
555 62900
556 62007
557 62678
558 61856
559 61998
560 62335
561 62069
562 62561
563 62692
564 62939
565 62953
566 63336
567 63102
568 63190
569 63647
570 63358
571 63147
572 63130
573 62947
574 62360
575 63172
576 62605
577 62501
578 61880
579 61895
580 62055
581 62897
582 62673
583 62825
584 62966
585 63647
586 63078
587 63793
588 63675
589 63657
590 63652
591 63175
592 63114
593 63049
594 63168
595 62899
596 62750
597 62379
598 62188
599 62155
600 62303
601 62143
602 63212
603 62903
604 63534
605 63208
606 63143
607 63756
608 63654
609 64134
610 63854
611 63486
612 63584
613 63198
614 62798
615 62574
616 62242
617 62796
618 62174
619 62127
620 62743
621 62724
622 62799
623 63057
624 63605
625 62897
626 63555
627 63430
628 63857
629 63454
630 63544
631 63662
632 63056
633 63350
634 62669
635 63134
636 62344
637 62256
638 62184
639 62273
640 62465
641 62744
642 63178
643 62984
644 63097
645 63053
646 63544
647 63695
648 63745
649 63867
650 63672
651 63508
652 63079
653 62972
654 62955
655 62681
656 62864
657 62308
658 62268
659 62124
660 62401
661 62637
662 63129
663 63211
664 63092
665 63281
666 63643
667 63528
668 63328
669 63383
670 63796
671 63133
672 63418
673 63240
674 63001
675 62581
676 62708
677 62217
678 62120
679 62434
680 62481
681 62906
682 62788
683 63128
684 63816
685 63348
686 63792
687 63619
688 63952
689 63717
690 63781
691 63512
692 63340
693 63340
694 63147
695 63105
696 62896
697 62101
698 63003
699 62508
700 62767
701 62874
702 62993
703 63028
704 63135
705 63360
706 63614
707 63809
708 63506
709 63509
710 64013
711 63833
712 63484
713 62981
714 63301
715 62943
716 62883
717 63004
718 62703
719 62530
720 62700
721 62826
722 63466
723 63236
724 63057
725 63571
726 64176
727 63879
728 63718
729 64175
730 63504
731 63561
732 63603
733 63487
734 63170
735 63444
736 63175
737 63163
738 62912
739 62559
740 62694
741 62853
742 63425
743 62963
744 63194
745 63457
746 63867
747 63732
748 63994
749 63566
750 63787
751 63663
752 63325
753 63685
754 63240
755 63126
756 63056
757 62476
758 62422
759 62493
760 62725
761 62792
762 63096
763 63428
764 63891
765 63380
766 63921
767 63905
768 63213
769 64153
770 63589
771 63365
772 63964
773 63565
774 63088
775 62977
776 62875
777 62998
778 62290
779 62484
780 63055
781 62793
782 63255
783 63562
784 62978
785 63908
786 63826
787 64084
788 63483
789 63818
790 63612
791 64246
792 63553
793 63232
794 63449
795 62972
796 62737
797 62826
798 62582
799 62362
800 62632
801 62816
802 62893
803 62744
804 63192
805 63631
806 64011
807 63864
808 63613
809 63974
810 63687
811 63251
812 63644
813 63300
814 63165
815 63265
816 62591
817 62707
818 62853
819 62163
820 62757
821 63012
822 63071
823 63218
824 63472
825 63387
826 63503
827 63764
828 63700
829 63637
830 63572
831 63368
832 63712
833 63054
834 63120
835 63011
836 63028
837 62649
838 62561
839 62681
840 62771
841 62450
842 63344
843 63567
844 63245
845 63430
846 63924
847 63829
848 64014
849 64002
850 63935
851 63409
852 63407
853 63216
854 62756
855 62851
856 62504
857 62624
858 62556
859 62393
860 62261
861 63104
862 62928
863 63444
864 63424
865 63947
866 63734
867 64197
868 63765
869 64065
870 64008
871 63806
872 63578
873 63122
874 62983
875 63319
876 62688
877 63124
878 62564
879 62905
880 62586
881 62779
882 63222
883 63148
884 63264
885 63458
886 63771
887 63344
888 63792
889 64042
890 63688
891 63715
892 63287
893 63304
894 63321
895 63042
896 62413
897 62863
898 62220
899 62411
900 62594
901 62994
902 62997
903 63219
904 63690
905 63634
906 63661
907 63893
908 63658
909 63942
910 63584
911 63634
912 63684
913 63616
914 63231
915 63261
916 62774
917 62765
918 62223
919 62486
920 62730
921 62747
922 62798
923 63110
924 63637
925 63636
926 64299
927 63769
928 63658
929 63732
930 63926
931 63737
932 63210
933 63166
934 63176
935 63025
936 62503
937 62898
938 62488
939 62475
940 62649
941 62601
942 63178
943 63721
944 63504
945 63119
946 64029
947 63646
948 63659
949 63780
950 63773
951 63716
952 63423
953 63391
954 63307
955 63015
956 62731
957 62932
958 62267
959 62778
960 62771
961 62755
962 63087
963 63061
964 63809
965 63760
966 63570
967 64099
968 63896
969 64366
970 63896
971 63575
972 63628
973 63526
974 63302
975 63071
976 62880
977 62666
978 62877
979 62958
980 62690
981 62906
982 63227
983 62807
984 63280
985 63641
986 63613
987 63606
988 63792
989 63766
990 63602
991 63772
992 63607
993 63293
994 63587
995 63271
996 62810
997 62723
998 62549
999 62509
1000 62819
1001 62890
1002 63046
1003 63705
1004 63281
1005 63803
1006 63747
1007 63497
1008 64001
1009 63667
1010 63694
1011 63716
1012 63093
1013 63738
1014 63449
1015 63167
1016 62285
1017 62532
1018 62852
1019 62684
1020 62617
1021 63035
1022 63094
1023 63686
1024 63495
1025 63820
1026 63952
1027 64275
1028 64044
1029 63830
1030 64337
1031 63540
1032 63567
1033 62878
1034 63294
1035 63119
1036 62677
1037 62601
1038 62573
1039 62836
1040 63091
1041 62913
1042 63210
1043 63352
1044 63290
1045 63905
1046 64062
1047 63834
1048 63871
1049 63978
1050 63758
1051 63803
1052 63856
1053 63488
1054 63301
1055 63208
1056 63126
1057 63313
1058 62812
1059 62839
1060 63242
1061 63423
1062 62890
1063 63538
1064 63663
1065 64158
1066 64137
1067 64217
1068 64169
1069 63937
1070 64015
1071 64339
1072 63616
1073 63587
1074 63730
1075 63423
1076 63595
1077 63280
1078 62890
1079 63384
1080 62731
1081 63093
1082 63400
1083 63539
1084 63667
1085 64033
1086 63681
1087 64303
1088 63848
1089 63341
1090 64037
1091 63874
1092 63921
1093 64153
1094 63674
1095 63504
1096 63194
1097 63041
1098 63002
1099 62686
1100 63402
1101 62766
1102 63384
1103 63705
1104 63628
1105 64030
1106 63747
1107 64219
1108 64203
1109 64337
1110 64173
1111 63966
1112 63905
1113 63859
1114 63709
1115 63627
1116 63593
1117 63147
1118 62735
1119 63192
1120 63505
1121 63277
1122 63485
1123 63543
1124 63664
1125 64156
1126 64064
1127 64028
1128 63957
1129 64176
1130 64269
1131 64028
1132 63811
1133 64078
1134 63530
1135 63588
1136 62900
1137 63145
1138 62837
1139 63317
1140 63159
1141 62976
1142 63225
1143 63584
1144 63814
1145 63751
1146 63967
1147 64315
1148 64035
1149 64142
1150 64074
1151 63831
1152 64236
1153 63495
1154 63536
1155 63238
1156 63228
1157 62751
1158 62714
1159 62947
1160 63585
1161 62897
1162 63710
1163 63696
1164 63786
1165 63562
1166 63962
1167 64139
1168 63983
1169 64038
1170 64104
1171 63720
1172 64024
1173 63627
1174 63216
1175 63039
1176 63060
1177 63002
1178 62407
1179 63080
1180 62732
1181 62914
1182 63036
1183 62985
1184 63409
1185 63708
1186 63845
1187 64607
1188 64086
1189 64072
1190 63599
1191 64168
1192 63677
1193 63393
1194 62728
1195 63475
1196 62736
1197 63085
1198 62893
1199 62643
1200 63231
1201 62868
1202 63440
1203 63378
1204 63562
1205 63911
1206 63841
1207 64063
1208 63640
1209 63999
1210 63827
1211 63807
1212 63681
1213 64321
1214 63524
1215 63150
1216 62733
1217 62740
1218 62990
1219 62748
1220 63126
1221 63106
1222 63372
1223 63407
1224 63805
1225 63979
1226 64035
1227 64325
1228 63488
1229 64361
1230 64468
1231 63990
1232 64187
1233 63642
1234 63229
1235 63275
1236 63262
1237 62871
1238 63007
1239 62931
1240 62956
1241 63015
1242 63061
1243 63701
1244 63502
1245 63920
1246 63761
1247 64152
1248 63681
1249 63694
1250 64136
1251 63872
1252 63579
1253 63096
1254 63312
1255 63061
1256 63003
1257 62743
1258 62532
1259 62775
1260 62728
1261 62697
1262 62826
1263 63442
1264 63210
1265 63867
1266 63670
1267 63854
1268 63525
1269 64300
1270 64051
1271 63987
1272 63849
1273 63581
1274 63181
1275 63143
1276 63325
1277 63214
1278 62941
1279 62807
1280 63262
1281 63159
1282 63327
1283 63280
1284 63719
1285 64016
1286 64017
1287 64015
1288 64066
1289 64433
1290 64019
1291 63583
1292 63643
1293 63562
1294 63363
1295 63083
1296 63192
1297 62889
1298 62882
1299 62954
1300 63485
1301 63399
1302 63533
1303 63376
1304 63692
1305 63810
1306 63802
1307 64029
1308 63485
1309 64079
1310 63941
1311 64306
1312 63530
1313 63273
1314 63913
1315 63682
1316 63207
1317 63389
1318 62472
1319 62657
1320 62894
1321 63173
1322 63512
1323 63543
1324 63441
1325 63865
1326 64493
1327 64026
1328 64242
1329 64211
1330 64391
1331 64015
1332 63796
1333 63984
1334 63731
1335 62997
1336 63422
1337 63216
1338 63078
1339 62724
1340 63587
1341 63693
1342 63573
1343 63489
1344 63811
1345 63699
1346 64317
1347 64463
1348 64523
1349 64056
1350 64287
1351 63854
1352 63550
1353 63765
1354 63710
1355 63613
1356 63400
1357 62983
1358 62946
1359 63135
1360 63128
1361 63803
1362 63665
1363 63429
1364 64039
1365 63852
1366 64838
1367 64459
1368 64614
1369 64401
1370 64640
1371 64488
1372 64394
1373 64655
1374 63800
1375 64045
1376 63460
1377 64049
1378 63658
1379 63980
1380 63609
1381 63737
1382 63867
1383 64240
1384 64580
1385 64462
1386 64377
1387 64535
1388 64729
1389 64181
1390 64508
1391 64440
1392 64488
1393 64292
1394 64209
1395 64179
1396 63959
1397 63829
1398 63469
1399 63413
1400 64024
1401 63289
1402 64066
1403 64136
1404 64197
1405 64290
1406 64440
1407 64682
1408 64675
1409 64879
1410 64838
1411 64622
1412 64920
1413 64156
1414 64144
1415 63948
1416 63514
1417 64157
1418 63931
1419 63166
1420 63955
1421 64040
1422 64218
1423 64085
1424 64383
1425 64509
1426 64412
1427 64882
1428 64477
1429 64866
1430 64866
1431 64464
1432 64364
1433 63945
1434 63994
1435 63940
1436 63745
1437 64204
1438 63886
1439 63903
1440 63838
1441 63917
1442 63874
1443 64309
1444 64799
1445 64940
1446 64401
1447 64825
1448 64763
1449 64731
1450 64528
1451 64732
1452 64603
1453 64505
1454 64673
1455 64388
1456 63912
1457 63831
1458 64146
1459 63936
1460 63886
1461 63790
1462 64556
1463 64555
1464 64197
1465 64862
1466 64898
1467 65152
1468 65235
1469 64751
1470 65145
1471 64395
1472 64814
1473 65048
1474 64651
1475 64253
1476 64223
1477 63875
1478 64288
1479 64308
1480 64132
1481 64030
1482 64614
1483 64526
1484 65047
1485 64810
1486 64863
1487 64975
1488 65169
1489 65416
1490 65591
1491 64809
1492 65240
1493 64786
1494 64391
1495 64446
1496 64718
1497 64366
1498 64083
1499 64165
1500 64349
1501 64806
1502 64394
1503 65022
1504 64862
1505 64864
1506 65214
1507 65352
1508 65462
1509 65157
1510 65048
1511 65268
1512 65143
1513 65185
1514 64231
1515 64638
1516 64669
1517 64379
1518 64057
1519 64323
1520 64247
1521 64560
1522 64372
1523 64616
1524 65098
1525 65242
1526 65140
1527 64981
1528 65390
1529 65576
1530 65207
1531 65018
1532 64789
1533 65227
1534 64812
1535 64789
1536 64905
1537 64638
1538 64801
1539 64326
1540 64355
1541 64469
1542 64578
1543 64941
1544 65009
1545 65569
1546 65188
1547 65523
1548 65368
1549 65680
1550 65852
1551 65134
1552 65025
1553 65225
1554 64762
1555 65151
1556 64162
1557 64465
1558 64420
1559 64672
1560 64861
1561 64273
1562 64575
1563 65281
1564 65242
1565 65477
1566 65278
1567 65706
1568 65231
1569 65426
1570 65643
1571 65370
1572 65245
1573 65190
1574 64749
1575 65024
1576 64275
1577 65064
1578 64496
1579 64738
1580 64370
1581 64668
1582 65350
1583 65081
1584 65152
1585 65211
1586 65523
1587 65531
1588 65476
1589 65145
1590 65180
1591 65262
1592 65119
1593 64998
1594 64904
1595 64681
1596 65339
1597 65264
1598 64577
1599 64847
1600 64386
1601 65169
1602 64697
1603 64901
1604 65157
1605 65338
1606 65160
1607 65665
1608 65485
1609 65707
1610 65346
1611 65421
1612 65351
1613 65211
1614 64652
1615 65075
1616 64667
1617 64418
1618 64887
1619 64756
1620 64889
1621 64552
1622 65013
1623 65351
1624 65255
1625 65384
1626 65566
1627 65303
1628 65532
1629 65768
1630 65580
1631 65368
1632 65428
1633 64965
1634 65302
1635 65120
1636 65332
1637 64863
1638 64861
1639 64767
1640 65290
1641 64651
1642 64899
1643 65135
1644 65585
1645 65200
1646 65340
1647 65997
1648 65872
1649 65116
1650 65593
1651 65219
1652 65304
1653 65131
1654 65344
1655 64905
1656 65082
1657 64867
1658 64858
1659 64821
1660 64909
1661 64607
1662 65351
1663 65626
1664 65166
1665 65229
1666 65613
1667 65717
1668 65724
1669 65569
1670 65825
1671 65557
1672 65271
1673 65039
1674 65095
1675 65434
1676 64947
1677 64823
1678 64495
1679 65156
1680 64682
1681 64908
1682 65078
1683 64881
1684 65257
1685 65321
1686 65933
1687 65437
1688 65665
1689 65526
1690 65824
1691 65298
1692 65180
1693 65391
1694 65330
1695 65288
1696 64788
1697 64661
1698 64791
1699 64784
1700 65124
1701 65141
1702 64413
1703 65658
1704 65391
1705 65456
1706 65722
1707 65460
1708 65744
1709 65654
1710 65776
1711 65270
1712 65440
1713 65076
1714 65492
1715 65303
1716 65105
1717 65076
1718 64312
1719 64897
1720 65006
1721 64853
1722 65317
1723 65207
1724 65745
1725 65564
1726 65083
1727 65747
1728 65463
1729 65944
1730 65635
1731 65420
1732 65518
1733 65153
1734 64918
1735 65423
1736 65227
1737 64918
1738 64713
1739 64922
1740 65006
1741 64623
1742 65137
1743 65576
1744 65552
1745 65645
1746 65910
1747 65393
1748 65686
1749 65465
1750 65598
1751 64936
1752 65106
1753 65287
1754 65144
1755 64927
1756 65028
1757 64814
1758 64214
1759 65022
1760 64915
1761 64560
1762 65029
1763 65003
1764 65068
1765 65582
1766 65252
1767 65390
1768 65295
1769 65660
1770 65505
1771 65768
1772 65107
1773 65323
1774 64898
1775 65327
1776 65138
1777 64827
1778 64532
1779 64845
1780 64532
1781 64681
1782 65117
1783 65421
1784 65470
1785 65556
1786 65605
1787 65891
1788 65753
1789 65635
1790 65647
1791 65354
1792 65363
1793 65104
1794 64951
1795 65307
1796 65014
1797 64397
1798 65020
1799 64380
1800 64643
1801 64507
1802 64887
1803 65241
1804 65964
1805 65232
1806 65954
1807 65759
1808 65585
1809 65199
1810 65506
1811 65302
1812 65508
1813 65458
1814 65422
1815 65199
1816 65563
1817 65055
1818 64667
1819 64952
1820 64974
1821 64702
1822 64906
1823 64902
1824 65287
1825 65168
1826 65508
1827 65573
1828 65170
1829 65631
1830 65811
1831 65349
1832 65562
1833 65442
1834 65316
1835 65117
1836 64966
1837 64990
1838 64936
1839 65055
1840 64759
1841 65076
1842 65177
1843 65207
1844 65202
1845 65916
1846 65748
1847 65593
1848 66170
1849 65591
1850 65716
1851 65899
1852 65300
1853 65216
1854 65064
1855 65311
1856 65341
1857 65002
1858 64787
1859 64778
1860 65055
1861 65399
1862 65234
1863 65399
1864 65632
1865 65635
1866 65700
1867 65570
1868 65783
1869 65815
1870 66003
1871 65479
1872 65412
1873 65491
1874 65633
1875 65198
1876 65067
1877 65490
1878 64799
1879 64799
1880 65223
1881 65277
1882 65229
1883 65349
1884 65351
1885 65472
1886 66037
1887 65890
1888 66196
1889 65884
1890 65958
1891 65278
1892 65275
1893 65245
1894 65157
1895 65439
1896 64796
1897 65213
1898 64529
1899 64761
1900 65101
1901 65051
1902 64898
1903 65736
1904 65393
1905 65437
1906 65399
1907 65902
1908 65457
1909 65993
1910 65578
1911 65846
1912 65312
1913 65467
1914 65569
1915 65324
1916 65057
1917 64626
1918 64811
1919 64990
1920 64901
1921 65437
1922 65232
1923 65410
1924 65409
1925 65758
1926 65832
1927 65778
1928 65787
1929 65548
1930 65458
1931 65460
1932 65813
1933 65087
1934 65219
1935 64914
1936 65171
1937 64993
1938 64565
1939 64647
1940 64761
1941 65138
1942 65002
1943 65880
1944 65212
1945 65285
1946 65396
1947 65994
1948 65594
1949 65924
1950 65661
1951 65494
1952 65369
1953 65202
1954 65333
1955 64874
1956 65150
1957 65001
1958 64966
1959 64674
1960 65095
1961 65473
1962 65423
1963 65157
1964 65213
1965 65328
1966 65545
1967 65785
1968 65416
1969 65506
1970 65925
1971 65612
1972 65510
1973 65149
1974 65150
1975 64890
1976 64889
1977 64603
1978 64160
1979 64600
1980 65039
1981 65150
1982 65166
1983 65017
1984 65473
1985 65716
1986 65304
1987 65567
1988 65683
1989 65285
1990 65559
1991 65260
1992 65289
1993 65345
1994 65142
1995 65452
1996 65504
1997 64628
1998 65014
1999 64779
2000 64852
2001 64670
2002 65164
2003 65132
2004 65324
2005 65273
2006 65476
2007 65501
2008 65893
2009 65751
2010 65416
2011 65334
2012 65558
2013 65265
2014 65471
2015 64852
2016 65038
2017 65276
2018 64917
2019 65009
2020 65016
2021 64920
2022 65088
2023 65377
2024 65154
2025 65537
2026 65944
2027 65467
2028 65796
2029 65833
2030 65720
2031 65514
2032 65245
2033 65119
2034 65149
2035 65083
2036 65007
2037 64693
2038 64575
2039 64534
2040 64959
2041 65313
2042 65316
2043 65290
2044 64795
2045 65438
2046 65525
2047 65582
2048 66083
2049 65961
2050 65576
2051 65819
2052 65391
2053 64988
2054 65595
2055 64592
2056 64822
2057 64965
2058 65135
2059 65209
2060 64435
2061 64953
2062 65256
2063 65110
2064 65298
2065 65168
2066 65284
2067 65996
2068 65514
2069 65787
2070 65432
2071 64850
2072 65404
2073 65132
2074 65368
2075 65022
2076 65173
2077 65070
2078 65082
2079 64735
2080 65085
2081 65395
2082 65250
2083 65338
2084 65237
2085 65484
2086 66106
2087 65815
2088 65619
2089 65681
2090 65651
2091 65670
2092 65313
2093 65372
2094 65590
2095 65554
2096 65141
2097 64950
2098 64687
2099 64818
2100 64882
2101 65385
2102 65451
2103 65436
2104 65652
2105 66014
2106 65810
2107 65988
2108 66011
2109 65843
2110 65893
2111 65477
2112 65908
2113 65590
2114 65162
2115 65016
2116 65228
2117 65142
2118 65014
2119 64936
2120 65114
2121 65359
2122 65087
2123 65781
2124 65226
2125 65973
2126 65712
2127 65530
2128 66046
2129 65784
2130 65802
2131 65822
2132 65652
2133 65548
2134 65663
2135 65102
2136 65176
2137 64853
2138 65254
2139 64985
2140 65002
2141 65325
2142 65268
2143 65495
2144 65704
2145 65443
2146 65731
2147 65384
2148 65884
2149 66009
2150 65668
2151 65774
2152 65321
2153 65769
2154 64972
2155 65156
2156 65315
2157 64990
2158 65329
2159 65471
2160 65293
2161 65226
2162 65309
2163 65542
2164 65323
2165 65570
2166 66187
2167 66016
2168 65625
2169 65893
2170 66008
2171 65929
2172 65975
2173 65434
2174 65188
2175 65507
2176 65531
2177 65074
2178 64843
2179 65364
2180 65121
2181 65444
2182 65383
2183 65411
2184 65611
2185 65819
2186 65971
2187 66396
2188 65878
2189 66333
2190 66099
2191 65677
2192 66388
2193 65542
2194 65506
2195 65632
2196 65711
2197 65454
2198 65068
2199 65705
2200 65065
2201 65694
2202 65607
2203 65641
2204 65862
2205 65690
2206 66053
2207 66088
2208 66344
2209 66309
2210 66461
2211 66316
2212 65804
2213 65736
2214 65445
2215 65634
2216 65330
2217 65370
2218 65549
2219 65276
2220 65456
2221 65615
2222 65782
2223 65699
2224 66175
2225 65543
2226 65985
2227 66408
2228 66688
2229 66358
2230 66513
2231 66126
2232 66180
2233 65944
2234 66172
2235 65892
2236 65713
2237 65320
2238 65446
2239 65583
2240 65448
2241 65548
2242 65771
2243 65665
2244 65883
2245 66594
2246 66447
2247 66375
2248 66375
2249 66407
2250 66828
2251 66273
2252 66461
2253 65994
2254 65778
2255 65917
2256 65258
2257 65768
2258 65270
2259 64969
2260 65562
2261 66095
2262 66187
2263 65931
2264 66244
2265 65950
2266 65867
2267 66156
2268 66046
2269 66736
2270 66631
2271 66277
2272 66141
2273 66207
2274 65991
2275 66140
2276 66145
2277 65624
2278 65566
2279 65772
2280 65753
2281 65710
2282 65715
2283 66133
2284 66000
2285 66120
2286 66014
2287 66060
2288 66219
2289 66832
2290 66250
2291 66518
2292 66585
2293 66579
2294 66147
2295 65990
2296 66203
2297 65748
2298 66003
2299 65807
2300 65943
2301 66263
2302 66183
2303 65893
2304 66685
2305 66552
2306 66634
2307 66624
2308 66634
2309 66910
2310 66335
2311 67105
2312 66476
2313 66541
2314 66075
2315 66127
2316 65912
2317 66060
2318 66259
2319 66145
2320 66126
2321 66219
2322 65937
2323 66138
2324 66740
2325 66864
2326 66846
2327 66695
2328 67242
2329 66513
2330 66543
2331 66662
2332 66718
2333 66759
2334 66336
2335 66460
2336 66001
2337 66450
2338 66407
2339 65872
2340 66122
2341 66516
2342 66402
2343 66760
2344 66706
2345 66776
2346 66624
2347 66999
2348 66821
2349 67156
2350 67112
2351 66956
2352 66654
2353 66693
2354 66580
2355 66423
2356 66697
2357 66547
2358 66418
2359 66794
2360 66492
2361 66379
2362 66697
2363 66896
2364 66889
2365 67314
2366 67284
2367 66897
2368 67317
2369 67802
2370 67429
2371 67396
2372 66800
2373 67017
2374 67096
2375 67104
2376 66896
2377 66506
2378 66502
2379 66691
2380 66436
2381 67107
2382 66310
2383 66935
2384 67328
2385 67346
2386 67263
2387 67356
2388 67287
2389 67290
2390 67470
2391 67472
2392 67774
2393 66937
2394 66954
2395 67220
2396 66757
2397 66610
2398 66647
2399 66928
2400 66815
2401 66930
2402 67242
2403 67193
2404 67577
2405 67388
2406 67848
2407 67715
2408 67922
2409 67649
2410 67980
2411 67391
2412 67556
2413 67592
2414 67313
2415 67090
2416 66994
2417 67181
2418 66864
2419 67017
2420 67413
2421 67444
2422 67488
2423 67270
2424 67541
2425 67717
2426 67795
2427 67641
2428 67451
2429 67994
2430 68001
2431 67719
2432 68108
2433 67334
2434 67576
2435 67556
2436 67189
2437 67572
2438 67380
2439 67148
2440 67246
2441 67361
2442 67252
2443 67970
2444 67442
2445 67825
2446 68122
2447 67846
2448 68266
2449 68549
2450 68141
2451 68313
2452 68074
2453 67784
2454 68168
2455 67104
2456 67328
2457 67396
2458 67588
2459 68241
2460 67848
2461 67758
2462 68043
2463 67797
2464 68203
2465 67873
2466 68010
2467 68340
2468 68052
2469 68436
2470 68332
2471 67591
2472 68232
2473 68056
2474 67901
2475 68027
2476 68080
2477 67723
2478 67864
2479 68302
2480 67959
2481 67883
2482 68295
2483 68186
2484 68449
2485 68443
2486 69006
2487 68384
2488 68917
2489 69275
2490 68381
2491 68683
2492 68306
2493 68482
2494 68673
2495 68224
2496 67989
2497 67783
2498 68027
2499 68267
2500 67847
2501 68321
2502 68301
2503 68160
2504 68657
2505 68813
2506 68554
2507 68481
2508 69171
2509 68655
2510 68829
2511 68896
2512 68455
2513 68692
2514 68813
2515 68464
2516 68391
2517 67895
2518 67898
2519 67749
2520 68396
2521 68409
2522 68755
2523 68866
2524 68781
2525 68998
2526 68794
2527 69226
2528 69147
2529 68781
2530 69664
2531 68962
2532 68757
2533 68508
2534 68492
2535 68473
2536 68595
2537 68124
2538 68126
2539 68389
2540 68667
2541 68316
2542 68836
2543 68767
2544 68820
2545 68787
2546 69649
2547 69256
2548 69620
2549 69396
2550 69354
2551 68824
2552 68949
2553 69167
2554 68553
2555 68578
2556 69241
2557 68443
2558 68163
2559 68667
2560 68460
2561 68854
2562 68583
2563 68918
2564 68980
2565 69301
2566 69640
2567 69793
2568 69572
2569 69861
2570 69558
2571 69367
2572 69706
2573 69215
2574 68852
2575 69149
2576 68975
2577 68671
2578 68699
2579 69249
2580 69142
2581 68979
2582 68972
2583 68930
2584 69662
2585 69525
2586 69703
2587 69587
2588 69830
2589 70056
2590 69558
2591 69529
2592 69537
2593 69126
2594 69265
2595 69098
2596 68712
2597 68924
2598 68657
2599 69080
2600 69099
2601 68669
2602 69749
2603 69175
2604 69485
2605 69148
2606 69596
2607 69779
2608 69836
2609 69389
2610 69946
2611 69413
2612 69427
2613 69012
2614 69307
2615 68824
2616 69103
2617 69225
2618 68707
2619 69136
2620 69018
2621 69214
2622 69082
2623 69244
2624 69957
2625 69608
2626 69860
2627 69530
2628 70230
2629 69904
2630 69969
2631 69519
2632 69125
2633 69569
2634 69572
2635 69429
2636 69106
2637 69084
2638 68800
2639 68779
2640 68971
2641 69401
2642 69613
2643 69672
2644 69760
2645 69382
2646 69643
2647 70235
2648 69869
2649 70632
2650 69979
2651 70202
2652 69879
2653 69478
2654 69620
2655 69844
2656 69501
2657 68829
2658 68897
2659 69162
2660 69715
2661 69500
2662 69341
2663 69384
2664 69506
2665 69806
2666 70274
2667 70280
2668 69943
2669 69915
2670 70405
2671 69904
2672 69624
2673 69876
2674 69526
2675 69466
2676 69099
2677 69152
2678 68726
2679 69036
2680 70002
2681 70200
2682 69848
2683 70219
2684 70181
2685 70246
2686 70273
2687 70348
2688 71036
2689 70062
2690 70472
2691 70124
2692 69726
2693 70015
2694 69879
2695 69659
2696 69481
2697 69126
2698 69571
2699 69107
2700 69548
2701 69457
2702 69891
2703 69863
2704 70101
2705 70277
2706 70050
2707 70689
2708 70358
2709 70687
2710 70620
2711 70573
2712 70411
2713 69749
2714 69891
2715 70160
2716 70011
2717 69693
2718 69810
2719 69782
2720 69789
2721 69794
2722 69827
2723 70251
2724 70120
2725 70136
2726 70579
2727 70472
2728 70607
2729 71036
2730 70568
2731 70131
2732 69873
2733 70463
2734 70181
2735 70058
2736 69975
2737 69859
2738 69850
2739 70229
2740 70289
2741 69963
2742 70341
2743 70464
2744 70626
2745 70878
2746 71281
2747 71224
2748 71315
2749 71285
2750 70841
2751 70673
2752 70829
2753 71040
2754 70388
2755 70085
2756 70047
2757 70013
2758 69835
2759 69900
2760 68428
2761 69522
2762 70597
2763 70210
2764 70617
2765 70681
2766 70457
2767 70946
2768 70989
2769 70710
2770 70692
2771 70500
2772 70935
2773 70590
2774 70976
2775 70669
2776 70302
2777 70348
2778 69717
2779 69872
2780 70341
2781 69930
2782 70182
2783 70556
2784 70172
2785 70665
2786 71359
2787 71329
2788 71214
2789 71545
2790 71335
2791 70857
2792 70779
2793 70501
2794 70308
2795 70352
2796 69767
2797 69935
2798 70079
2799 69728
2800 69865
2801 69903
2802 70485
2803 70162
2804 70522
2805 71174
2806 71372
2807 71366
2808 71132
2809 71235
2810 70788
2811 71070
2812 70558
2813 70538
2814 70429
2815 70479
2816 70494
2817 70065
2818 70255
2819 69698
2820 70428
2821 70520
2822 70581
2823 70672
2824 70546
2825 70908
2826 71346
2827 71264
2828 71319
2829 71517
2830 71430
2831 70947
2832 70803
2833 70795
2834 70538
2835 70251
2836 69984
2837 69686
2838 70015
2839 69920
2840 69896
2841 70425
2842 70057
2843 70786
2844 70726
2845 71086
2846 71300
2847 71716
2848 71423
2849 71821
2850 71222
2851 70882
2852 70865
2853 70811
2854 70901
2855 70211
2856 70692
2857 70185
2858 70293
2859 69872
2860 70031
2861 70000
2862 70553
2863 70539
2864 70888
2865 71004
2866 71585
2867 71467
2868 71677
2869 71509
2870 71720
2871 70996
2872 71209
2873 71071
2874 70620
2875 70172
2876 69919
2877 70465
2878 69734
2879 70193
2880 70208
2881 70155
2882 70937
2883 70636
2884 71044
2885 71134
2886 70880
2887 71557
2888 71900
2889 71917
2890 71563
2891 71486
2892 71269
2893 71103
2894 71191
2895 71006
2896 71008
2897 70339
2898 70215
2899 70086
2900 70646
2901 70967
2902 70879
2903 70900
2904 71490
2905 71290
2906 71509
2907 71966
2908 71813
2909 72070
2910 71622
2911 71638
2912 71422
2913 71379
2914 70852
2915 70807
2916 70699
2917 70491
2918 70645
2919 70581
2920 71060
2921 71001
2922 70917
2923 70928
2924 71632
2925 71354
2926 71366
2927 71710
2928 71561
2929 72111
2930 71904
2931 71151
2932 71186
2933 71646
2934 70219
2935 70896
2936 70653
2937 70578
2938 70580
2939 70064
2940 70200
2941 70421
2942 70704
2943 70813
2944 70974
2945 70728
2946 71281
2947 71350
2948 72231
2949 72213
2950 71753
2951 71214
2952 71063
2953 70813
2954 71188
2955 71050
2956 70728
2957 70495
2958 70316
2959 70372
2960 70308
2961 70537
2962 70835
2963 71259
2964 71092
2965 71271
2966 71561
2967 71825
2968 72115
2969 72122
2970 71619
2971 71731
2972 71339
2973 71384
2974 70939
2975 70717
2976 70543
2977 71003
2978 70605
2979 70633
2980 70843
2981 71219
2982 70756
2983 71116
2984 71352
2985 72078
2986 71469
2987 72114
2988 72450
2989 71853
2990 72481
2991 71645
2992 71685
2993 71488
2994 71202
2995 70824
2996 71216
2997 70525
2998 70986
2999 70544
3000 70754
3001 71310
3002 71485
3003 71222
3004 71422
3005 71889
3006 72031
3007 72496
3008 72305
3009 71933
3010 72538
3011 72005
3012 71323
3013 71581
3014 71440
3015 71328
3016 71471
3017 70842
3018 70911
3019 70619
3020 71068
3021 71174
3022 71167
3023 71135
3024 71679
3025 71666
3026 71785
3027 72064
3028 72248
3029 72184
3030 71824
3031 71480
3032 71533
3033 71354
3034 70793
3035 71086
3036 71101
3037 70447
3038 70728
3039 70503
3040 70554
3041 71619
3042 71002
3043 71318
3044 70978
3045 71390
3046 71511
3047 72004
3048 72218
3049 72441
3050 72064
3051 71506
3052 71330
3053 71425
3054 71300
3055 71063
3056 71002
3057 71046
3058 70013
3059 70877
3060 70588
3061 70560
3062 70849
3063 71365
3064 71359
3065 71599
3066 71644
3067 72144
3068 72338
3069 72381
3070 71914
3071 72124
3072 71366
3073 71283
3074 71188
3075 70616
3076 70923
3077 70618
3078 70444
3079 70194
3080 70961
3081 71281
3082 71043
3083 71130
3084 71330
3085 71698
3086 71853
3087 72090
3088 72730
3089 71727
3090 72575
3091 72017
3092 71560
3093 71780
3094 71033
3095 71016
3096 70805
3097 70656
3098 71254
3099 71226
3100 70437
3101 71326
3102 71214
3103 71179
3104 70988
3105 71748
3106 72020
3107 71992
3108 72085
3109 72232
3110 72087
3111 71569
3112 71964
3113 71820
3114 71006
3115 70741
3116 71112
3117 70567
3118 70866
3119 70728
3120 70916
3121 70954
3122 71080
3123 70883
3124 71595
3125 71341
3126 71956
3127 72356
3128 71962
3129 72563
3130 72042
3131 72463
3132 71875
3133 71606
3134 71232
3135 71060
3136 71292
3137 70396
3138 70388
3139 70325
3140 70109
3141 71045
3142 71118
3143 71208
3144 71420
3145 71564
3146 72064
3147 71608
3148 72695
3149 72577
3150 72162
3151 71878
3152 71532
3153 71472
3154 71445
3155 71287
3156 70419
3157 70787
3158 70700
3159 70667
3160 70544
3161 70616
3162 71134
3163 71303
3164 71626
3165 71919
3166 71908
3167 72511
3168 72296
3169 72378
3170 72173
3171 71763
3172 71654
3173 71451
3174 71191
3175 70897
3176 70397
3177 70766
3178 70814
3179 70309
3180 71203
3181 70428
3182 71006
3183 71475
3184 71888
3185 71720
3186 72512
3187 72648
3188 72161
3189 72282
3190 72124
3191 71336
3192 71640
3193 71483
3194 71307
3195 71312
3196 70833
3197 70512
3198 70579
3199 70793
3200 70865
3201 70591
3202 71041
3203 71219
3204 71346
3205 71454
3206 72336
3207 72172
3208 71818
3209 71986
3210 72402
3211 72062
3212 71406
3213 71362
3214 71229
3215 70902
3216 70899
3217 70774
3218 70924
3219 70558
3220 71740
3221 71713
3222 71426
3223 71812
3224 71842
3225 71451
3226 72111
3227 72446
3228 72794
3229 72377
3230 72635
3231 72647
3232 72228
3233 71609
3234 71554
3235 71105
3236 71295
3237 71353
3238 70864
3239 70916
3240 71624
3241 71594
3242 71502
3243 71452
3244 72135
3245 71686
3246 72323
3247 72253
3248 72693
3249 72643
3250 72500
3251 72576
3252 72011
3253 71832
3254 71714
3255 71574
3256 71580
3257 71282
3258 70711
3259 71324
3260 71606
3261 71303
3262 71641
3263 71932
3264 71786
3265 72067
3266 72182
3267 72238
3268 72674
3269 72806
3270 72364
3271 72028
3272 72109
3273 71916
3274 71664
3275 71503
3276 71333
3277 71375
3278 71404
3279 70958
3280 70724
3281 71805
3282 71441
3283 71594
3284 72393
3285 72077
3286 72068
3287 72326
3288 72830
3289 72838
3290 72624
3291 72181
3292 72028
3293 72239
3294 72004
3295 71592
3296 71216
3297 71203
3298 71548
3299 71348
3300 71066
3301 71368
3302 71989
3303 72036
3304 72382
3305 72415
3306 72495
3307 72478
3308 72638
3309 72878
3310 73271
3311 72046
3312 71904
3313 71995
3314 71492
3315 71726
3316 71602
3317 70940
3318 71230
3319 72062
3320 71236
3321 71515
3322 71111
3323 71431
3324 72275
3325 72270
3326 72902
3327 72818
3328 72785
3329 72432
3330 72597
3331 72234
3332 72127
3333 72154
3334 71509
3335 71437
3336 71134
3337 71126
3338 71614
3339 71249
3340 71382
3341 71148
3342 71328
3343 71689
3344 72265
3345 72359
3346 72344
3347 73071
3348 72675
3349 72153
3350 72706
3351 72510
3352 71936
3353 72050
3354 71608
3355 70950
3356 71537
3357 71311
3358 71560
3359 71351
3360 71218
3361 70924
3362 71239
3363 71792
3364 71952
3365 72025
3366 71768
3367 72165
3368 72547
3369 72445
3370 72266
3371 72343
3372 71784
3373 71450
3374 71328
3375 71122
3376 71100
3377 70792
3378 70415
3379 71175
3380 70902
3381 70803
3382 71159
3383 71183
3384 71468
3385 71821
3386 71806
3387 71625
3388 72539
3389 72555
3390 72052
3391 71769
3392 71259
3393 71115
3394 70948
3395 71185
3396 70514
3397 70325
3398 70474
3399 70186
3400 70595
3401 70557
3402 71042
3403 71234
3404 70987
3405 71322
3406 71350
3407 71563
3408 72260
3409 72372
3410 71685
3411 71643
3412 71853
3413 71324
3414 71264
3415 70860
3416 70542
3417 70835
3418 70692
3419 70371
3420 70403
3421 71328
3422 70874
3423 71314
3424 71486
3425 71713
3426 72071
3427 72181
3428 72176
3429 71792
3430 71940
3431 71171
3432 71667
3433 71424
3434 70658
3435 70883
3436 70396
3437 70876
3438 70693
3439 70031
3440 70333
3441 70823
3442 70696
3443 71343
3444 71496
3445 71072
3446 71660
3447 71757
3448 71780
3449 71933
3450 71484
3451 71679
3452 71156
3453 70566
3454 70443
3455 70591
3456 70399
3457 70102
3458 70200
3459 70198
3460 69998
3461 70432
3462 70442
3463 70989
3464 71071
3465 71044
3466 71344
3467 71529
3468 71748
3469 71363
3470 71487
3471 71442
3472 71480
3473 70907
3474 71196
3475 70469
3476 70623
3477 70178
3478 69942
3479 70144
3480 70486
3481 70733
3482 70415
3483 70918
3484 70616
3485 71203
3486 71184
3487 71381
3488 71390
3489 71313
3490 71399
3491 71754
3492 70620
3493 70782
3494 70771
3495 70808
3496 70406
3497 70454
3498 69844
3499 69943
3500 70052
3501 70271
3502 70256
3503 70634
3504 70465
3505 70715
3506 70685
3507 71273
3508 70973
3509 71323
3510 70983
3511 70448
3512 70723
3513 70562
3514 70506
3515 70055
3516 69981
3517 69464
3518 70114
3519 69250
3520 69753
3521 70270
3522 70370
3523 70299
3524 70449
3525 71008
3526 71067
3527 71203
3528 71189
3529 70508
3530 70837
3531 70878
3532 70639
3533 70760
3534 70256
3535 70354
3536 69386
3537 69648
3538 69844
3539 70040
3540 69898
3541 70155
3542 70262
3543 70365
3544 70397
3545 70643
3546 70408
3547 70981
3548 71099
3549 70587
3550 71268
3551 70900
3552 70351
3553 70796
3554 70063
3555 70805
3556 70282
3557 70113
3558 70304
3559 69950
3560 69837
3561 70430
3562 70035
3563 70352
3564 70332
3565 70434
3566 71220
3567 70924
3568 71040
3569 71016
3570 70817
3571 70556
3572 70780
3573 70465
3574 69477
3575 70360
3576 69892
3577 69346
3578 69533
3579 70000
3580 70011
3581 69941
3582 70057
3583 70318
3584 70403
3585 70862
3586 71072
3587 70905
3588 70629
3589 70718
3590 70670
3591 71146
3592 70459
3593 70555
3594 70403
3595 69917
3596 69702
3597 69663
3598 69888
3599 69696
3600 69924
3601 70080
3602 70163
3603 70326
3604 70617
3605 70198
3606 70530
3607 71100
3608 71089
3609 70520
3610 70776
3611 71226
3612 70749
3613 70427
3614 70354
3615 70038
3616 70227
3617 69777
3618 69670
3619 69562
3620 69746
3621 69965
3622 70103
3623 70299
3624 70475
3625 70471
3626 71023
3627 70462
3628 70900
3629 70870
3630 70813
3631 70673
3632 70826
3633 69900
3634 70376
3635 70180
3636 70005
3637 69911
3638 70062
3639 69790
3640 69637
3641 69761
3642 70283
3643 70254
3644 70405
3645 70940
3646 71075
3647 70599
3648 70638
3649 71021
3650 71114
3651 70869
3652 70900
3653 70030
3654 70362
3655 70000
3656 69932
3657 70055
3658 69899
3659 69704
3660 70004
3661 70338
3662 70084
3663 70370
3664 70327
3665 70588
3666 70846
3667 71042
3668 70725
3669 71278
3670 70685
3671 70379
3672 70505
3673 70383
3674 70461
3675 70124
3676 70170
3677 69831
3678 69845
3679 69574
3680 70377
3681 69687
3682 69982
3683 70182
3684 70399
3685 70870
3686 70723
3687 70832
3688 70992
3689 70719
3690 71062
3691 70570
3692 70619
3693 70529
3694 70201
3695 70158
3696 69576
3697 69717
3698 69359
3699 69824
3700 69682
3701 70171
3702 70252
3703 70205
3704 70545
3705 70773
3706 70673
3707 70709
3708 70394
3709 70337
3710 71154
3711 70367
3712 70420
3713 69997
3714 70073
3715 70183
3716 69460
3717 69820
3718 70159
3719 69808
3720 69809
3721 69779
3722 69961
3723 70263
3724 70508
3725 70388
3726 70480
3727 70871
3728 70750
3729 70636
3730 70572
3731 70370
3732 70742
3733 70486
3734 70032
3735 69599
3736 69873
3737 69438
3738 69129
3739 69684
3740 70092
3741 69955
3742 70062
3743 70300
3744 70154
3745 70387
3746 70336
3747 70942
3748 70645
3749 70231
3750 70593
3751 70274
3752 70049
3753 69626
3754 69541
3755 70033
3756 69829
3757 69534
3758 69535
3759 69852
3760 70049
3761 69973
3762 69898
3763 70125
3764 70348
3765 70231
3766 70311
3767 70455
3768 70353
3769 70388
3770 70876
3771 70235
3772 70451
3773 70261
3774 69900
3775 70058
3776 69207
3777 69276
3778 69407
3779 69369
3780 69661
3781 70077
3782 69970
3783 70528
3784 70508
3785 70341
3786 70262
3787 70793
3788 70909
3789 70917
3790 70856
3791 70254
3792 69750
3793 69843
3794 69595
3795 69682
3796 70186
3797 69357
3798 69299
3799 69709
3800 69484
3801 70113
3802 69705
3803 70121
3804 69652
3805 70099
3806 70007
3807 70835
3808 70043
3809 70173
3810 70588
3811 70655
3812 70362
3813 70118
3814 69806
3815 69610
3816 69746
3817 69120
3818 69311
3819 69376
3820 69069
3821 69311
3822 69940
3823 69498
3824 69873
3825 69742
3826 70052
3827 70691
3828 70243
3829 70571
3830 70335
3831 70383
3832 70136
3833 70093
3834 69640
3835 69748
3836 69450
3837 69330
3838 69571
3839 69359
3840 69735
3841 69536
3842 69853
3843 69889
3844 69635
3845 70107
3846 70259
3847 70143
3848 69933
3849 70630
3850 70351
3851 70098
3852 70106
3853 69986
3854 69660
3855 69610
3856 69177
3857 69258
3858 69081
3859 68848
3860 69374
3861 69697
3862 69251
3863 69344
3864 70025
3865 69706
3866 70230
3867 70198
3868 70294
3869 70343
3870 70528
3871 70113
3872 70051
3873 70186
3874 69594
3875 69562
3876 69330
3877 69400
3878 69493
3879 69436
3880 69337
3881 69211
3882 69590
3883 69881
3884 69698
3885 69535
3886 70158
3887 70569
3888 70268
3889 70405
3890 69943
3891 70063
3892 69753
3893 70000
3894 70384
3895 69633
3896 69219
3897 69226
3898 69358
3899 69255
3900 69138
3901 69499
3902 69322
3903 69515
3904 69595
3905 70004
3906 69686
3907 70286
3908 70018
3909 70176
3910 70294
3911 69788
3912 69597
3913 69386
3914 69244
3915 69471
3916 68953
3917 68768
3918 68774
3919 69147
3920 68950
3921 69133
3922 69545
3923 69105
3924 69638
3925 69559
3926 69538
3927 70172
3928 70443
3929 69995
3930 70048
3931 69895
3932 69513
3933 69493
3934 69638
3935 69330
3936 69042
3937 69602
3938 69768
3939 69469
3940 69118
3941 69086
3942 69817
3943 69781
3944 69508
3945 69999
3946 69858
3947 70082
3948 70386
3949 70215
3950 69799
3951 69709
3952 69534
3953 69414
3954 69394
3955 69426
3956 69340
3957 69039
3958 68778
3959 69388
3960 69279
3961 69017
3962 69203
3963 69430
3964 69392
3965 69169
3966 69658
3967 69240
3968 70129
3969 70320
3970 69571
3971 69574
3972 69323
3973 69362
3974 69265
3975 69192
3976 68928
3977 69135
3978 68965
3979 69077
3980 69131
3981 69204
3982 69297
3983 69350
3984 69811
3985 69710
3986 69528
3987 70171
3988 69983
3989 69682
3990 69699
3991 69983
3992 69673
3993 69427
3994 69165
3995 69510
3996 69147
3997 69192
3998 68582
3999 68913
4000 68870
4001 68482
4002 69061
4003 68549
4004 69056
4005 69682
4006 69486
4007 69765
4008 69559
4009 69731
4010 69879
4011 69480
4012 69855
4013 69663
4014 69154
4015 68865
4016 68964
4017 68787
4018 68571
4019 68998
4020 68672
4021 69252
4022 68605
4023 69076
4024 68982
4025 69670
4026 69891
4027 70159
4028 69931
4029 70056
4030 69877
4031 69339
4032 69460
4033 69199
4034 69035
4035 68800
4036 68713
4037 68850
4038 68918
4039 68759
4040 68953
4041 68920
4042 69260
4043 68901
4044 69191
4045 69358
4046 69500
4047 69538
4048 69987
4049 69506
4050 68815
4051 69550
4052 69373
4053 69125
4054 69007
4055 69250
4056 68678
4057 68692
4058 68661
4059 68899
4060 68962
4061 68535
4062 69025
4063 69188
4064 68827
4065 69036
4066 69626
4067 69739
4068 69582
4069 69509
4070 69387
4071 69329
4072 68649
4073 68981
4074 68878
4075 68967
4076 68644
4077 68495
4078 68807
4079 68250
4080 68874
4081 68225
4082 68626
4083 68959
4084 69002
4085 68819
4086 69265
4087 69462
4088 69430
4089 68996
4090 69384
4091 68854
4092 68880
4093 68663
4094 68514
4095 68400
4096 68366
4097 68136
4098 68130
4099 68561
4100 68194
4101 68123
4102 67978
4103 68396
4104 68405
4105 68615
4106 68779
4107 68686
4108 69084
4109 69246
4110 68556
4111 69045
4112 68601
4113 68170
4114 68400
4115 68589
4116 68372
4117 68059
4118 68417
4119 68356
4120 68114
4121 68542
4122 68834
4123 68170
4124 68577
4125 68834
4126 68925
4127 68681
4128 69072
4129 69354
4130 69167
4131 68724
4132 68682
4133 68547
4134 69019
4135 68168
4136 68426
4137 68245
4138 67896
4139 68294
4140 68166
4141 68287
4142 68158
4143 68492
4144 68550
4145 68993
4146 68636
4147 69032
4148 68489
4149 68853
4150 69133
4151 68764
4152 68559
4153 68763
4154 68618
4155 68260
4156 68075
4157 68366
4158 67979
4159 68260
4160 67854
4161 68546
4162 67715
4163 68436
4164 68490
4165 68766
4166 68754
4167 69066
4168 68612
4169 68815
4170 68854
4171 68796
4172 68301
4173 68681
4174 68008
4175 67892
4176 67993
4177 68030
4178 67597
4179 67955
4180 68136
4181 68166
4182 68495
4183 68294
4184 68193
4185 68868
4186 68551
4187 68714
4188 68332
4189 68558
4190 68249
4191 68108
4192 68390
4193 68490
4194 68335
4195 67932
4196 68016
4197 67715
4198 67836
4199 67851
4200 67907
4201 68113
4202 67616
4203 68042
4204 68829
4205 68400
4206 68303
4207 68467
4208 68151
4209 68799
4210 68676
4211 68482
4212 68332
4213 67874
4214 68121
4215 67517
4216 67851
4217 68066
4218 67749
4219 67547
4220 67710
4221 67725
4222 67976
4223 67948
4224 67978
4225 67690
4226 68536
4227 68478
4228 68476
4229 68337
4230 68363
4231 68228
4232 68217
4233 68355
4234 67730
4235 67556
4236 67729
4237 67457
4238 67824
4239 67462
4240 67563
4241 67347
4242 67522
4243 67474
4244 67515
4245 67596
4246 67448
4247 68246
4248 67880
4249 68260
4250 68059
4251 67881
4252 67511
4253 67474
4254 67755
4255 66834
4256 67003
4257 67678
4258 67212
4259 67365
4260 67334
4261 67832
4262 67253
4263 67597
4264 67705
4265 67608
4266 67704
4267 67881
4268 67943
4269 67822
4270 67667
4271 67869
4272 67491
4273 68174
4274 67193
4275 67317
4276 67062
4277 66939
4278 67398
4279 66862
4280 67346
4281 67358
4282 67454
4283 67063
4284 68025
4285 67452
4286 67634
4287 68155
4288 67518
4289 68008
4290 67869
4291 67301
4292 67864
4293 67631
4294 67326
4295 67425
4296 67390
4297 67100
4298 67233
4299 67279
4300 67194
4301 67017
4302 67545
4303 67265
4304 67508
4305 67283
4306 67842
4307 67915
4308 68354
4309 67580
4310 67628
4311 67841
4312 67353
4313 67197
4314 67277
4315 67241
4316 66892
4317 66830
4318 66999
4319 66743
4320 67227
4321 66911
4322 67308
4323 66959
4324 67196
4325 67400
4326 67820
4327 67618
4328 68038
4329 67491
4330 67783
4331 67538
4332 67397
4333 67127
4334 66950
4335 67098
4336 66614
4337 66683
4338 67035
4339 66545
4340 66543
4341 67212
4342 66985
4343 67073
4344 67345
4345 67036
4346 67372
4347 66946
4348 67717
4349 66753
4350 67636
4351 67366
4352 66800
4353 67249
4354 67102
4355 66766
4356 66920
4357 66085
4358 67001
4359 66363
4360 66850
4361 66517
4362 66726
4363 66833
4364 67159
4365 67489
4366 67130
4367 67168
4368 67398
4369 67282
4370 67657
4371 67074
4372 67051
4373 67278
4374 66604
4375 66678
4376 66236
4377 66707
4378 66804
4379 66736
4380 66473
4381 66440
4382 66709
4383 66862
4384 66880
4385 66736
4386 67202
4387 67214
4388 66978
4389 66902
4390 67323
4391 67027
4392 67014
4393 66549
4394 66513
4395 66517
4396 65902
4397 66343
4398 66094
4399 66166
4400 66183
4401 66547
4402 66615
4403 66338
4404 66177
4405 66953
4406 66614
4407 66971
4408 66880
4409 66382
4410 66961
4411 66583
4412 66570
4413 66276
4414 66622
4415 65997
4416 66427
4417 65766
4418 65821
4419 65912
4420 66105
4421 65769
4422 66198
4423 66137
4424 66671
4425 66762
4426 66395
4427 66680
4428 66659
4429 66724
4430 66577
4431 66558
4432 66433
4433 66565
4434 66012
4435 65898
4436 66125
4437 65951
4438 65921
4439 65371
4440 65844
4441 66183
4442 66070
4443 66363
4444 66041
4445 66793
4446 66367
4447 66167
4448 67040
4449 66451
4450 66432
4451 66776
4452 66861
4453 66246
4454 66294
4455 65955
4456 65585
4457 65964
4458 65591
4459 65608
4460 65977
4461 65967
4462 65981
4463 66088
4464 66083
4465 65707
4466 66256
4467 66578
4468 66602
4469 66477
4470 66034
4471 66737
4472 66063
4473 66079
4474 65725
4475 66095
4476 66122
4477 65717
4478 65264
4479 65660
4480 65768
4481 65729
4482 66147
4483 66090
4484 65894
4485 66372
4486 66452
4487 66536
4488 66270
4489 66391
4490 66324
4491 66216
4492 66255
4493 66063
4494 65775
4495 65734
4496 65765
4497 65712
4498 65694
4499 65452
4500 65113
4501 65639
4502 65778
4503 65585
4504 65895
4505 66495
4506 65935
4507 66034
4508 66338
4509 66608
4510 66325
4511 65663
4512 66070
4513 66229
4514 65660
4515 65484
4516 65565
4517 65403
4518 65167
4519 65599
4520 65683
4521 65418
4522 65475
4523 65569
4524 65625
4525 65948
4526 66049
4527 65928
4528 65679
4529 65868
4530 66171
4531 65959
4532 65681
4533 66062
4534 65386
4535 65624
4536 65347
4537 65053
4538 64961
4539 65347
4540 65070
4541 65424
4542 65971
4543 65492
4544 65548
4545 66137
4546 65606
4547 65987
4548 65938
4549 65410
4550 66230
4551 65624
4552 65507
4553 65069
4554 65030
4555 64894
4556 65014
4557 64857
4558 64954
4559 64693
4560 65152
4561 65169
4562 65088
4563 65050
4564 65235
4565 65556
4566 65302
4567 65405
4568 65747
4569 65622
4570 65690
4571 65539
4572 65161
4573 65361
4574 65298
4575 65538
4576 65258
4577 64959
4578 64700
4579 64974
4580 64681
4581 65399
4582 65034
4583 64867
4584 65217
4585 65422
4586 65492
4587 65492
4588 65472
4589 65430
4590 65621
4591 65544
4592 65339
4593 64795
4594 65184
4595 65473
4596 64837
4597 64999
4598 65248
4599 64464
4600 64839
4601 64772
4602 65288
4603 65188
4604 65565
4605 65198
4606 65621
4607 65310
4608 65486
4609 65577
4610 65522
4611 65497
4612 65578
4613 64750
4614 65380
4615 65055
4616 65005
4617 64110
4618 64388
4619 65012
4620 64797
4621 64730
4622 65204
4623 65376
4624 65647
4625 65504
4626 65480
4627 65073
4628 65348
4629 65853
4630 65168
4631 65287
4632 65393
4633 65465
4634 64938
4635 64904
4636 64910
4637 64734
4638 64575
4639 64443
4640 64874
4641 65124
4642 64936
4643 64963
4644 65361
4645 65591
4646 65208
4647 65661
4648 65813
4649 65349
4650 65326
4651 65153
4652 65081
4653 65070
4654 64780
4655 64758
4656 64844
4657 64789
4658 64231
4659 64557
4660 64677
4661 64886
4662 65165
4663 64747
4664 64702
4665 65082
4666 65200
4667 64917
4668 65426
4669 65504
4670 65602
4671 64999
4672 65254
4673 64925
4674 64905
4675 64416
4676 65105
4677 64116
4678 64285
4679 64840
4680 64218
4681 65139
4682 64904
4683 65147
4684 65084
4685 64874
4686 65374
4687 65475
4688 65166
4689 65271
4690 65254
4691 65058
4692 65134
4693 65257
4694 64670
4695 64436
4696 64087
4697 64230
4698 64132
4699 64268
4700 64538
4701 64556
4702 64258
4703 64737
4704 65365
4705 65217
4706 64783
4707 65192
4708 65202
4709 65066
4710 64948
4711 64866
4712 65357
4713 65028
4714 64963
4715 64864
4716 64749
4717 64403
4718 63851
4719 63690
4720 64452
4721 64643
4722 64690
4723 64870
4724 64804
4725 65058
4726 65192
4727 65037
4728 64959
4729 65159
4730 65171
4731 65099
4732 64598
4733 65207
4734 64412
4735 64493
4736 64408
4737 64514
4738 63978
4739 64021
4740 64124
4741 64549
4742 64438
4743 64897
4744 64880
4745 65036
4746 65237
4747 65237
4748 64778
4749 64981
4750 65492
4751 65465
4752 64680
4753 64746
4754 64677
4755 64983
4756 64442
4757 64217
4758 64129
4759 63614
4760 64616
4761 64659
4762 64570
4763 65057
4764 64955
4765 64803
4766 65157
4767 64768
4768 65226
4769 64883
4770 65408
4771 65110
4772 65108
4773 64594
4774 64842
4775 64232
4776 64462
4777 64165
4778 64028
4779 63992
4780 63958
4781 64471
4782 64806
4783 64524
4784 64881
4785 64939
4786 65480
4787 64907
4788 65344
4789 65309
4790 64794
4791 65191
4792 64730
4793 64912
4794 64668
4795 64676
4796 63907
4797 63736
4798 64480
4799 64305
4800 64122
4801 64553
4802 64603
4803 64369
4804 64605
4805 64833
4806 65252
4807 64834
4808 65311
4809 65073
4810 64413
4811 64349
4812 64744
4813 64840
4814 64309
4815 64432
4816 64531
4817 64149
4818 63948
4819 64064
4820 64113
4821 64218
4822 64512
4823 64702
4824 64445
4825 64903
4826 65074
4827 65088
4828 64807
4829 65020
4830 64864
4831 64755
4832 65141
4833 64327
4834 64153
4835 64270
4836 64434
4837 63483
4838 63947
4839 64059
4840 64151
4841 64225
4842 64371
4843 64914
4844 64770
4845 64742
4846 64650
4847 64926
4848 65276
4849 65014
4850 65193
4851 65534
4852 65131
4853 64458
4854 64366
4855 64295
4856 64228
4857 64181
4858 63820
4859 63995
4860 64149
4861 64187
4862 64400
4863 64452
4864 64171
4865 64479
4866 64691
4867 64902
4868 65073
4869 65126
4870 64974
4871 64940
4872 64549
4873 64325
4874 64284
4875 64012
4876 63899
4877 63818
4878 64213
4879 63987
4880 63609
4881 64172
4882 64172
4883 64623
4884 64382
4885 64734
4886 65122
4887 64960
4888 65055
4889 64910
4890 65053
4891 64701
4892 64715
4893 64431
4894 64853
4895 64516
4896 64510
4897 64321
4898 64101
4899 64103
4900 63905
4901 64137
4902 64621
4903 64390
4904 64526
4905 65156
4906 64850
4907 65306
4908 64778
4909 64956
4910 64920
4911 64922
4912 65000
4913 64749
4914 64222
4915 64101
4916 63859
4917 64229
4918 63900
4919 63739
4920 63875
4921 64317
4922 64016
4923 64371
4924 64508
4925 64199
4926 64915
4927 64611
4928 64562
4929 64748
4930 64951
4931 64739
4932 64603
4933 64439
4934 64461
4935 63836
4936 63951
4937 63764
4938 63681
4939 63861
4940 64405
4941 64088
4942 63728
4943 63847
4944 64630
4945 64443
4946 64830
4947 64479
4948 64869
4949 64975
4950 64542
4951 64815
4952 64426
4953 64368
4954 63915
4955 64117
4956 64066
4957 63927
4958 63450
4959 63908
4960 63913
4961 63545
4962 64178
4963 64522
4964 63936
4965 64708
4966 64643
4967 64629
4968 64927
4969 64744
4970 64561
4971 64493
4972 64514
4973 64353
4974 64155
4975 64346
4976 63927
4977 63565
4978 63604
4979 63484
4980 64014
4981 64036
4982 63885
4983 64400
4984 63971
4985 64582
4986 64450
4987 64930
4988 64563
4989 64632
4990 64522
4991 64793
4992 64349
4993 64539
4994 64237
4995 63840
4996 63631
4997 63788
4998 64126
4999 63603
5000 63459
5001 64126
5002 64090
5003 64408
5004 64617
5005 64414
5006 64031
5007 64511
5008 64874
5009 64698
5010 64369
5011 64376
5012 64424
5013 64402
5014 64019
5015 63638
5016 63931
5017 64007
5018 63450
5019 63382
5020 63923
5021 63631
5022 64270
5023 64574
5024 64249
5025 64708
5026 64513
5027 64524
5028 64795
5029 64654
5030 64312
5031 64681
5032 64460
5033 64359
5034 64380
5035 63935
5036 64027
5037 64110
5038 63259
5039 64277
5040 64134
5041 64173
5042 63985
5043 63993
5044 64464
5045 64918
5046 64540
5047 64914
5048 65013
5049 64741
5050 64534
5051 64639
5052 64729
5053 64571
5054 64042
5055 64072
5056 64185
5057 64097
5058 63639
5059 63551
5060 63965
5061 64596
5062 64451
5063 63854
5064 64546
5065 64610
5066 64941
5067 64843
5068 65043
5069 64621
5070 64755
5071 64425
5072 64679
5073 64589
5074 64063
5075 64114
5076 64555
5077 64037
5078 63970
5079 63995
5080 63849
5081 64046
5082 64379
5083 64350
5084 64736
5085 64424
5086 65331
5087 64718
5088 65140
5089 64713
5090 64801
5091 64507
5092 64740
5093 64653
5094 64060
5095 64028
5096 64440
5097 64016
5098 64201
5099 64145
5100 63826
5101 63955
5102 64351
5103 64419
5104 64653
5105 64320
5106 64652
5107 64787
5108 65391
5109 64697
5110 64764
5111 64576
5112 64555
5113 64477
5114 64540
5115 64441
5116 64040
5117 63790
5118 63604
5119 63698
5120 64328
5121 64035
5122 64394
5123 64464
5124 64320
5125 64539
5126 64832
5127 64588
5128 65103
5129 64944
5130 64400
5131 65071
5132 64355
5133 64803
5134 64098
5135 64129
5136 64505
5137 63780
5138 64216
5139 64213
5140 64037
5141 63824
5142 64506
5143 64674
5144 64113
5145 64807
5146 64787
5147 65311
5148 64960
5149 65349
5150 64836
5151 64986
5152 64696
5153 64691
5154 64522
5155 64414
5156 64065
5157 63912
5158 64232
5159 64423
5160 64756
5161 64502
5162 64590
5163 64531
5164 64346
5165 64741
5166 64923
5167 64921
5168 64797
5169 64804
5170 64740
5171 65163
5172 64880
5173 64416
5174 64179
5175 64180
5176 64054
5177 64290
5178 64060
5179 63627
5180 63946
5181 64475
5182 64543
5183 64891
5184 64141
5185 64763
5186 64642
5187 64742
5188 64762
5189 65098
5190 64976
5191 64989
5192 64852
5193 64892
5194 64515
5195 64254
5196 64457
5197 64250
5198 64444
5199 63926
5200 64223
5201 64573
5202 64522
5203 64355
5204 64675
5205 64253
5206 64808
5207 64962
5208 64896
5209 65257
5210 64988
5211 64984
5212 65045
5213 64548
5214 64206
5215 64411
5216 64257
5217 64282
5218 64266
5219 63958
5220 64143
5221 64773
5222 64594
5223 64510
5224 64942
5225 65311
5226 65135
5227 65102
5228 65113
5229 65052
5230 65038
5231 64902
5232 65061
5233 64597
5234 64631
5235 64671
5236 63916
5237 63990
5238 64258
5239 64234
5240 64551
5241 64012
5242 64791
5243 64845
5244 64910
5245 64843
5246 65035
5247 65006
5248 64891
5249 65504
5250 64983
5251 65074
5252 65249
5253 64586
5254 64643
5255 64811
5256 64246
5257 64482
5258 64002
5259 64098
5260 63943
5261 64516
5262 64735
5263 64694
5264 65003
