H11890
GateTime 10
GateNumber 0
SN 30430302
0 69504
1 69629
2 69469
3 69483
4 68855
5 68570
6 68220
7 67728
8 67568
9 66984
10 66960
11 66603
12 65979
13 65865
14 66001
15 66313
16 65874
17 65641
18 65700
19 65463
20 65296
21 65578
22 65173
23 65785
24 65597
25 65450
26 65739
27 66102
28 65929
29 66213
30 66367
31 66057
32 66595
33 66700
34 67081
35 67483
36 67988
37 68769
38 68940
39 68910
40 69254
41 69920
42 69622
43 69239
44 68970
45 68705
46 68376
47 68303
48 68022
49 67083
50 67257
51 66781
52 66247
53 66160
54 65905
55 65834
56 65446
57 65676
58 65391
59 65451
60 65008
61 65357
62 65007
63 65469
64 64954
65 65149
66 64833
67 65024
68 65253
69 65118
70 64551
71 64699
72 64950
73 64530
74 64707
75 64876
76 65205
77 64913
78 65381
79 65074
80 65111
81 65082
82 65339
83 65579
84 64925
85 65786
86 65158
87 65603
88 66002
89 65854
90 65869
91 66252
92 66648
93 67146
94 66947
95 67502
96 68345
97 68744
98 68922
99 69056
100 69494
101 69208
102 69202
103 69157
104 68515
105 68370
106 67883
107 67625
108 67045
109 66870
110 66590
111 65941
112 66082
113 65556
114 65742
115 65134
116 64878
117 65176
118 65221
119 65696
120 65107
121 64757
122 64810
123 65151
124 65230
125 64687
126 65117
127 65019
128 64922
129 65148
130 65459
131 65861
132 66030
133 65912
134 66467
135 67248
136 67448
137 67844
138 68726
139 68518
140 69127
141 69077
142 68743
143 68822
144 68676
145 68259
146 68332
147 67727
148 66768
149 66139
150 66485
151 66276
152 65974
153 65452
154 65975
155 65134
156 64760
157 65262
158 64810
159 64674
160 64546
161 64464
162 64522
163 64572
164 64522
165 64271
166 63894
167 64040
168 64394
169 63965
170 64478
171 64210
172 63900
173 64210
174 63867
175 64408
176 64067
177 64274
178 64434
179 64200
180 64208
181 64695
182 64319
183 64352
184 64581
185 64873
186 64814
187 65041
188 65409
189 65249
190 65416
191 65451
192 65645
193 66043
194 66845
195 67138
196 66937
197 67528
198 68290
199 68197
200 68821
201 68941
202 68726
203 68690
204 68485
205 68111
206 67716
207 66772
208 66671
209 66359
210 65876
211 65759
212 64988
213 65180
214 65059
215 64264
216 64562
217 64213
218 64326
219 63979
220 64068
221 64032
222 64406
223 64160
224 64197
225 64101
226 64795
227 64219
228 64649
229 64419
230 64549
231 65385
232 64810
233 65215
234 65650
235 66376
236 66605
237 66787
238 67319
239 68125
240 67786
241 67990
242 68297
243 67951
244 68096
245 67332
246 67337
247 66628
248 66250
249 66074
250 65637
251 65607
252 65015
253 65109
254 64581
255 64406
256 63962
257 64082
258 64066
259 63751
260 63850
261 63853
262 63423
263 63545
264 63218
265 63655
266 63779
267 63604
268 63579
269 63082
270 63510
271 63073
272 63149
273 63505
274 63031
275 63284
276 63681
277 63691
278 63084
279 63639
280 63759
281 63698
282 64128
283 63625
284 63869
285 63955
286 63988
287 64659
288 64314
289 64642
290 64631
291 65216
292 65015
293 65469
294 66025
295 66350
296 66578
297 66824
298 67172
299 67928
300 67594
301 68133
302 67903
303 67340
304 67322
305 66971
306 66319
307 66129
308 65606
309 65303
310 64600
311 64608
312 64156
313 64016
314 63882
315 63512
316 63656
317 63552
318 63485
319 63097
320 63447
321 63625
322 63092
323 63321
324 63743
325 63424
326 63880
327 64057
328 63955
329 64127
330 63954
331 64493
332 64391
333 64818
334 65259
335 65609
336 66157
337 66331
338 67063
339 67202
340 67609
341 67881
342 67968
343 67490
344 67297
345 66844
346 66533
347 66101
348 65723
349 65882
350 64873
351 64859
352 64582
353 63990
354 63959
355 63948
356 63725
357 63542
358 63169
359 63509
360 63354
361 63066
362 62969
363 62902
364 63135
365 62633
366 63205
367 62792
368 62556
369 62668
370 62579
371 63153
372 62636
373 62957
374 62890
375 62975
376 62844
377 62759
378 63171
379 62719
380 63291
381 63373
382 63533
383 63006
384 63148
385 63683
386 63895
387 63580
388 63976
389 64041
390 63822
391 64513
392 64495
393 64600
394 65461
395 65837
396 66086
397 66540
398 66548
399 67030
400 67383
401 68129
402 67409
403 67207
404 66498
405 66656
406 66328
407 65445
408 64955
409 64816
410 64352
411 64024
412 64167
413 63676
414 63728
415 64158
416 63558
417 63080
418 63376
419 63013
420 63113
421 63196
422 62536
423 63180
424 63150
425 62941
426 63332
427 63442
428 63060
429 63502
430 63587
431 63871
432 64446
433 64662
434 64368
435 65111
436 65391
437 66013
438 66694
439 66865
440 67327
441 66838
442 67292
443 67264
444 67105
445 66778
446 66263
447 65617
448 65618
449 65577
450 65053
451 64860
452 64380
453 63888
454 63559
455 63777
456 63343
457 63180
458 63137
459 62812
460 63019
461 63216
462 62793
463 62840
464 62495
465 62888
466 62729
467 63118
468 62666
469 62733
470 62291
471 62257
472 62875
473 62482
474 62405
475 62707
476 62530
477 62527
478 62842
479 62414
480 63490
481 62915
482 62700
483 62968
484 63073
485 63143
486 63391
487 63261
488 63200
489 63593
490 63908
491 63860
492 64296
493 64556
494 64837
495 65610
496 65792
497 66199
498 66718
499 66658
500 67290
501 67180
502 67393
503 66763
504 66452
505 65719
506 66022
507 64921
508 64279
509 64626
510 64042
511 62967
512 63558
513 62952
514 63273
515 62791
516 63028
517 62609
518 62826
519 62791
520 62805
521 62716
522 62791
523 61862
524 62298
525 62947
526 62752
527 63009
528 62868
529 63114
530 63174
531 63228
532 63760
533 64168
534 64076
535 64899
536 65317
537 65319
538 66021
539 66180
540 66563
541 66639
542 67217
543 66936
544 66257
545 66400
546 65719
547 65595
548 64840
549 64521
550 64175
551 64107
552 63733
553 63228
554 63034
555 63339
556 63005
557 62918
558 62613
559 62456
560 62340
561 62178
562 62121
563 61748
564 62176
565 62448
566 61720
567 61890
568 61864
569 61992
570 62183
571 61956
572 61628
573 61802
574 61745
575 62194
576 62285
577 61824
578 62207
579 61896
580 62009
581 62258
582 62372
583 62461
584 62858
585 62725
586 62234
587 62749
588 63665
589 63087
590 63568
591 63616
592 64041
593 64046
594 64361
595 64778
596 65080
597 65329
598 65856
599 66387
600 66805
601 66056
602 66517
603 66266
604 66164
605 65679
606 65222
607 64461
608 64225
609 64001
610 63742
611 63201
612 63163
613 62757
614 62446
615 62324
616 62281
617 62138
618 62293
619 62069
620 61844
621 61795
622 61931
623 62295
624 61851
625 62006
626 62392
627 62018
628 62184
629 62746
630 62493
631 62894
632 63191
633 63207
634 63623
635 64000
636 65040
637 64657
638 65429
639 65569
640 65814
641 65962
642 65748
643 66003
644 65357
645 65391
646 65387
647 64846
648 64727
649 64131
650 63709
651 62972
652 63287
653 62269
654 62570
655 62415
656 62779
657 62077
658 61987
659 62139
660 61735
661 61714
662 61336
663 61327
664 61294
665 61969
666 61265
667 61309
668 61145
669 60699
670 61227
671 60996
672 61333
673 60950
674 61101
675 61886
676 61636
677 61539
678 61438
679 61559
680 62004
681 61441
682 62032
683 61791
684 61858
685 61671
686 62251
687 62339
688 62386
689 62639
690 62592
691 62784
692 63058
693 63723
694 64016
695 64343
696 64518
697 64889
698 65214
699 65202
700 65889
701 65741
702 65818
703 65853
704 65107
705 64763
706 64633
707 63978
708 63446
709 63528
710 62851
711 62487
712 62155
713 62192
714 62302
715 61727
716 61986
717 62046
718 61365
719 61677
720 61326
721 61749
722 61663
723 61649
724 61893
725 61342
726 62112
727 62025
728 61711
729 62243
730 62041
731 62151
732 62662
733 63237
734 63364
735 63966
736 63849
737 64449
738 64957
739 65349
740 65381
741 66002
742 65829
743 66081
744 65607
745 65395
746 64656
747 64368
748 64328
749 63638
750 63385
751 63433
752 62789
753 62771
754 62227
755 62298
756 62212
757 62102
758 61567
759 61868
760 61690
761 61557
762 61383
763 61213
764 61327
765 61214
766 61002
767 61135
768 61121
769 60915
770 61237
771 60932
772 60896
773 61183
774 60778
775 61335
776 61066
777 61240
778 60842
779 61401
780 60778
781 61298
782 61516
783 60969
784 61652
785 61456
786 61414
787 61874
788 61559
789 61892
790 62190
791 62587
792 63013
793 63566
794 63384
795 63626
796 64041
797 64991
798 64872
799 65107
800 65279
801 65448
802 65329
803 65536
804 65062
805 64410
806 64560
807 63335
808 63128
809 62722
810 62547
811 62230
812 62200
813 62122
814 61660
815 61793
816 61326
817 61622
818 61497
819 61314
820 61282
821 60974
822 60990
823 61279
824 61359
825 61275
826 61076
827 61835
828 61215
829 62397
830 61604
831 62112
832 62379
833 62474
834 63044
835 63245
836 63482
837 63957
838 64698
839 64913
840 65083
841 65489
842 65683
843 64994
844 65171
845 64864
846 64357
847 63577
848 63725
849 63338
850 62392
851 62937
852 62265
853 62238
854 61960
855 61649
856 61445
857 61303
858 61199
859 61127
860 61357
861 61017
862 60906
863 60691
864 60760
865 60667
866 60683
867 61071
868 60678
869 60812
870 60333
871 60480
872 60490
873 60598
874 61104
875 60827
876 60650
877 60145
878 60817
879 60596
880 60584
881 60853
882 61214
883 61172
884 60814
885 61013
886 61740
887 61475
888 61433
889 62006
890 61494
891 62333
892 62344
893 63196
894 63330
895 63372
896 63598
897 63909
898 64402
899 64623
900 64771
901 65490
902 64664
903 64882
904 64454
905 64060
906 63587
907 63291
908 63382
909 62337
910 62137
911 61935
912 61750
913 61091
914 61328
915 61309
916 61465
917 60689
918 60988
919 60703
920 61046
921 60750
922 60598
923 60916
924 61225
925 60945
926 60581
927 61113
928 61658
929 61144
930 61731
931 61697
932 61973
933 62091
934 62843
935 62596
936 63041
937 63559
938 63874
939 64809
940 64936
941 64411
942 65249
943 64918
944 64494
945 64338
946 63619
947 63912
948 62789
949 62656
950 62708
951 62485
952 61466
953 61747
954 61538
955 61215
956 60881
957 61329
958 60986
959 61015
960 60908
961 60875
962 60303
963 60883
964 60863
965 60337
966 60122
967 60266
968 59960
969 60636
970 60333
971 60187
972 60482
973 60592
974 60481
975 60239
976 60748
977 60934
978 60362
979 60538
980 60829
981 60477
982 60827
983 60875
984 60854
985 60650
986 60932
987 61203
988 61662
989 61280
990 62139
991 61954
992 62337
993 62357
994 62873
995 63061
996 63300
997 63982
998 64698
999 64566
1000 64852
1001 64901
1002 64835
1003 64881
1004 64005
1005 64173
1006 63179
1007 62714
1008 62316
1009 61891
1010 61551
1011 61987
1012 61542
1013 61178
1014 61503
1015 60589
1016 61196
1017 60873
1018 60687
1019 60333
1020 60558
1021 60684
1022 60691
1023 61299
1024 60715
1025 60545
1026 60645
1027 61535
1028 60663
1029 61575
1030 61455
1031 61463
1032 61527
1033 61940
1034 62385
1035 62729
1036 63158
1037 63321
1038 63645
1039 64295
1040 64139
1041 64514
1042 64733
1043 64796
1044 64370
1045 64564
1046 63798
1047 63339
1048 63062
1049 62449
1050 62816
1051 62226
1052 61286
1053 61455
1054 61550
1055 60953
1056 61027
1057 60969
1058 60750
1059 60869
1060 60574
1061 60639
1062 60749
1063 60256
1064 60115
1065 60218
1066 60474
1067 60399
1068 60529
1069 60170
1070 60285
1071 60240
1072 60098
1073 60154
1074 60018
1075 60141
1076 60404
1077 60133
1078 60144
1079 60424
1080 60638
1081 60436
1082 60545
1083 60917
1084 60844
1085 60723
1086 60974
1087 60886
1088 61168
1089 61222
1090 61590
1091 61774
1092 61839
1093 62475
1094 62519
1095 63474
1096 63397
1097 64036
1098 64472
1099 64348
1100 64383
1101 64359
1102 64274
1103 64235
1104 64050
1105 63398
1106 63352
1107 62648
1108 62580
1109 61968
1110 61937
1111 61712
1112 61177
1113 61212
1114 61177
1115 61034
1116 60130
1117 60768
1118 60650
1119 60579
1120 60785
1121 60619
1122 60753
1123 61044
1124 60609
1125 60519
1126 60792
1127 60904
1128 60917
1129 60971
1130 60859
1131 61617
1132 61746
1133 61842
1134 62797
1135 62521
1136 63194
1137 63588
1138 63683
1139 63718
1140 64503
1141 64492
1142 65070
1143 64905
1144 64377
1145 63840
1146 64103
1147 63498
1148 63198
1149 62715
1150 62284
1151 62197
1152 62076
1153 61995
1154 61167
1155 61358
1156 61162
1157 61227
1158 60989
1159 60711
1160 60559
1161 60759
1162 60792
1163 60318
1164 60561
1165 60224
1166 60003
1167 60429
1168 60390
1169 59824
1170 59927
1171 60090
1172 60117
1173 59834
1174 60544
1175 60325
1176 60292
1177 60038
1178 60361
1179 60212
1180 60494
1181 60625
1182 59865
1183 60862
1184 60378
1185 60930
1186 60840
1187 61025
1188 61145
1189 61762
1190 61720
1191 61802
1192 61815
1193 62657
1194 63108
1195 63212
1196 63153
1197 63693
1198 63783
1199 64449
1200 64253
1201 64527
1202 64655
1203 64203
1204 63885
1205 64043
1206 62812
1207 62979
1208 62727
1209 62140
1210 61589
1211 61694
1212 61061
1213 60912
1214 60810
1215 61079
1216 60749
1217 60806
1218 60582
1219 60416
1220 60583
1221 60313
1222 60524
1223 60391
1224 60750
1225 60565
1226 60653
1227 60932
1228 60530
1229 61423
1230 61335
1231 61400
1232 61620
1233 61949
1234 61973
1235 62491
1236 62183
1237 62855
1238 63796
1239 64477
1240 63957
1241 64899
1242 64847
1243 64357
1244 64580
1245 64061
1246 63648
1247 63089
1248 63005
1249 62376
1250 62577
1251 62208
1252 61685
1253 61595
1254 61284
1255 61623
1256 60885
1257 60781
1258 60675
1259 60407
1260 60475
1261 60319
1262 60230
1263 60244
1264 60778
1265 60272
1266 60194
1267 60318
1268 60210
1269 60358
1270 60000
1271 59762
1272 60391
1273 60231
1274 59792
1275 60425
1276 60102
1277 60030
1278 60464
1279 60552
1280 60097
1281 60669
1282 60590
1283 60299
1284 60465
1285 60593
1286 60793
1287 60654
1288 60935
1289 61256
1290 61445
1291 61559
1292 61605
1293 62118
1294 62606
1295 62913
1296 63209
1297 63215
1298 63337
1299 63901
1300 64041
1301 64438
1302 64340
1303 63990
1304 63945
1305 62933
1306 62853
1307 62284
1308 61829
1309 61917
1310 61893
1311 61262
1312 61070
1313 60930
1314 60493
1315 60566
1316 60930
1317 60200
1318 60568
1319 60350
1320 60345
1321 60355
1322 60044
1323 60680
1324 60516
1325 60660
1326 60396
1327 60519
1328 60349
1329 60466
1330 60940
1331 60533
1332 61507
1333 61380
1334 62129
1335 62698
1336 62414
1337 62869
1338 62953
1339 63529
1340 64087
1341 64013
1342 64218
1343 64283
1344 63843
1345 63943
1346 63326
1347 62955
1348 62371
1349 62257
1350 61764
1351 61395
1352 61465
1353 61057
1354 61156
1355 61083
1356 60726
1357 60594
1358 59956
1359 60374
1360 60549
1361 60194
1362 59957
1363 60502
1364 59839
1365 59994
1366 59736
1367 59475
1368 59825
1369 59572
1370 59388
1371 60311
1372 60060
1373 60298
1374 60347
1375 59916
1376 59641
1377 60058
1378 59487
1379 59932
1380 59952
1381 60000
1382 60084
1383 60537
1384 60248
1385 60366
1386 60694
1387 60617
1388 60801
1389 60566
1390 61180
1391 61361
1392 61401
1393 62037
1394 62410
1395 62697
1396 62735
1397 63346
1398 63683
1399 63770
1400 63886
1401 64139
1402 63762
1403 63703
1404 63437
1405 63222
1406 62881
1407 62094
1408 61747
1409 61421
1410 61358
1411 61090
1412 60917
1413 60932
1414 61063
1415 60008
1416 60353
1417 60290
1418 60304
1419 59871
1420 60723
1421 60326
1422 59910
1423 60026
1424 59793
1425 60282
1426 60005
1427 60459
1428 60238
1429 60406
1430 60792
1431 61177
1432 60960
1433 61014
1434 61629
1435 61931
1436 62406
1437 62371
1438 62979
1439 63723
1440 63497
1441 63560
1442 63908
1443 63484
1444 63525
1445 63247
1446 63099
1447 62795
1448 62669
1449 61886
1450 62155
1451 61520
1452 61557
1453 61044
1454 60820
1455 60749
1456 60292
1457 60602
1458 60181
1459 59984
1460 60361
1461 60061
1462 60079
1463 60002
1464 59265
1465 59563
1466 59661
1467 59490
1468 59792
1469 59671
1470 59355
1471 59433
1472 59532
1473 59779
1474 59314
1475 59479
1476 59689
1477 60020
1478 59856
1479 59895
1480 60185
1481 59770
1482 60278
1483 60231
1484 59690
1485 60173
1486 60482
1487 60491
1488 60439
1489 60970
1490 60938
1491 61268
1492 61526
1493 61635
1494 61705
1495 62317
1496 62582
1497 62666
1498 63264
1499 62900
1500 63356
1501 63475
1502 63659
1503 63262
1504 63303
1505 62957
1506 62558
1507 62060
1508 61603
1509 61098
1510 60689
1511 61117
1512 60255
1513 60384
1514 60158
1515 60386
1516 60074
1517 59981
1518 60450
1519 60042
1520 59920
1521 59483
1522 60058
1523 59820
1524 60277
1525 59950
1526 59904
1527 60204
1528 60240
1529 60986
1530 60292
1531 60619
1532 60829
1533 60987
1534 61586
1535 61667
1536 62032
1537 62238
1538 62581
1539 63406
1540 63235
1541 63351
1542 63304
1543 63484
1544 63323
1545 63162
1546 62664
1547 62470
1548 61884
1549 61786
1550 61360
1551 61174
1552 61373
1553 60586
1554 60002
1555 60894
1556 59943
1557 60256
1558 60092
1559 59454
1560 59568
1561 59690
1562 59907
1563 59841
1564 59684
1565 59541
1566 59560
1567 59645
1568 59226
1569 59399
1570 59647
1571 59459
1572 58867
1573 59114
1574 59481
1575 59229
1576 59328
1577 59759
1578 59949
1579 59515
1580 59811
1581 59661
1582 60282
1583 60000
1584 59766
1585 59894
1586 60281
1587 60779
1588 60204
1589 60499
1590 60736
1591 61399
1592 61210
1593 61512
1594 61277
1595 62060
1596 62219
1597 62743
1598 62972
1599 63362
1600 63756
1601 63782
1602 63234
1603 62932
1604 62547
1605 62450
1606 62000
1607 62383
1608 61731
1609 60795
1610 60671
1611 60679
1612 60614
1613 60475
1614 60120
1615 60173
1616 60107
1617 59816
1618 59816
1619 59916
1620 59630
1621 59863
1622 59675
1623 59795
1624 59821
1625 60015
1626 60131
1627 59959
1628 59928
1629 60413
1630 60527
1631 60378
1632 60565
1633 60677
1634 61162
1635 61401
1636 61448
1637 62142
1638 61736
1639 62967
1640 62975
1641 63146
1642 63295
1643 63350
1644 63062
1645 62657
1646 62310
1647 62166
1648 62003
1649 61520
1650 61120
1651 61207
1652 60929
1653 60540
1654 60576
1655 60467
1656 60421
1657 59927
1658 59812
1659 59669
1660 60275
1661 59603
1662 59657
1663 59573
1664 59278
1665 59301
1666 59362
1667 59401
1668 59307
1669 59336
1670 59648
1671 59229
1672 59419
1673 59284
1674 59120
1675 59451
1676 59514
1677 59000
1678 59608
1679 59933
1680 59521
1681 59433
1682 59614
1683 60081
1684 59609
1685 59918
1686 60004
1687 59633
1688 60381
1689 60449
1690 60738
1691 60591
1692 61116
1693 61521
1694 61528
1695 61631
1696 62217
1697 62510
1698 62705
1699 63039
1700 63432
1701 62862
1702 62775
1703 62647
1704 62795
1705 62289
1706 61976
1707 61294
1708 61873
1709 61181
1710 60604
1711 60655
1712 60429
1713 60412
1714 59744
1715 59838
1716 59947
1717 59887
1718 59581
1719 59885
1720 59352
1721 59636
1722 59698
1723 59695
1724 59891
1725 59878
1726 59727
1727 59830
1728 60059
1729 60164
1730 60066
1731 60552
1732 60735
1733 61067
1734 60977
1735 61379
1736 61711
1737 61607
1738 62403
1739 62576
1740 62906
1741 63410
1742 62783
1743 62642
1744 62918
1745 62138
1746 62050
1747 61815
1748 61937
1749 61216
1750 60919
1751 60896
1752 60813
1753 60510
1754 60337
1755 60445
1756 60091
1757 60017
1758 59889
1759 59336
1760 60083
1761 59743
1762 59478
1763 59886
1764 59613
1765 59200
1766 59528
1767 58728
1768 59268
1769 59157
1770 59611
1771 59196
1772 59140
1773 59487
1774 59575
1775 59386
1776 59653
1777 59444
1778 59389
1779 59415
1780 59506
1781 59648
1782 59999
1783 59803
1784 59559
1785 59894
1786 60023
1787 60307
1788 59997
1789 60691
1790 60725
1791 60534
1792 60971
1793 60979
1794 61569
1795 61812
1796 61672
1797 62721
1798 62853
1799 63024
1800 63265
1801 63034
1802 62698
1803 62841
1804 62365
1805 61758
1806 61871
1807 61785
1808 61328
1809 61128
1810 60675
1811 60529
1812 60303
1813 60021
1814 60076
1815 60226
1816 60072
1817 59588
1818 60186
1819 59739
1820 59395
1821 59773
1822 59910
1823 59488
1824 59720
1825 60032
1826 59582
1827 59947
1828 59745
1829 60053
1830 59902
1831 60509
1832 60424
1833 60696
1834 61081
1835 61115
1836 61367
1837 62209
1838 62273
1839 62457
1840 63044
1841 62587
1842 62674
1843 62840
1844 62627
1845 62902
1846 62079
1847 62092
1848 61777
1849 61603
1850 61433
1851 60841
1852 60893
1853 60807
1854 60631
1855 60061
1856 59711
1857 60339
1858 59935
1859 60180
1860 59707
1861 60052
1862 59451
1863 60095
1864 59528
1865 59291
1866 59397
1867 59092
1868 59341
1869 59477
1870 59556
1871 59441
1872 59119
1873 59171
1874 59327
1875 59242
1876 59458
1877 59632
1878 59640
1879 59662
1880 59597
1881 59940
1882 59499
1883 59849
1884 59842
1885 60385
1886 59942
1887 59959
1888 60238
1889 59984
1890 60581
1891 60555
1892 60761
1893 61106
1894 61264
1895 61522
1896 61920
1897 62489
1898 62144
1899 62357
1900 62904
1901 62809
1902 62733
1903 63004
1904 62485
1905 62126
1906 61627
1907 61442
1908 60955
1909 61335
1910 60860
1911 60448
1912 60674
1913 59588
1914 59736
1915 60008
1916 60201
1917 59450
1918 60088
1919 59415
1920 59577
1921 59345
1922 59741
1923 59446
1924 59987
1925 59357
1926 59856
1927 59838
1928 60001
1929 60154
1930 60057
1931 60549
1932 60564
1933 60656
1934 60824
1935 61768
1936 61808
1937 61986
1938 62060
1939 62499
1940 62823
1941 63035
1942 63225
1943 62615
1944 62500
1945 62152
1946 62133
1947 62153
1948 61494
1949 61824
1950 61111
1951 61110
1952 60743
1953 60676
1954 60234
1955 60047
1956 59667
1957 60151
1958 59882
1959 59909
1960 60003
1961 59406
1962 60087
1963 59746
1964 59636
1965 59453
1966 59846
1967 59561
1968 58959
1969 59185
1970 59107
1971 59268
1972 59312
1973 59913
1974 59585
1975 59113
1976 59313
1977 59170
1978 59605
1979 59452
1980 59229
1981 59903
1982 59797
1983 59871
1984 60469
1985 60037
1986 59548
1987 60293
1988 60346
1989 60579
1990 60108
1991 60703
1992 61136
1993 61257
1994 61268
1995 61275
1996 61528
1997 62264
1998 62133
1999 62900
2000 62536
2001 62938
2002 62732
2003 62486
2004 62426
2005 62119
2006 62045
2007 61499
2008 61103
2009 60850
2010 60663
2011 60590
2012 60503
2013 60112
2014 59951
2015 60087
2016 59828
2017 60404
2018 60157
2019 59589
2020 59671
2021 59792
2022 60003
2023 60136
2024 59939
2025 60099
2026 59790
2027 60412
2028 60096
2029 60171
2030 60216
2031 60815
2032 60713
2033 60970
2034 61285
2035 61158
2036 61408
2037 62088
2038 62320
2039 62109
2040 62342
2041 62765
2042 62724
2043 63020
2044 63040
2045 62429
2046 62306
2047 61818
2048 61779
2049 61239
2050 61051
2051 60798
2052 60823
2053 60401
2054 60326
2055 60187
2056 59958
2057 59565
2058 59720
2059 59711
2060 59321
2061 59642
2062 59202
2063 59443
2064 59294
2065 59337
2066 59412
2067 59503
2068 59489
2069 59529
2070 59058
2071 59397
2072 59274
2073 59229
2074 59599
2075 59534
2076 59369
2077 59450
2078 59373
2079 59543
2080 59974
2081 59135
2082 59719
2083 59521
2084 59608
2085 60060
2086 59157
2087 60041
2088 60355
2089 60034
2090 60457
2091 60702
2092 60802
2093 61154
2094 61252
2095 61475
2096 61947
2097 62169
2098 62518
2099 62627
2100 63183
2101 62475
2102 63098
2103 62965
2104 62290
2105 62200
2106 61792
2107 61509
2108 61394
2109 61019
2110 60667
2111 60587
2112 60327
2113 60171
2114 59978
2115 59803
2116 59796
2117 59993
2118 59459
2119 59553
2120 59679
2121 59620
2122 59557
2123 59790
2124 59975
2125 59745
2126 59715
2127 60237
2128 59849
2129 60644
2130 60372
2131 60461
2132 60641
2133 60599
2134 61245
2135 61510
2136 61825
2137 61856
2138 62271
2139 62719
2140 63214
2141 62702
2142 62656
2143 63159
2144 62939
2145 62569
2146 62421
2147 62381
2148 61863
2149 60977
2150 61273
2151 60875
2152 60510
2153 60261
2154 60401
2155 59974
2156 60196
2157 60114
2158 59811
2159 59888
2160 59415
2161 59841
2162 59711
2163 59306
2164 59693
2165 59454
2166 59326
2167 58988
2168 59254
2169 59513
2170 58688
2171 59123
2172 59429
2173 58907
2174 59299
2175 59906
2176 59075
2177 59113
2178 59484
2179 59749
2180 59568
2181 59642
2182 59533
2183 59761
2184 59477
2185 59730
2186 60178
2187 59964
2188 60083
2189 60030
2190 60172
2191 60893
2192 61179
2193 61337
2194 61642
2195 61747
2196 62146
2197 61951
2198 62574
2199 63009
2200 63176
2201 62995
2202 62981
2203 62930
2204 62393
2205 62189
2206 62025
2207 61477
2208 61488
2209 60874
2210 60747
2211 60112
2212 60898
2213 60103
2214 60125
2215 60186
2216 60037
2217 59596
2218 59779
2219 59635
2220 59596
2221 59918
2222 59667
2223 59750
2224 59712
2225 59891
2226 60135
2227 59751
2228 60447
2229 60456
2230 60438
2231 60221
2232 60860
2233 60804
2234 61463
2235 61098
2236 61832
2237 62036
2238 62319
2239 62643
2240 62928
2241 63146
2242 62973
2243 63490
2244 62885
2245 62788
2246 62467
2247 62061
2248 61790
2249 61639
2250 61540
2251 61400
2252 60898
2253 60306
2254 60719
2255 60383
2256 60323
2257 60005
2258 59848
2259 59805
2260 60009
2261 59557
2262 59990
2263 59395
2264 59751
2265 59022
2266 59823
2267 59602
2268 59326
2269 59617
2270 59397
2271 59217
2272 59365
2273 59006
2274 59405
2275 59824
2276 59091
2277 59462
2278 59800
2279 59539
2280 59453
2281 59609
2282 59838
2283 59798
2284 59883
2285 60071
2286 60094
2287 60156
2288 60320
2289 60420
2290 60920
2291 60823
2292 60911
2293 61566
2294 61384
2295 61603
2296 62036
2297 62361
2298 62859
2299 63036
2300 63172
2301 63102
2302 62978
2303 63102
2304 62480
2305 62191
2306 61665
2307 61743
2308 61052
2309 60887
2310 60663
2311 60571
2312 60220
2313 60102
2314 60158
2315 60046
2316 60221
2317 59568
2318 59812
2319 59971
2320 59920
2321 59591
2322 59646
2323 59655
2324 60212
2325 60232
2326 60490
2327 60069
2328 60402
2329 59700
2330 60192
2331 60250
2332 60841
2333 60751
2334 60999
2335 61388
2336 61920
2337 61845
2338 62054
2339 62413
2340 63042
2341 63079
2342 63111
2343 62702
2344 62955
2345 62619
2346 62535
2347 61987
2348 61862
2349 61412
2350 60923
2351 60738
2352 60544
2353 60576
2354 60661
2355 60312
2356 60205
2357 60507
2358 59576
2359 59490
2360 59764
2361 59709
2362 59480
2363 59450
2364 59873
2365 59368
2366 59387
2367 59391
2368 59197
2369 59107
2370 58928
2371 59432
2372 59153
2373 59374
2374 59042
2375 59372
2376 59183
2377 59434
2378 59398
2379 59423
2380 60056
2381 59800
2382 59595
2383 60203
2384 60313
2385 59861
2386 59444
2387 60412
2388 60234
2389 60536
2390 60677
2391 60560
2392 60621
2393 61325
2394 61803
2395 61364
2396 62086
2397 62435
2398 62667
2399 62576
2400 63132
2401 63021
2402 63562
2403 62869
2404 62637
2405 62630
2406 62259
2407 61612
2408 61340
2409 60978
2410 60610
2411 60248
2412 60266
2413 60171
2414 60269
2415 60109
2416 59600
2417 59848
2418 60153
2419 59584
2420 60320
2421 59470
2422 59602
2423 59804
2424 59753
2425 59763
2426 59842
2427 59821
2428 60192
2429 60454
2430 60557
2431 60359
2432 61106
2433 60823
2434 61157
2435 61504
2436 61508
2437 61887
2438 62173
2439 62723
2440 63128
2441 63182
2442 63143
2443 63373
2444 63162
2445 62803
2446 62509
2447 62160
2448 61927
2449 61323
2450 61091
2451 61210
2452 60768
2453 60642
2454 60672
2455 60090
2456 60207
2457 59960
2458 59787
2459 59247
2460 59516
2461 59527
2462 59711
2463 59578
2464 59703
2465 59328
2466 59321
2467 59277
2468 59718
2469 59524
2470 59298
2471 59290
2472 58902
2473 59195
2474 59515
2475 59979
2476 59469
2477 59663
2478 59256
2479 59545
2480 59564
2481 59892
2482 59446
2483 59464
2484 59968
2485 59578
2486 59643
2487 60222
2488 60058
2489 60752
2490 60702
2491 60762
2492 60950
2493 61253
2494 61484
2495 61951
2496 61919
2497 62212
2498 62556
2499 63516
2500 63198
2501 63072
2502 62857
2503 63281
2504 62274
2505 62446
2506 62107
2507 61763
2508 61031
2509 60932
2510 60600
2511 60658
2512 60272
2513 60556
2514 60371
2515 60190
2516 59839
2517 59889
2518 59611
2519 59516
2520 59756
2521 59889
2522 59633
2523 60150
2524 59709
2525 59908
2526 59677
2527 60230
2528 59986
2529 60407
2530 60199
2531 60168
2532 60336
2533 61138
2534 61295
2535 61314
2536 61921
2537 62033
2538 62348
2539 62724
2540 62742
2541 63182
2542 62971
2543 62994
2544 63075
2545 62556
2546 62522
2547 61734
2548 61604
2549 61736
2550 61297
2551 61020
2552 60958
2553 60434
2554 60463
2555 60140
2556 60116
2557 60168
2558 59620
2559 59954
2560 59355
2561 59699
2562 59622
2563 59257
2564 59393
2565 59367
2566 59643
2567 59372
2568 59228
2569 59431
2570 59806
2571 59133
2572 59225
2573 59530
2574 59645
2575 58996
2576 58986
2577 59391
2578 59369
2579 59564
2580 59296
2581 59494
2582 59680
2583 59545
2584 59442
2585 60036
2586 59991
2587 59436
2588 60262
2589 59938
2590 61057
2591 60686
2592 60873
2593 61179
2594 61846
2595 61764
2596 62274
2597 62393
2598 62682
2599 62589
2600 62973
2601 63118
2602 62856
2603 63075
2604 62841
2605 62339
2606 62035
2607 61852
2608 61099
2609 60898
2610 60738
2611 60464
2612 60249
2613 60095
2614 60363
2615 59884
2616 59862
2617 59562
2618 59838
2619 59562
2620 59788
2621 59798
2622 59588
2623 59707
2624 59849
2625 59770
2626 59917
2627 60100
2628 60306
2629 60074
2630 60209
2631 60356
2632 60492
2633 60613
2634 60612
2635 60940
2636 61217
2637 61707
2638 62220
2639 62678
2640 62803
2641 62700
2642 63380
2643 63283
2644 62681
2645 62728
2646 62296
2647 62017
2648 61911
2649 61272
2650 61066
2651 60938
2652 60735
2653 60920
2654 60350
2655 60314
2656 60259
2657 59978
2658 59956
2659 59835
2660 59831
2661 59820
2662 59631
2663 59549
2664 59942
2665 59738
2666 59488
2667 59323
2668 59088
2669 59438
2670 59816
2671 59149
2672 59348
2673 58951
2674 59160
2675 59138
2676 59273
2677 59592
2678 59174
2679 59278
2680 59820
2681 59347
2682 60055
2683 59553
2684 59429
2685 59637
2686 59522
2687 60055
2688 59652
2689 60528
2690 60417
2691 61164
2692 60554
2693 60817
2694 61343
2695 61641
2696 61947
2697 62553
2698 62675
2699 63160
2700 63052
2701 62984
2702 62667
2703 62610
2704 62645
2705 62374
2706 62189
2707 61555
2708 61458
2709 60993
2710 60911
2711 60596
2712 60272
2713 60299
2714 59949
2715 59812
2716 59701
2717 60178
2718 59613
2719 60012
2720 59568
2721 60082
2722 59964
2723 59494
2724 59863
2725 59764
2726 60005
2727 60040
2728 60220
2729 60053
2730 60336
2731 60575
2732 60332
2733 60892
2734 60888
2735 61339
2736 61495
2737 61821
2738 62311
2739 62251
2740 62715
2741 62714
2742 62767
2743 63095
2744 62849
2745 62290
2746 62166
2747 62058
2748 61878
2749 61416
2750 61082
2751 60699
2752 60812
2753 60332
2754 60654
2755 60257
2756 60477
2757 59939
2758 60197
2759 59884
2760 59662
2761 59625
2762 59450
2763 59204
2764 59333
2765 59305
2766 59603
2767 59605
2768 59449
2769 59227
2770 59462
2771 59064
2772 59118
2773 59234
2774 59306
2775 59393
2776 59537
2777 59417
2778 59140
2779 59256
2780 59328
2781 59331
2782 59774
2783 59414
2784 59650
2785 59550
2786 59745
2787 60243
2788 60318
2789 60519
2790 60441
2791 60428
2792 60763
2793 60731
2794 61436
2795 61489
2796 61828
2797 62007
2798 62250
2799 62521
2800 63166
2801 63191
2802 62529
2803 63021
2804 62534
2805 62509
2806 61600
2807 61400
2808 61268
2809 60914
2810 60375
2811 60607
2812 60320
2813 60311
2814 59739
2815 59711
2816 59736
2817 59942
2818 59574
2819 59313
2820 59720
2821 59618
2822 59772
2823 59702
2824 59394
2825 59888
2826 59521
2827 59709
2828 59842
2829 60621
2830 60192
2831 60391
2832 60347
2833 60712
2834 60758
2835 60972
2836 61424
2837 61452
2838 62272
2839 62349
2840 62818
2841 63061
2842 62918
2843 62611
2844 62578
2845 62562
2846 62389
2847 61849
2848 61613
2849 61468
2850 61164
2851 60930
2852 60764
2853 60861
2854 60082
2855 60237
2856 60089
2857 60082
2858 59592
2859 59560
2860 59756
2861 59839
2862 59901
2863 59611
2864 59425
2865 59639
2866 59240
2867 59627
2868 59228
2869 59293
2870 59239
2871 59087
2872 59264
2873 58931
2874 59492
2875 58725
2876 59277
2877 59563
2878 59309
2879 59065
2880 59557
2881 59600
2882 60090
2883 59451
2884 59634
2885 59839
2886 60544
2887 60182
2888 60515
2889 60186
2890 60325
2891 60766
2892 60837
2893 61534
2894 61626
2895 61555
2896 62020
2897 62181
2898 62339
2899 62410
2900 63060
2901 63005
2902 62846
2903 62740
2904 62389
2905 62207
2906 61909
2907 61834
2908 60795
2909 60897
2910 60614
2911 60720
2912 60017
2913 60234
2914 60232
2915 60025
2916 59693
2917 59842
2918 59990
2919 60000
2920 59712
2921 59547
2922 59961
2923 59996
2924 59657
2925 59734
2926 59858
2927 59999
2928 59872
2929 60054
2930 60475
2931 59954
2932 60387
2933 60843
2934 61235
2935 60826
2936 61575
2937 61796
2938 62250
2939 61973
2940 62915
2941 62929
2942 62719
2943 62988
2944 62598
2945 62904
2946 62110
2947 62138
2948 62020
2949 61547
2950 61448
2951 60986
2952 60721
2953 60586
2954 60514
2955 60471
2956 60229
2957 59889
2958 59642
2959 59786
2960 59714
2961 59619
2962 59785
2963 59907
2964 59558
2965 59236
2966 59678
2967 59294
2968 59736
2969 59128
2970 59576
2971 59372
2972 59899
2973 58828
2974 59366
2975 59780
2976 59489
2977 59228
2978 59350
2979 59424
2980 60073
2981 59946
2982 59890
2983 59828
2984 60022
2985 60036
2986 60112
2987 59984
2988 59725
2989 60461
2990 60364
2991 60580
2992 61236
2993 61596
2994 61663
2995 61873
2996 62214
2997 62423
2998 62423
2999 62842
3000 63282
3001 63148
3002 63135
3003 63048
3004 62835
3005 62584
3006 62053
3007 61929
3008 61187
3009 60978
3010 60747
3011 60392
3012 60218
3013 60309
3014 60407
3015 60329
3016 60320
3017 60201
3018 60118
3019 59851
3020 60339
3021 59640
3022 60408
3023 59499
3024 60228
3025 60062
3026 60069
3027 60007
3028 60167
3029 60261
3030 60237
3031 60501
3032 60572
3033 60803
3034 61060
3035 61640
3036 61473
3037 61971
3038 62453
3039 62395
3040 62943
3041 62852
3042 63314
3043 62907
3044 62981
3045 63028
3046 62472
3047 62112
3048 61734
3049 61637
3050 61240
3051 61247
3052 61019
3053 60245
3054 60503
3055 60129
3056 60301
3057 60095
3058 60379
3059 60593
3060 59834
3061 59770
3062 59836
3063 59576
3064 59662
3065 59550
3066 59464
3067 59452
3068 59523
3069 59114
3070 59422
3071 58975
3072 59377
3073 59636
3074 59538
3075 59152
3076 59661
3077 59428
3078 59354
3079 59406
3080 59482
3081 59587
3082 59240
3083 59878
3084 59755
3085 59454
3086 59860
3087 60143
3088 60275
3089 60534
3090 60580
3091 60649
3092 61304
3093 60988
3094 61622
3095 61733
3096 62234
3097 62231
3098 62671
3099 62928
3100 62664
3101 63041
3102 62974
3103 62627
3104 62360
3105 62535
3106 61560
3107 61765
3108 60931
3109 61091
3110 60848
3111 60514
3112 60164
3113 60277
3114 59765
3115 60241
3116 60092
3117 59624
3118 60016
3119 60104
3120 59331
3121 59744
3122 59938
3123 59656
3124 59508
3125 59823
3126 59613
3127 60297
3128 59880
3129 59891
3130 60447
3131 60452
3132 60384
3133 60715
3134 61088
3135 61374
3136 61610
3137 61970
3138 62247
3139 62712
3140 62997
3141 63239
3142 62890
3143 62462
3144 62554
3145 62629
3146 62260
3147 61443
3148 61249
3149 61606
3150 60732
3151 60895
3152 60654
3153 60644
3154 60300
3155 59883
3156 59835
3157 60302
3158 59655
3159 60032
3160 59676
3161 59443
3162 59423
3163 59399
3164 59219
3165 59200
3166 59407
3167 59725
3168 59153
3169 58857
3170 59299
3171 59661
3172 59083
3173 59397
3174 59455
3175 59035
3176 59599
3177 59466
3178 59511
3179 59765
3180 59617
3181 59835
3182 59613
3183 59663
3184 59968
3185 60459
3186 60131
3187 59861
3188 60161
3189 60336
3190 60235
3191 60622
3192 61057
3193 60679
3194 61054
3195 61429
3196 62064
3197 62302
3198 62405
3199 62824
3200 62874
3201 63075
3202 63090
3203 63065
3204 62546
3205 62714
3206 62088
3207 61735
3208 60886
3209 60391
3210 60753
3211 60142
3212 60444
3213 60619
3214 60113
3215 59808
3216 60096
3217 59871
3218 59619
3219 59687
3220 60015
3221 59242
3222 59646
3223 59624
3224 59697
3225 59478
3226 60133
3227 59783
3228 59748
3229 60065
3230 60467
3231 60601
3232 60356
3233 61078
3234 60977
3235 61322
3236 61518
3237 61992
3238 61699
3239 62480
3240 63183
3241 62931
3242 62971
3243 62851
3244 63049
3245 62684
3246 62063
3247 62212
3248 61887
3249 61680
3250 61552
3251 60928
3252 60638
3253 60851
3254 60192
3255 60300
3256 60392
3257 59676
3258 59778
3259 59854
3260 59548
3261 59775
3262 59258
3263 59450
3264 59395
3265 59288
3266 59581
3267 59471
3268 59402
3269 59492
3270 59325
3271 59248
3272 59386
3273 58975
3274 59374
3275 59570
3276 59225
3277 59437
3278 59275
3279 59298
3280 59190
3281 59389
3282 59463
3283 59599
3284 59633
3285 59850
3286 59802
3287 59908
3288 60140
3289 60204
3290 60571
3291 60954
3292 61010
3293 61209
3294 61138
3295 61778
3296 61899
3297 62319
3298 62616
3299 62791
3300 62406
3301 63075
3302 62923
3303 62918
3304 62909
3305 62311
3306 61560
3307 61629
3308 61307
3309 61179
3310 60722
3311 60508
3312 60627
3313 60012
3314 59915
3315 59729
3316 59804
3317 59728
3318 59596
3319 59716
3320 60103
3321 59477
3322 59877
3323 59955
3324 59980
3325 60564
3326 60014
3327 60255
3328 60102
3329 60392
3330 60321
3331 60458
3332 60825
3333 60818
3334 61254
3335 61467
3336 61355
3337 61982
3338 62022
3339 62746
3340 62685
3341 62535
3342 63173
3343 62924
3344 62773
3345 62819
3346 62086
3347 61942
3348 61384
3349 61318
3350 61229
3351 60932
3352 60647
3353 60502
3354 60416
3355 59968
3356 60175
3357 60216
3358 59804
3359 59854
3360 59429
3361 59846
3362 59198
3363 59274
3364 59330
3365 59519
3366 59302
3367 59214
3368 59220
3369 59459
3370 59387
3371 59267
3372 59080
3373 59219
3374 59307
3375 59201
3376 59203
3377 59859
3378 59611
3379 59595
3380 59453
3381 59485
3382 59348
3383 59325
3384 59922
3385 59783
3386 59854
3387 59988
3388 60397
3389 60131
3390 60345
3391 60523
3392 61265
3393 60825
3394 61627
3395 61720
3396 61698
3397 62310
3398 62530
3399 62843
3400 62139
3401 62977
3402 63384
3403 62709
3404 62442
3405 62004
3406 62108
3407 61671
3408 61299
3409 61448
3410 60203
3411 60402
3412 60017
3413 60162
3414 60343
3415 59975
3416 59920
3417 59873
3418 59736
3419 59379
3420 59402
3421 59695
3422 59906
3423 59757
3424 59711
3425 59828
3426 59398
3427 60083
3428 60393
3429 59896
3430 60272
3431 60064
3432 60273
3433 60749
3434 61019
3435 61125
3436 61530
3437 61882
3438 61746
3439 62379
3440 62732
3441 63101
3442 62869
3443 62711
3444 62574
3445 62464
3446 61960
3447 61736
3448 61750
3449 61217
3450 60798
3451 60816
3452 60227
3453 60566
3454 59983
3455 59844
3456 59798
3457 59837
3458 59435
3459 59788
3460 59601
3461 59243
3462 59358
3463 59383
3464 59402
3465 58871
3466 59151
3467 59260
3468 58778
3469 59282
3470 59297
3471 59373
3472 59195
3473 59002
3474 59526
3475 59303
3476 59493
3477 59283
3478 59302
3479 59269
3480 59272
3481 58995
3482 59680
3483 59209
3484 59474
3485 59560
3486 59753
3487 59451
3488 60017
3489 60212
3490 60557
3491 60376
3492 60590
3493 60868
3494 60887
3495 61136
3496 61916
3497 61843
3498 62234
3499 62181
3500 63276
3501 62854
3502 62885
3503 62482
3504 62237
3505 61770
3506 61156
3507 61566
3508 61147
3509 60535
3510 60591
3511 60407
3512 60220
3513 59602
3514 59931
3515 59092
3516 59824
3517 60017
3518 59826
3519 59250
3520 59167
3521 59192
3522 59344
3523 59551
3524 59867
3525 59129
3526 59572
3527 59632
3528 59621
3529 59737
3530 60107
3531 60880
3532 60362
3533 60564
3534 60900
3535 61134
3536 61464
3537 61502
3538 61938
3539 62454
3540 62922
3541 62999
3542 63315
3543 62746
3544 62504
3545 62080
3546 62263
3547 61491
3548 61688
3549 61134
3550 60474
3551 60786
3552 60443
3553 60609
3554 60033
3555 59634
3556 59760
3557 60182
3558 59482
3559 59688
3560 59561
3561 59421
3562 59270
3563 59480
3564 59046
3565 58968
3566 59161
3567 59094
3568 59191
3569 59251
3570 58653
3571 59408
3572 59055
3573 59040
3574 58550
3575 58999
3576 59018
3577 59409
3578 59329
3579 58929
3580 59245
3581 59378
3582 59511
3583 59439
3584 60078
3585 59494
3586 59239
3587 59687
3588 59670
3589 60614
3590 60360
3591 60435
3592 60500
3593 60910
3594 61594
3595 61128
3596 62118
3597 62166
3598 62519
3599 62320
3600 62630
3601 63102
3602 63005
3603 62563
3604 62744
3605 62644
3606 61824
3607 61401
3608 61082
3609 60962
3610 60768
3611 60714
3612 59876
3613 59522
3614 59981
3615 59722
3616 59763
3617 59489
3618 59103
3619 59626
3620 59677
3621 59346
3622 59564
3623 59583
3624 59630
3625 59253
3626 59704
3627 59950
3628 59797
3629 60114
3630 60143
3631 60386
3632 60418
3633 60644
3634 60555
3635 60923
3636 60866
3637 61735
3638 62376
3639 62274
3640 62830
3641 62479
3642 62840
3643 62817
3644 63081
3645 62745
3646 62360
3647 61852
3648 61724
3649 61079
3650 60902
3651 60716
3652 60625
3653 60211
3654 60243
3655 59605
3656 59983
3657 59647
3658 59658
3659 59633
3660 59141
3661 59519
3662 59623
3663 59249
3664 59084
3665 59358
3666 58664
3667 59136
3668 59040
3669 59364
3670 58943
3671 58514
3672 58865
3673 59280
3674 59254
3675 59106
3676 59207
3677 59315
3678 59244
3679 59354
3680 59352
3681 59090
3682 58979
3683 59261
3684 59683
3685 59893
3686 59931
3687 59756
3688 59894
3689 59572
3690 60512
3691 60628
3692 60681
3693 60937
3694 61087
3695 61131
3696 61820
3697 62798
3698 62361
3699 62905
3700 62873
3701 63169
3702 62765
3703 62461
3704 62377
3705 61735
3706 61442
3707 61514
3708 61109
3709 60793
3710 60770
3711 60530
3712 60583
3713 60054
3714 60210
3715 60096
3716 59929
3717 59449
3718 59407
3719 59725
3720 59435
3721 59555
3722 59076
3723 59198
3724 59600
3725 59643
3726 59576
3727 60040
3728 59988
3729 59895
3730 60045
3731 60272
3732 60491
3733 60557
3734 60694
3735 61318
3736 61521
3737 61924
3738 62258
3739 62681
3740 62881
3741 62657
3742 62845
3743 62835
3744 62926
3745 62518
3746 62467
3747 61688
3748 61479
3749 61280
3750 61682
3751 60990
3752 60382
3753 60885
3754 59830
3755 60476
3756 59845
3757 59729
3758 60011
3759 59635
3760 59529
3761 59667
3762 59040
3763 59229
3764 59001
3765 59241
3766 59104
3767 59442
3768 59588
3769 59391
3770 59149
3771 59119
3772 59707
3773 59227
3774 59302
3775 59330
3776 59669
3777 59032
3778 59171
3779 59658
3780 59728
3781 59657
3782 59545
3783 59559
3784 59639
3785 60059
3786 59639
3787 59776
3788 60136
3789 60347
3790 60406
3791 60830
3792 61043
3793 61193
3794 61643
3795 61970
3796 62283
3797 62539
3798 62665
3799 63067
3800 63025
3801 63907
3802 62981
3803 63199
3804 62493
3805 62539
3806 62002
3807 61774
3808 61294
3809 61011
3810 60882
3811 60792
3812 60216
3813 60694
3814 59965
3815 59978
3816 60124
3817 59809
3818 60179
3819 59888
3820 59625
3821 59554
3822 59996
3823 60031
3824 60249
3825 59905
3826 59758
3827 60109
3828 59946
3829 60022
3830 60322
3831 60830
3832 60625
3833 60560
3834 60956
3835 61523
3836 61607
3837 61812
3838 62237
3839 62608
3840 62470
3841 63352
3842 63324
3843 63067
3844 62997
3845 62287
3846 62581
3847 62630
3848 61582
3849 60961
3850 61133
3851 60763
3852 60425
3853 60655
3854 60433
3855 59903
3856 60118
3857 59689
3858 59949
3859 59947
3860 60044
3861 59540
3862 59544
3863 59502
3864 59337
3865 59465
3866 59255
3867 59258
3868 59391
3869 59574
3870 59465
3871 59611
3872 59101
3873 59263
3874 59243
3875 59451
3876 59278
3877 59670
3878 59389
3879 59622
3880 59479
3881 59544
3882 59918
3883 59522
3884 59280
3885 59899
3886 59893
3887 60000
3888 60426
3889 60272
3890 60564
3891 60713
3892 60922
3893 61446
3894 61649
3895 61644
3896 61773
3897 62849
3898 62715
3899 63455
3900 63353
3901 63265
3902 63042
3903 63064
3904 62597
3905 62480
3906 62319
3907 61849
3908 61392
3909 61413
3910 60741
3911 60804
3912 60940
3913 60459
3914 60119
3915 60148
3916 60002
3917 60004
3918 59725
3919 59923
3920 59409
3921 59922
3922 60072
3923 59674
3924 59771
3925 59722
3926 60540
3927 60340
3928 59905
3929 60537
3930 60575
3931 60114
3932 60790
3933 61139
3934 61087
3935 61697
3936 61779
3937 62784
3938 62413
3939 63141
3940 62925
3941 62705
3942 63684
3943 63498
3944 63157
3945 63215
3946 62955
3947 62257
3948 62182
3949 61877
3950 61709
3951 61318
3952 60847
3953 60431
3954 60508
3955 60392
3956 60033
3957 59997
3958 60435
3959 59921
3960 59687
3961 59720
3962 59387
3963 59556
3964 59543
3965 59212
3966 59554
3967 59647
3968 59146
3969 59322
3970 59538
3971 59289
3972 59109
3973 58951
3974 59382
3975 59629
3976 59646
3977 59739
3978 59162
3979 59491
3980 59553
3981 59481
3982 59971
3983 60147
3984 59765
3985 59916
3986 60373
3987 60421
3988 60199
3989 60747
3990 60740
3991 60777
3992 60860
3993 61552
3994 61800
3995 62108
3996 62203
3997 62913
3998 62892
3999 63427
4000 63521
4001 63348
4002 63519
4003 62932
4004 62835
4005 62832
4006 62346
4007 61635
4008 61509
4009 61546
4010 61510
4011 60613
4012 60284
4013 59848
4014 60118
4015 60028
4016 60067
4017 59968
4018 59982
4019 59703
4020 59723
4021 59744
4022 59950
4023 60146
4024 59919
4025 60139
4026 59595
4027 60064
4028 60333
4029 60116
4030 60770
4031 60281
4032 60744
4033 61354
4034 61500
4035 62042
4036 62172
4037 62170
4038 62706
4039 62922
4040 63227
4041 63553
4042 63338
4043 62997
4044 63522
4045 62955
4046 62765
4047 62505
4048 62038
4049 61720
4050 61282
4051 61234
4052 60815
4053 60793
4054 60173
4055 60260
4056 60042
4057 60436
4058 60181
4059 60280
4060 59494
4061 59831
4062 59873
4063 59386
4064 59467
4065 59576
4066 59473
4067 59676
4068 59469
4069 59359
4070 59089
4071 59239
4072 59535
4073 59009
4074 59266
4075 59833
4076 59498
4077 59045
4078 59647
4079 59347
4080 59749
4081 59551
4082 59577
4083 59910
4084 60245
4085 60057
4086 60470
4087 59920
4088 60024
4089 60046
4090 60937
4091 60827
4092 61425
4093 61519
4094 61476
4095 62089
4096 62514
4097 62891
4098 63057
4099 63199
4100 63036
4101 63506
4102 63353
4103 63774
4104 63477
4105 62713
4106 62015
4107 61884
4108 61747
4109 61404
4110 61276
4111 61042
4112 60450
4113 60465
4114 60412
4115 59748
4116 60299
4117 60279
4118 59849
4119 59802
4120 60085
4121 59907
4122 59840
4123 59963
4124 60067
4125 60010
4126 60467
4127 60695
4128 60184
4129 60139
4130 60456
4131 61090
4132 60618
4133 61240
4134 61631
4135 61623
4136 62332
4137 62099
4138 62962
4139 63479
4140 63529
4141 63400
4142 63781
4143 63496
4144 63444
4145 63180
4146 62916
4147 62492
4148 62036
4149 61873
4150 61739
4151 61230
4152 60757
4153 60680
4154 60608
4155 60726
4156 60589
4157 60021
4158 59874
4159 60085
4160 59912
4161 59741
4162 59798
4163 60124
4164 59761
4165 59755
4166 59545
4167 59637
4168 59635
4169 59364
4170 59732
4171 59115
4172 59620
4173 59456
4174 59659
4175 59233
4176 59749
4177 59705
4178 59868
4179 59674
4180 59357
4181 59454
4182 60278
4183 60104
4184 60108
4185 60426
4186 59812
4187 60454
4188 60602
4189 60593
4190 60976
4191 60963
4192 61300
4193 61270
4194 61671
4195 62088
4196 62643
4197 62442
4198 62710
4199 63368
4200 63513
4201 63416
4202 63233
4203 63543
4204 62634
4205 62923
4206 62669
4207 62166
4208 61597
4209 61033
4210 61042
4211 61012
4212 60502
4213 60066
4214 60596
4215 60201
4216 60284
4217 60008
4218 60303
4219 60053
4220 59874
4221 60112
4222 59473
4223 59541
4224 59915
4225 59796
4226 60206
4227 60076
4228 59969
4229 60761
4230 60190
4231 60602
4232 60742
4233 60992
4234 61440
4235 61452
4236 61747
4237 62621
4238 63225
4239 62622
4240 63433
4241 63357
4242 63544
4243 63237
4244 63573
4245 62657
4246 62900
4247 62436
4248 61816
4249 61716
4250 61333
4251 61318
4252 61078
4253 60668
4254 60943
4255 60393
4256 60325
4257 59946
4258 60085
4259 59913
4260 59311
4261 59683
4262 59664
4263 59778
4264 59778
4265 59672
4266 59697
4267 59413
4268 59600
4269 59131
4270 59317
4271 59281
4272 59400
4273 58800
4274 59552
4275 59434
4276 59450
4277 59439
4278 59445
4279 59611
4280 59142
4281 60099
4282 59510
4283 59640
4284 59713
4285 59964
4286 60126
4287 59953
4288 60150
4289 60655
4290 60599
4291 60969
4292 60988
4293 61369
4294 61639
4295 62132
4296 62235
4297 62852
4298 62772
4299 63313
4300 63263
4301 63328
4302 63163
4303 63422
4304 63116
4305 62604
4306 62480
4307 61752
4308 61450
4309 61169
4310 60892
4311 61090
4312 60592
4313 60358
4314 60751
4315 60181
4316 60080
4317 60175
4318 59990
4319 59964
4320 60005
4321 59669
4322 59847
4323 59631
4324 60140
4325 60213
4326 59932
4327 60280
4328 60545
4329 60248
4330 60678
4331 60870
4332 60888
4333 61186
4334 60967
4335 61849
4336 62133
4337 62451
4338 62646
4339 62703
4340 63177
4341 63369
4342 63721
4343 63770
4344 63569
4345 63345
4346 62699
4347 61764
4348 62049
4349 61691
4350 61344
4351 61134
4352 61034
4353 60624
4354 60448
4355 60493
4356 60134
4357 60135
4358 59819
4359 59598
4360 59840
4361 59531
4362 59768
4363 59692
4364 59605
4365 59828
4366 59259
4367 59586
4368 59454
4369 59417
4370 60082
4371 59351
4372 59250
4373 59202
4374 59060
4375 59293
4376 59666
4377 59726
4378 59413
4379 58952
4380 59653
4381 59771
4382 59818
4383 60048
4384 59830
4385 60032
4386 60055
4387 60138
4388 60297
4389 60398
4390 60419
4391 60571
4392 61026
4393 61391
4394 61834
4395 62217
4396 61970
4397 62665
4398 62859
4399 63024
4400 63133
4401 63272
4402 63383
4403 63017
4404 63156
4405 62664
4406 62672
4407 62200
4408 61654
4409 61533
4410 61127
4411 60853
4412 60651
4413 60639
4414 60041
4415 60260
4416 60430
4417 60183
4418 59730
4419 59801
4420 59741
4421 59438
4422 59754
4423 59913
4424 59822
4425 59581
4426 59998
4427 59717
4428 59974
4429 60237
4430 60465
4431 60693
4432 60928
4433 60846
4434 60883
4435 61606
4436 62158
4437 62257
4438 62508
4439 62950
4440 63450
4441 63852
4442 63177
4443 63483
4444 63505
4445 63043
4446 62494
4447 62713
4448 62162
4449 61636
4450 61006
4451 60835
4452 60486
4453 60419
4454 60415
4455 60113
4456 60201
4457 59715
4458 59887
4459 60027
4460 59826
4461 59832
4462 59674
4463 59537
4464 59168
4465 59401
4466 59626
4467 59376
4468 59353
4469 59475
4470 59434
4471 59517
4472 59268
4473 59201
4474 59643
4475 59409
4476 59648
4477 60078
4478 59528
4479 59246
4480 59529
4481 59790
4482 59989
4483 59733
4484 59434
4485 59970
4486 60106
4487 60070
4488 60690
4489 60756
4490 60487
4491 60742
4492 61052
4493 61115
4494 61387
4495 62099
4496 62259
4497 62535
4498 62952
4499 63197
4500 63124
4501 63740
4502 63428
4503 63372
4504 63341
4505 63149
4506 62350
4507 61931
4508 61451
4509 61011
4510 60760
4511 60910
4512 60356
4513 60155
4514 60039
4515 60112
4516 60367
4517 60244
4518 60385
4519 59554
4520 59859
4521 59516
4522 59764
4523 59717
4524 59834
4525 60004
4526 60325
4527 60181
4528 60088
4529 60231
4530 60187
4531 60649
4532 60920
4533 61138
4534 61333
4535 61562
4536 61816
4537 62264
4538 62736
4539 63536
4540 62971
4541 63174
4542 62810
4543 63327
4544 63149
4545 62929
4546 62508
4547 62248
4548 62090
4549 61791
4550 61294
4551 61113
4552 60919
4553 60569
4554 60433
4555 59964
4556 60128
4557 60016
4558 59818
4559 59852
4560 59780
4561 59631
4562 59632
4563 59575
4564 59770
4565 59588
4566 59274
4567 59616
4568 58954
4569 59390
4570 59239
4571 59026
4572 59748
4573 59357
4574 59454
4575 59624
4576 59312
4577 59286
4578 59542
4579 59446
4580 59715
4581 59757
4582 59657
4583 59375
4584 59497
4585 59361
4586 60141
4587 60256
4588 60102
4589 60389
4590 60857
4591 60998
4592 61147
4593 61193
4594 61361
4595 61940
4596 62193
4597 62183
4598 62660
4599 63271
4600 62929
4601 63282
4602 63339
4603 63145
4604 63518
4605 62789
4606 62342
4607 62148
4608 61409
4609 61097
4610 61505
4611 60667
4612 60593
4613 60264
4614 60530
4615 59827
4616 59789
4617 60519
4618 59826
4619 59542
4620 59817
4621 60039
4622 59795
4623 59837
4624 60016
4625 60426
4626 60176
4627 60293
4628 60391
4629 60569
4630 60711
4631 60831
4632 60936
4633 60967
4634 61323
4635 61924
4636 62034
4637 62212
4638 62951
4639 63323
4640 63647
4641 63168
4642 63658
4643 63462
4644 63126
4645 62511
4646 62647
4647 62642
4648 61970
4649 61497
4650 61541
4651 60754
4652 60784
4653 60629
4654 60478
4655 60129
4656 60174
4657 60036
4658 60060
4659 59979
4660 59600
4661 59749
4662 59601
4663 59677
4664 59774
4665 59323
4666 59253
4667 59623
4668 59299
4669 59265
4670 59473
4671 59027
4672 59624
4673 59339
4674 59226
4675 59510
4676 59304
4677 59193
4678 59582
4679 59696
4680 59753
4681 59499
4682 59732
4683 59745
4684 59919
4685 60015
4686 59937
4687 59903
4688 60046
4689 60595
4690 60758
4691 61002
4692 60677
4693 61666
4694 61719
4695 61810
4696 62196
4697 62574
4698 62942
4699 63000
4700 63311
4701 63287
4702 63412
4703 63160
4704 63307
4705 62422
4706 62558
4707 61882
4708 61503
4709 61212
4710 60731
4711 60555
4712 60666
4713 60451
4714 60349
4715 60125
4716 60309
4717 59910
4718 59787
4719 59670
4720 59281
4721 59735
4722 60029
4723 59204
4724 60022
4725 60008
4726 59572
4727 59848
4728 59788
4729 60207
4730 60346
4731 60508
4732 60946
4733 61212
4734 61397
4735 62034
4736 62138
4737 62196
4738 62415
4739 62935
4740 63130
4741 63129
4742 63126
4743 63023
4744 63105
4745 62920
4746 62517
4747 62091
4748 61886
4749 61601
4750 61338
4751 60937
4752 60801
4753 60549
4754 60444
4755 60476
4756 60096
4757 59930
4758 59919
4759 59753
4760 59309
4761 59556
4762 59782
4763 59593
4764 59331
4765 59493
4766 59529
4767 59341
4768 59220
4769 59571
4770 59318
4771 59445
4772 59738
4773 59625
4774 59726
4775 59678
4776 59509
4777 59508
4778 59225
4779 59680
4780 59430
4781 59347
4782 59632
4783 59913
4784 59807
4785 60023
4786 59952
4787 60200
4788 60136
4789 60259
4790 60320
4791 60546
4792 61140
4793 61064
4794 61396
4795 62127
4796 61793
4797 62479
4798 62808
4799 63050
4800 63435
4801 63833
4802 63387
4803 63074
4804 62996
4805 62528
4806 62321
4807 61967
4808 61890
4809 61188
4810 61196
4811 60699
4812 60617
4813 60626
4814 60501
4815 60446
4816 60163
4817 59976
4818 60031
4819 59698
4820 59926
4821 59592
4822 59629
4823 59959
4824 59791
4825 60071
4826 60146
4827 60312
4828 59835
4829 60283
4830 60205
4831 60620
4832 60838
4833 60858
4834 61561
4835 62022
4836 61719
4837 62094
4838 62631
4839 62857
4840 63061
4841 63256
4842 63486
4843 63468
4844 63110
4845 63030
4846 62476
4847 61949
4848 61679
4849 61341
4850 61148
4851 60807
4852 60518
4853 60715
4854 60925
4855 60433
4856 59884
4857 60176
4858 59671
4859 59963
4860 59842
4861 59697
4862 59771
4863 59563
4864 59392
4865 59408
4866 59492
4867 59312
4868 59330
4869 59073
4870 59341
4871 58905
4872 59169
4873 59314
4874 59372
4875 59098
4876 59416
4877 59972
4878 59210
4879 59426
4880 59740
4881 59654
4882 59398
4883 59865
4884 59660
4885 59976
4886 60194
4887 60095
4888 60296
4889 60465
4890 60296
4891 60339
4892 60923
4893 61164
4894 61390
4895 62118
4896 61956
4897 62364
4898 62840
4899 62991
4900 63077
4901 63239
4902 63335
4903 63019
4904 62447
4905 62668
4906 62154
4907 62058
4908 61345
4909 61289
4910 60732
4911 60520
4912 60389
4913 60364
4914 60281
4915 59747
4916 60180
4917 59973
4918 59925
4919 60037
4920 59450
4921 59679
4922 59847
4923 59653
4924 59965
4925 59775
4926 59802
4927 59831
4928 60304
4929 59780
4930 60135
4931 60302
4932 60056
4933 60919
4934 60800
4935 62127
4936 61838
4937 62381
4938 62402
4939 62724
4940 63007
4941 62962
4942 63336
4943 62946
4944 63122
4945 62445
4946 62443
4947 62109
4948 61709
4949 61338
4950 61085
4951 60876
4952 60565
4953 60572
4954 60325
4955 60217
4956 60054
4957 59923
4958 59448
4959 59616
4960 59636
4961 59369
4962 59427
4963 59621
4964 59605
4965 59042
4966 59478
4967 59458
4968 59588
4969 59371
4970 59282
4971 59279
4972 59280
4973 59455
4974 58893
4975 59467
4976 59396
4977 59594
4978 59084
4979 59528
4980 59783
4981 59422
4982 59456
4983 59770
4984 59643
4985 60068
4986 60075
4987 59820
4988 60058
4989 60288
4990 60562
4991 60700
4992 60820
4993 61254
4994 61357
4995 62008
4996 61873
4997 62315
4998 62570
4999 62773
5000 63028
5001 62981
5002 62975
5003 62940
5004 62681
5005 62323
5006 62504
5007 61883
5008 61419
5009 60997
5010 60662
5011 61056
5012 60521
5013 60622
5014 60576
5015 59986
5016 60126
5017 60183
5018 59923
5019 59868
5020 59503
5021 59697
5022 60090
5023 59827
5024 59717
5025 59883
5026 60165
5027 60279
5028 60238
5029 60330
5030 60040
5031 60438
5032 60947
5033 61208
5034 61258
5035 61232
5036 61825
5037 62210
5038 62423
5039 62475
5040 63377
5041 63211
5042 63416
5043 63005
5044 63126
5045 62789
5046 62679
5047 61924
5048 61701
5049 62016
5050 60963
5051 61157
5052 60705
5053 61153
5054 60635
5055 60419
5056 59850
5057 60091
5058 60204
5059 59666
5060 59806
5061 59593
5062 59503
5063 59625
5064 59747
5065 59551
5066 59249
5067 59687
5068 59481
5069 59346
5070 59407
5071 59073
5072 59210
5073 59001
5074 59303
5075 59071
5076 59401
5077 59442
5078 59593
5079 59440
5080 59450
5081 60006
5082 59763
5083 59695
5084 59983
5085 59677
5086 60166
5087 60084
5088 60015
5089 60144
5090 60660
5091 60472
5092 60892
5093 61003
5094 61166
5095 61938
5096 62117
5097 62531
5098 62389
5099 63162
5100 63112
5101 63329
5102 63364
5103 62904
5104 62741
5105 62555
5106 62141
5107 61851
5108 61764
5109 61338
5110 60735
5111 60658
5112 60277
5113 60473
5114 60369
5115 60299
5116 60108
5117 59765
5118 59485
5119 59837
5120 59800
5121 60126
5122 60252
5123 59642
5124 59919
5125 59969
5126 60021
5127 60217
5128 59976
5129 60187
5130 60346
5131 60557
5132 60287
5133 61214
5134 61444
5135 61447
5136 62192
5137 62084
5138 63054
5139 62762
5140 63319
5141 63052
5142 63386
5143 63168
5144 63114
5145 62910
5146 62275
5147 62119
5148 61591
5149 61199
5150 61282
5151 60791
5152 60461
5153 60643
5154 60205
5155 60382
5156 60328
5157 60154
5158 59561
5159 59799
5160 59667
5161 59364
5162 59660
5163 59283
5164 59829
5165 59653
5166 59122
5167 59217
5168 59532
5169 59452
5170 59680
5171 59198
5172 58931
5173 59622
5174 59370
5175 59248
5176 59387
5177 59336
5178 59580
5179 59698
5180 59424
5181 59443
5182 59638
5183 60130
5184 59754
5185 60160
5186 60214
5187 60647
5188 60089
5189 60257
5190 60311
5191 60730
5192 60983
5193 61018
5194 61623
5195 61948
5196 62347
5197 62744
5198 62828
5199 63215
5200 63034
5201 63258
5202 63498
5203 63391
5204 63352
5205 62506
5206 62484
5207 61906
5208 61651
5209 61116
5210 60977
5211 60806
5212 60866
5213 60253
5214 60187
5215 60237
5216 60228
5217 59933
5218 59943
5219 59710
5220 59583
5221 59800
5222 59529
5223 59928
5224 59783
5225 60023
5226 59620
5227 59865
5228 60619
5229 60181
5230 60524
5231 60887
5232 60534
5233 60658
5234 61398
5235 61724
5236 62088
5237 62530
5238 62239
5239 63384
5240 63755
5241 63289
5242 63313
5243 63700
5244 62996
5245 62825
5246 62812
5247 62183
5248 62302
5249 61716
5250 61462
5251 61227
5252 60818
5253 60754
5254 60724
5255 60398
5256 60583
5257 60269
5258 59921
5259 60191
5260 60042
5261 59883
5262 59913
5263 60020
5264 59260
5265 59917
5266 59320
5267 59193
5268 59557
5269 58889
5270 59322
5271 59361
5272 59037
5273 59236
5274 59283
5275 59227
5276 59626
5277 59568
5278 59306
5279 59436
5280 59741
5281 59593
5282 59986
5283 59556
5284 59477
5285 60287
5286 60269
5287 60089
5288 60319
5289 60503
5290 60459
5291 60834
5292 61441
5293 61530
5294 61740
5295 61513
5296 62401
5297 62650
5298 62881
5299 63142
5300 64085
5301 63584
5302 63723
5303 63863
5304 63155
5305 63169
5306 62647
5307 62410
5308 61543
5309 61400
5310 61233
5311 60929
5312 61157
5313 60809
5314 60236
5315 60720
5316 60087
5317 60373
5318 59795
5319 60194
5320 60101
5321 59758
5322 59526
5323 59987
5324 60126
5325 59928
5326 60372
5327 60294
5328 60218
5329 60668
5330 60528
5331 61005
5332 61135
5333 60952
5334 61809
5335 61708
5336 62151
5337 62736
5338 62856
5339 62672
5340 63285
5341 63346
5342 63575
5343 63424
5344 62906
5345 62730
5346 62663
5347 62177
5348 61679
5349 61674
5350 61390
5351 61040
5352 61366
5353 60663
5354 60793
5355 60500
5356 60495
5357 60430
5358 60030
5359 60400
5360 60187
5361 59891
5362 60173
5363 59806
5364 60046
5365 59801
5366 59796
5367 59678
5368 59803
5369 59904
5370 60056
5371 59789
5372 59682
5373 59649
5374 59393
5375 59538
5376 59434
5377 59862
5378 59688
5379 59445
5380 59372
5381 59977
5382 59635
5383 60032
5384 59732
5385 59852
5386 60215
5387 60468
5388 60510
5389 60368
5390 60826
5391 60471
5392 60789
5393 61408
5394 61532
5395 61833
5396 62291
5397 62185
5398 62597
5399 62768
5400 63022
5401 63723
5402 63645
5403 63250
5404 63431
5405 62783
5406 62603
5407 62356
5408 62108
5409 61719
5410 61265
5411 61329
5412 60936
5413 60479
5414 60438
5415 60631
5416 60578
5417 60099
5418 59555
5419 59873
5420 59665
5421 59907
5422 59818
5423 59887
5424 59928
5425 60249
5426 59873
5427 60323
5428 60214
5429 60937
5430 60563
5431 60857
5432 60991
5433 61124
5434 61688
5435 61706
5436 62171
5437 62656
5438 63087
5439 63381
5440 63623
5441 63842
5442 64238
5443 63573
5444 63331
5445 63045
5446 62365
5447 62794
5448 62047
5449 61755
5450 61465
5451 61639
5452 61400
5453 60630
5454 60514
5455 60318
5456 60314
5457 60741
5458 60421
5459 60023
5460 59814
5461 59880
5462 59807
5463 59265
5464 59610
5465 59519
5466 59424
5467 59324
5468 59271
5469 59494
5470 59583
5471 59657
5472 59620
5473 59413
5474 59507
5475 59893
5476 59671
5477 59646
5478 59841
5479 59686
5480 59724
5481 59965
5482 60273
5483 60295
5484 60204
5485 60662
5486 60569
5487 60373
5488 60640
5489 61100
5490 61189
5491 61348
5492 61429
5493 61661
5494 62254
5495 62410
5496 62839
5497 63392
5498 63515
5499 64045
5500 64425
5501 64517
5502 64328
5503 64218
5504 63762
5505 64082
5506 63492
5507 62842
5508 62639
5509 62380
5510 61708
5511 61700
5512 61065
5513 61017
5514 61011
5515 60496
5516 60773
5517 60904
5518 60880
5519 60287
5520 60808
5521 60667
5522 60925
5523 60763
5524 60662
5525 60801
5526 61030
5527 60717
5528 60601
5529 61006
5530 61322
5531 61461
5532 62262
5533 62277
5534 62311
5535 62851
5536 63389
5537 63859
5538 64428
5539 64266
5540 64367
5541 64511
5542 64379
5543 64329
5544 64067
5545 64178
5546 64267
5547 63420
5548 63303
5549 62501
5550 62830
5551 61935
5552 62014
5553 61651
5554 61501
5555 61200
5556 61077
5557 61332
5558 60879
5559 61073
5560 60902
5561 60594
5562 60675
5563 60793
5564 60178
5565 60219
5566 60343
5567 60508
5568 60125
5569 60709
5570 60456
5571 59952
5572 60231
5573 60895
5574 60774
5575 60397
5576 60313
5577 60091
5578 60509
5579 60203
5580 60268
5581 60751
5582 60916
5583 60825
5584 61238
5585 60583
5586 61279
5587 60745
5588 60616
5589 61529
5590 61747
5591 62085
5592 62058
5593 62392
5594 62241
5595 62501
5596 63347
5597 63556
5598 63867
5599 64539
5600 64914
5601 64909
5602 65200
5603 65375
5604 64462
5605 64286
5606 63539
5607 63563
5608 62966
5609 62230
5610 62238
5611 61677
5612 61599
5613 61519
5614 60958
5615 61457
5616 61237
5617 60877
5618 61215
5619 60981
5620 61045
5621 60790
5622 60953
5623 60887
5624 60602
5625 60776
5626 60973
5627 60918
5628 61409
5629 61519
5630 61502
5631 61914
5632 61910
5633 62415
5634 62572
5635 62995
5636 63660
5637 64123
5638 64111
5639 64414
5640 64974
5641 65106
5642 64596
5643 64895
5644 64318
5645 64364
5646 63850
5647 63696
5648 63330
5649 63204
5650 62332
5651 62054
5652 62091
5653 61854
5654 61454
5655 61788
5656 61546
5657 61556
5658 60545
5659 60796
5660 60664
5661 60643
5662 60711
5663 60953
5664 60740
5665 60942
5666 60173
5667 60673
5668 60354
5669 60778
5670 60556
5671 60244
5672 60284
5673 60130
5674 60611
5675 60489
5676 60060
5677 60418
5678 60876
5679 60569
5680 61275
5681 60836
5682 61235
5683 60733
5684 60840
5685 61353
5686 61370
5687 61114
5688 61392
5689 61600
5690 61776
5691 62347
5692 61961
5693 62584
5694 62890
5695 63016
5696 63403
5697 63924
5698 64531
5699 64556
5700 64997
5701 65160
5702 64528
5703 64874
5704 65283
5705 64136
5706 63763
5707 63632
5708 63022
5709 62842
5710 62568
5711 62202
5712 62228
5713 61740
5714 61612
5715 61366
5716 61438
5717 60981
5718 60765
5719 61160
5720 61273
5721 60731
5722 60682
5723 60871
5724 60801
5725 61316
5726 61207
5727 61235
5728 61559
5729 61438
5730 61645
5731 62376
5732 62186
5733 62087
5734 62684
5735 62730
5736 63546
5737 63627
5738 64465
5739 64331
5740 65019
5741 65037
5742 65356
5743 65101
5744 64666
5745 64084
5746 63988
5747 63802
5748 63221
5749 62937
5750 62394
5751 62162
5752 61737
5753 61544
5754 61612
5755 61895
5756 61937
5757 61214
5758 60885
5759 61265
5760 60283
5761 60820
5762 60818
5763 60859
5764 60684
5765 60919
5766 60436
5767 60545
5768 60473
5769 60388
5770 60182
5771 60486
5772 60677
5773 60510
5774 60232
5775 60352
5776 60650
5777 60849
5778 61128
5779 60543
5780 60477
5781 60783
5782 60643
5783 61013
5784 60882
5785 61169
5786 60967
5787 61375
5788 61362
5789 61915
5790 62306
5791 61767
5792 62218
5793 62952
5794 62627
5795 63175
5796 63495
5797 63827
5798 64348
5799 64509
5800 64730
5801 64724
5802 65175
5803 65202
5804 65151
5805 64322
5806 63876
5807 63368
5808 63126
5809 62571
5810 62213
5811 62158
5812 61995
5813 62056
5814 61257
5815 61224
5816 61331
5817 60915
5818 60655
5819 60706
5820 60791
5821 60911
5822 61040
5823 60875
5824 61017
5825 60824
5826 61366
5827 61278
5828 61362
5829 61768
5830 61570
5831 61841
5832 62259
5833 62468
5834 63321
5835 63428
5836 63907
5837 64163
5838 63944
5839 64745
5840 65088
5841 65022
5842 65624
5843 65230
5844 65087
5845 64259
5846 64411
5847 63973
5848 63618
5849 63184
5850 62853
5851 62457
5852 62114
5853 62116
5854 61598
5855 61605
5856 61477
5857 61463
5858 61422
5859 61835
5860 60989
5861 61050
5862 60875
5863 60867
5864 60862
5865 60504
5866 60484
5867 60778
5868 60696
5869 60786
5870 60350
5871 60633
5872 60590
5873 60560
5874 60833
5875 60695
5876 61044
5877 61220
5878 61216
5879 60989
5880 61024
5881 61494
5882 61078
5883 61331
5884 61182
5885 61350
5886 61412
5887 61363
5888 61938
5889 61963
5890 62286
5891 62125
5892 62239
5893 62886
5894 63260
5895 63475
5896 64086
5897 63911
5898 64609
5899 65140
5900 65632
5901 65460
5902 65660
5903 65840
5904 65009
5905 65030
5906 63973
5907 63695
5908 63719
5909 63284
5910 63138
5911 62084
5912 61936
5913 61947
5914 61822
5915 61702
5916 61514
5917 61063
5918 61372
5919 61361
5920 60778
5921 61095
5922 60861
5923 60909
5924 61460
5925 61441
5926 61228
5927 61696
5928 61842
5929 61752
5930 62404
5931 62541
5932 63038
5933 62868
5934 62840
5935 63628
5936 64452
5937 64537
5938 64592
5939 65432
5940 65837
5941 65610
5942 65243
5943 65299
5944 65361
5945 65401
5946 64898
5947 64460
5948 64409
5949 63280
5950 62997
5951 63079
5952 62953
5953 62241
5954 62155
5955 62307
5956 62247
5957 62104
5958 61645
5959 61415
5960 61512
5961 61386
5962 61116
5963 61224
5964 61241
5965 61090
5966 61275
5967 61162
5968 60962
5969 60984
5970 60926
5971 60852
5972 60876
5973 60521
5974 61270
5975 61287
5976 61413
5977 61430
5978 60956
5979 60980
5980 61328
5981 61252
5982 61152
5983 61142
5984 61207
5985 61928
5986 61666
5987 61714
5988 61924
5989 62147
5990 62186
5991 62435
5992 62827
5993 63127
5994 63318
5995 63346
5996 64275
5997 64658
5998 65239
5999 64681
6000 65395
6001 65675
6002 65930
6003 65839
6004 65705
6005 64983
6006 64457
6007 64167
6008 63927
6009 63385
6010 63385
6011 62414
6012 63015
6013 62582
6014 62150
6015 62355
6016 62092
6017 61723
6018 61591
6019 61666
6020 61407
6021 61538
6022 61544
6023 61420
6024 61383
6025 61579
6026 61745
6027 61883
6028 62140
6029 62222
6030 62109
6031 62852
6032 62423
6033 63232
6034 63632
6035 63697
6036 64559
6037 64322
6038 65307
6039 65416
6040 65485
6041 65831
6042 65955
6043 65521
6044 65159
6045 65290
6046 64724
6047 64507
6048 63991
6049 63923
6050 63597
6051 63537
6052 62835
6053 62757
6054 62545
6055 61975
6056 62009
6057 61977
6058 62268
6059 61884
6060 62058
6061 61561
6062 61232
6063 61566
6064 61907
6065 61649
6066 61328
6067 61313
6068 61058
6069 61417
6070 61404
6071 61407
6072 61513
6073 61239
6074 61073
6075 61560
6076 61517
6077 61620
6078 61342
6079 61414
6080 61507
6081 61819
6082 61397
6083 61682
6084 62209
6085 62067
6086 62671
6087 62186
6088 62307
6089 62887
6090 63032
6091 63076
6092 63442
6093 63609
6094 63891
6095 64127
6096 64777
6097 65151
6098 65390
6099 65771
6100 66068
6101 66488
6102 66619
6103 66698
6104 65718
6105 65654
6106 65378
6107 65287
6108 64590
6109 63737
6110 63522
6111 63592
6112 63356
6113 62678
6114 62422
6115 62438
6116 62465
6117 61985
6118 62362
6119 62160
6120 61646
6121 62478
6122 62506
6123 62708
6124 62528
6125 62564
6126 61933
6127 62298
6128 62665
6129 62787
6130 62771
6131 63156
6132 63852
6133 64059
6134 64143
6135 64522
6136 64634
6137 65723
6138 66201
6139 66015
6140 66522
6141 66312
6142 66664
6143 66484
6144 66218
6145 66432
6146 65768
6147 65210
6148 64797
6149 64219
6150 64222
6151 63967
6152 63551
6153 63487
6154 62640
6155 62676
6156 62772
6157 63116
6158 62510
6159 62122
6160 62093
6161 62362
6162 62035
6163 61974
6164 61695
6165 62176
6166 61820
6167 61889
6168 62104
6169 61633
6170 62114
6171 61734
6172 61603
6173 62435
6174 62010
6175 61906
6176 61828
6177 62354
6178 62217
6179 62286
6180 62220
6181 62456
6182 62324
6183 62229
6184 62491
6185 62544
6186 63067
6187 62997
6188 62615
6189 62793
6190 63640
6191 63315
6192 63669
6193 64006
6194 64564
6195 65166
6196 65271
6197 65759
6198 66171
6199 66146
6200 66597
6201 66670
6202 66725
6203 67281
6204 66598
6205 66328
6206 65942
6207 65313
6208 64876
6209 64618
