#These are the results from P_opt = [1e-3]
w0 = 1e-6
f_rf_r = 1e6
f_rf_a = f_rf_r/3

results_test_check = []
for Ni in range(2, 8):
    winners = run_optimal_mode_selection_tweezed_only_test(
        omega_tweezer,
        linewidths,
        omega_res,
        m,
        mode_calc_r,
        Ni,
        f_rf_r,
        f_rf_a,
        P_opt,
        w0,
        max_tweezed=1,
    )
    results_test_check.append((Ni, winners))

[(2, [((0, (0, 1), 0.09246723332247128, [0.004]), (0, 0))]),
 (3, [((0, (0, 2, 1), 0.08231057627777907, [0.004]), (2, 1))]),
 (4, [((1, (1, 3, 0, 2), -0.06746571179335598, [0.004]), (0, 1))]),
 (5, [((1, (1, 4, 0, 3, 2), -0.05980098066509359, [0.004]), (3, 3))]),
 (6, [((2, (2, 5, 0, 4, 1, 3), 0.050953590391116355, [0.004]), (0, 2))]),
 (7,
  [((0, (0, 5, 6, 1, 3, 2, 4), 0.04598095942867622, [0.004]), (1, 5)),
   ((0, (0, 5, 6, 1, 3, 4, 2), 0.04598095942867622, [0.004]), (1, 5))]),
 (8,
  [((2, (2, 0, 7, 5, 1, 6, 3, 4), -0.04213871147606621, [0.004]), (6, 3)),
   ((2, (2, 0, 7, 5, 6, 1, 3, 4), -0.04213871147606621, [0.004]), (6, 3)),
   ((2, (2, 7, 0, 5, 1, 6, 3, 4), -0.04213871147606621, [0.004]), (6, 3)),
   ((2, (2, 7, 0, 5, 6, 1, 3, 4), -0.04213871147606621, [0.004]), (6, 3))]),
 (9,
  [((0, (0, 7, 8, 6, 1, 5, 2, 3, 4), 0.039495295022577384, [0.004]), (5, 5)),
   ((0, (0, 7, 8, 6, 1, 5, 4, 2, 3), 0.039495295022577384, [0.004]), (5, 5))]),
 (10,
  [((4, (4, 0, 9, 7, 1, 3, 8, 2, 6, 5), 0.03591312794847569, [0.004]), (0, 4)),
   ((4, (4, 0, 9, 7, 1, 6, 8, 2, 3, 5), 0.03591312794847569, [0.004]), (0, 4)),
   ((4, (4, 0, 9, 7, 8, 3, 1, 2, 6, 5), 0.03591312794847569, [0.004]), (0, 4)),
   ((4, (4, 0, 9, 7, 8, 6, 1, 2, 3, 5), 0.03591312794847569, [0.004]), (0, 4)),
   ((4, (4, 8, 0, 9, 1, 3, 2, 7, 6, 5), 0.03591312794847569, [0.004]), (0, 4)),
   ((4, (4, 8, 0, 9, 1, 3, 7, 2, 6, 5), 0.03591312794847569, [0.004]), (0, 4)),
   ((4, (4, 8, 0, 9, 1, 6, 2, 7, 3, 5), 0.03591312794847569, [0.004]), (0, 4)),
   ((4, (4, 8, 0, 9, 1, 6, 7, 2, 3, 5), 0.03591312794847569, [0.004]), (0, 4)),
   ((4, (4, 8, 9, 0, 1, 3, 2, 7, 6, 5), 0.03591312794847569, [0.004]), (0, 4)),
   ((4, (4, 8, 9, 0, 1, 3, 7, 2, 6, 5), 0.03591312794847569, [0.004]), (0, 4)),
   ((4, (4, 8, 9, 0, 1, 6, 2, 7, 3, 5), 0.03591312794847569, [0.004]), (0, 4)),
   ((4, (4, 8, 9, 0, 1, 6, 7, 2, 3, 5), 0.03591312794847569, [0.004]), (0, 4)),
   ((4, (4, 9, 0, 7, 1, 3, 8, 2, 6, 5), 0.03591312794847569, [0.004]), (0, 4)),
   ((4, (4, 9, 0, 7, 1, 6, 8, 2, 3, 5), 0.03591312794847569, [0.004]), (0, 4)),
   ((4, (4, 9, 0, 7, 8, 3, 1, 2, 6, 5), 0.03591312794847569, [0.004]), (0, 4)),
   ((4, (4, 9, 0, 7, 8, 6, 1, 2, 3, 5), 0.03591312794847569, [0.004]),
    (0, 4))])]


